
======================================================
  SUMMARY [JAX (gpu) + MM3 + Optax Adam+cosine]
======================================================
  RMSD (cm⁻¹):       764.4 → 305.3
  Score:             567.536777 → 156.715470  (+72.4%)
  Function evals:    2001
  Wall time:         406.3s
  Scipy converged:   False
  Scipy message:     Max steps (2000) reached
======================================================



=============================================================
  FREQUENCY PROGRESSION [JAX (gpu) + MM3 + Optax Adam+cosine]
=============================================================
    Mode   QM ref |   QFUERZA | Optimized
  -----------------------------------------------------------
       1     50.2 |      51.1 |      52.6
       2     50.3 |      51.2 |      53.1
       3     50.8 |      55.3 |      55.1
       4     50.9 |      57.5 |      59.2
       5     51.3 |      58.1 |      60.7
       6     52.3 |      58.2 |      63.8
       7     52.3 |      60.4 |      65.1
       8     52.5 |      61.2 |      65.5
       9     53.6 |      61.4 |      67.6
      10     53.6 |      61.9 |      68.2
      11     55.8 |      62.2 |      68.8
      12     56.5 |      66.3 |      69.9
      13     58.2 |      66.7 |      71.9
      14     61.1 |      66.7 |      73.8
      15     61.9 |      66.8 |      74.6
      16     61.9 |      68.2 |      75.9
      17     62.0 |      68.5 |      76.0
      18     62.2 |      68.7 |      77.2
      19     62.3 |      68.7 |      78.1
      20     62.7 |      70.2 |      78.7
      21     63.4 |      71.3 |      82.0
      22     63.4 |      73.2 |      83.0
      23     63.4 |      75.2 |      83.5
      24     63.5 |      75.3 |      88.5
      25     64.1 |      76.9 |      89.7
      26     64.5 |      78.1 |      90.1
      27     64.5 |      78.6 |      90.2
      28     65.4 |      78.6 |      90.4
      29     65.7 |      79.0 |      92.1
      30     65.8 |      79.2 |      92.5
      31     65.9 |      79.8 |      92.5
      32     66.3 |      80.9 |      93.3
      33     66.3 |      80.9 |      94.4
      34     66.4 |      81.0 |      95.0
      35     66.5 |      81.7 |      95.8
      36     66.5 |      82.2 |      98.9
      37     66.6 |      83.1 |     104.5
      38     67.0 |      84.1 |     104.9
      39     67.2 |      85.7 |     107.3
      40     67.4 |      86.6 |     107.6
      41     67.6 |      87.3 |     110.7
      42     68.0 |      88.8 |     111.9
      43     68.1 |      89.0 |     112.2
      44     68.5 |      90.9 |     112.2
      45     68.7 |      92.6 |     112.3
      46     69.8 |      93.1 |     113.9
      47     69.8 |      93.2 |     114.2
      48     71.1 |      93.6 |     116.7
      49     75.3 |      93.9 |     117.5
      50     76.2 |      94.0 |     118.1
      51     78.3 |      94.4 |     119.5
      52     78.3 |      95.0 |     119.6
      53     79.0 |      95.3 |     119.9
      54     79.6 |      95.4 |     122.0
      55     79.8 |      95.9 |     122.2
      56     80.6 |      96.6 |     122.2
      57     80.7 |      96.7 |     122.5
      58     80.8 |      97.0 |     122.9
      59     80.8 |      98.0 |     125.4
      60     81.1 |      98.6 |     125.6
      61     81.1 |      98.9 |     125.9
      62     82.3 |     100.1 |     126.3
      63     83.1 |     100.1 |     127.9
      64     83.2 |     101.2 |     128.7
      65     83.5 |     101.6 |     129.3
      66     84.3 |     104.4 |     130.3
      67     84.4 |     105.7 |     132.0
      68     86.1 |     106.6 |     132.1
      69     86.4 |     109.2 |     133.8
      70     87.3 |     110.4 |     134.4
      71     87.7 |     110.6 |     134.4
      72     94.4 |     111.2 |     138.8
      73     94.6 |     111.7 |     139.5
      74     96.6 |     115.8 |     142.5
      75     97.9 |     116.1 |     142.5
      76     98.7 |     119.1 |     145.6
      77     99.7 |     120.6 |     146.1
      78    103.3 |     121.6 |     149.4
      79    104.5 |     121.6 |     150.7
      80    104.6 |     123.9 |     150.9
      81    106.1 |     124.2 |     152.3
      82    106.4 |     125.4 |     152.4
      83    108.3 |     128.8 |     155.5
      84    108.7 |     130.0 |     156.2
      85    108.9 |     132.6 |     156.7
      86    109.2 |     136.2 |     158.3
      87    109.9 |     137.7 |     160.6
      88    109.9 |     138.0 |     160.7
      89    110.0 |     139.6 |     161.4
      90    110.1 |     142.6 |     162.2
      91    110.1 |     143.4 |     164.0
      92    110.5 |     150.3 |     164.8
      93    110.7 |     151.1 |     165.0
      94    114.0 |     151.5 |     165.4
      95    115.1 |     151.6 |     167.6
      96    118.7 |     151.7 |     167.6
      97    119.0 |     152.0 |     167.6
      98    125.8 |     153.8 |     168.9
      99    126.5 |     155.8 |     170.5
     100    127.4 |     157.1 |     170.6
     101    128.2 |     157.2 |     170.7
     102    128.6 |     159.4 |     171.3
     103    130.1 |     164.0 |     173.1
     104    130.4 |     164.9 |     174.7
     105    130.4 |     166.7 |     174.7
     106    130.6 |     166.9 |     177.4
     107    130.8 |     167.2 |     177.7
     108    130.9 |     169.3 |     178.4
     109    131.3 |     172.7 |     179.0
     110    131.4 |     172.8 |     179.2
     111    131.7 |     173.9 |     179.7
     112    131.8 |     174.5 |     180.2
     113    131.8 |     175.0 |     182.0
     114    132.0 |     175.4 |     182.3
     115    132.1 |     175.8 |     184.6
     116    132.3 |     176.2 |     187.5
     117    132.5 |     176.4 |     189.1
     118    132.8 |     176.6 |     189.2
     119    133.5 |     177.7 |     189.7
     120    133.5 |     178.2 |     192.1
     121    134.0 |     179.9 |     195.1
     122    134.3 |     181.7 |     196.7
     123    134.6 |     182.8 |     196.8
     124    134.6 |     183.4 |     198.3
     125    135.0 |     183.9 |     198.8
     126    135.1 |     184.5 |     202.2
     127    135.1 |     186.9 |     204.0
     128    135.5 |     187.7 |     205.8
     129    135.6 |     187.7 |     207.2
     130    136.5 |     187.8 |     207.2
     131    136.5 |     188.1 |     208.5
     132    136.9 |     189.0 |     208.9
     133    137.2 |     189.2 |     209.3
     134    137.3 |     190.0 |     209.4
     135    137.6 |     190.3 |     209.9
     136    137.9 |     190.4 |     209.9
     137    138.0 |     190.4 |     210.0
     138    138.2 |     191.1 |     210.3
     139    138.5 |     191.5 |     211.6
     140    145.8 |     191.6 |     211.7
     141    146.3 |     193.4 |     212.2
     142    146.6 |     194.1 |     214.8
     143    146.6 |     196.8 |     221.3
     144    146.9 |     198.2 |     221.5
     145    147.0 |     199.6 |     224.0
     146    147.0 |     199.9 |     224.1
     147    147.2 |     200.0 |     224.8
     148    147.4 |     200.0 |     225.4
     149    147.4 |     200.8 |     225.6
     150    147.6 |     201.7 |     225.9
     151    148.0 |     203.8 |     226.2
     152    148.6 |     204.0 |     226.5
     153    148.8 |     205.4 |     226.9
     154    149.5 |     206.0 |     227.0
     155    149.6 |     206.2 |     229.4
     156    149.7 |     210.5 |     234.3
     157    150.4 |     211.1 |     234.4
     158    152.4 |     213.0 |     236.4
     159    156.7 |     214.4 |     236.7
     160    158.7 |     214.8 |     239.6
     161    159.5 |     216.0 |     240.0
     162    160.1 |     216.5 |     240.1
     163    160.5 |     216.7 |     240.4
     164    160.8 |     217.0 |     243.7
     165    161.1 |     217.3 |     243.9
     166    166.7 |     217.4 |     244.1
     167    166.9 |     218.2 |     244.3
     168    167.3 |     218.3 |     244.8
     169    170.7 |     219.1 |     245.7
     170    171.7 |     219.8 |     246.1
     171    172.9 |     220.1 |     246.4
     172    173.4 |     220.5 |     246.4
     173    173.5 |     220.8 |     246.9
     174    174.3 |     221.5 |     247.6
     175    177.8 |     221.9 |     253.7
     176    179.2 |     222.2 |     254.5
     177    180.3 |     223.3 |     254.6
     178    180.5 |     223.4 |     254.8
     179    180.8 |     223.5 |     262.4
     180    181.0 |     224.0 |     269.6
     181    181.1 |     224.6 |     273.0
     182    181.5 |     224.8 |     273.5
     183    181.5 |     226.1 |     274.1
     184    181.6 |     230.1 |     274.6
     185    181.7 |     230.5 |     274.8
     186    182.8 |     231.2 |     275.3
     187    184.7 |     234.3 |     275.3
     188    184.8 |     235.0 |     277.0
     189    185.9 |     235.4 |     277.7
     190    186.1 |     236.8 |     277.9
     191    186.2 |     236.9 |     277.9
     192    186.4 |     237.3 |     278.0
     193    186.5 |     237.4 |     278.2
     194    187.0 |     238.4 |     278.2
     195    187.2 |     238.6 |     278.3
     196    187.5 |     239.2 |     278.5
     197    187.6 |     239.2 |     278.5
     198    189.1 |     239.5 |     279.3
     199    189.6 |     242.6 |     279.3
     200    189.7 |     245.0 |     280.1
     201    190.1 |     246.5 |     280.3
     202    190.2 |     247.0 |     281.0
     203    190.4 |     247.1 |     282.2
     204    190.4 |     248.5 |     282.3
     205    190.8 |     248.6 |     282.4
     206    191.0 |     249.4 |     282.4
     207    191.6 |     249.6 |     282.7
     208    192.4 |     250.0 |     284.1
     209    192.9 |     250.1 |     284.1
     210    201.6 |     250.4 |     284.6
     211    201.9 |     250.5 |     284.9
     212    202.6 |     250.7 |     285.3
     213    202.7 |     250.8 |     285.8
     214    202.8 |     250.9 |     286.6
     215    202.8 |     251.1 |     286.8
     216    203.0 |     251.3 |     286.9
     217    203.2 |     251.4 |     287.5
     218    203.4 |     251.8 |     288.5
     219    204.0 |     252.0 |     290.0
     220    204.2 |     252.0 |     290.1
     221    204.3 |     252.8 |     290.2
     222    204.7 |     253.5 |     291.3
     223    205.6 |     255.2 |     291.5
     224    206.2 |     258.3 |     292.9
     225    206.6 |     262.0 |     294.3
     226    206.8 |     264.1 |     294.6
     227    206.9 |     266.0 |     294.7
     228    207.0 |     266.1 |     295.2
     229    207.1 |     267.3 |     295.3
     230    207.1 |     267.4 |     295.5
     231    207.2 |     267.6 |     295.9
     232    207.5 |     268.7 |     296.1
     233    210.3 |     270.4 |     296.3
     234    211.3 |     270.4 |     296.5
     235    211.8 |     270.5 |     298.8
     236    212.4 |     270.5 |     299.6
     237    212.8 |     271.0 |     299.7
     238    213.0 |     271.0 |     299.9
     239    213.3 |     271.5 |     300.9
     240    213.8 |     272.2 |     301.1
     241    214.1 |     272.6 |     301.2
     242    214.6 |     272.8 |     301.4
     243    214.7 |     273.1 |     301.4
     244    215.2 |     273.7 |     303.0
     245    215.2 |     274.5 |     323.4
     246    215.7 |     279.4 |     330.1
     247    215.8 |     279.4 |     333.2
     248    215.9 |     280.4 |     337.8
     249    216.3 |     280.9 |     339.7
     250    216.9 |     281.3 |     349.7
     251    216.9 |     281.8 |     366.8
     252    217.0 |     283.8 |     370.0
     253    217.3 |     285.4 |     370.1
     254    217.5 |     286.9 |     370.1
     255    217.7 |     288.5 |     370.4
     256    225.9 |     289.2 |     370.6
     257    227.6 |     289.5 |     370.8
     258    227.8 |     290.4 |     371.0
     259    228.0 |     292.1 |     371.1
     260    229.2 |     292.2 |     371.9
     261    229.2 |     292.5 |     372.0
     262    229.5 |     292.5 |     372.1
     263    230.1 |     292.5 |     373.7
     264    230.3 |     292.5 |     373.8
     265    231.3 |     292.8 |     374.4
     266    231.8 |     294.2 |     374.8
     267    238.2 |     294.2 |     374.9
     268    242.4 |     294.7 |     375.2
     269    243.9 |     296.3 |     375.5
     270    249.3 |     296.5 |     376.3
     271    252.8 |     298.5 |     384.7
     272    257.5 |     298.5 |     389.7
     273    258.7 |     300.2 |     390.0
     274    259.0 |     300.5 |     391.5
     275    260.8 |     303.4 |     391.6
     276    260.9 |     303.8 |     392.0
     277    261.0 |     304.8 |     392.5
     278    261.4 |     305.4 |     393.3
     279    261.9 |     306.3 |     395.2
     280    262.0 |     306.6 |     396.4
     281    262.2 |     306.9 |     397.8
     282    262.6 |     307.7 |     400.9
     283    271.8 |     308.4 |     402.9
     284    273.6 |     308.5 |     403.7
     285    274.0 |     309.5 |     403.8
     286    274.4 |     309.6 |     404.9
     287    275.1 |     309.9 |     404.9
     288    276.1 |     311.4 |     405.2
     289    276.2 |     312.0 |     405.3
     290    276.5 |     312.5 |     405.4
     291    276.9 |     314.5 |     406.2
     292    277.3 |     318.4 |     406.3
     293    277.6 |     319.5 |     426.1
     294    277.6 |     320.1 |     427.7
     295    278.1 |     321.4 |     451.8
     296    280.6 |     323.4 |     452.0
     297    287.9 |     325.3 |     452.7
     298    289.0 |     326.3 |     453.2
     299    289.0 |     328.4 |     455.7
     300    289.4 |     329.1 |     459.7
     301    289.6 |     329.2 |     460.6
     302    289.6 |     329.9 |     460.8
     303    290.2 |     332.2 |     461.0
     304    290.2 |     333.7 |     461.7
     305    290.6 |     334.2 |     462.6
     306    290.9 |     334.5 |     463.9
     307    291.5 |     338.6 |     464.4
     308    292.6 |     338.8 |     470.6
     309    292.8 |     339.5 |     472.1
     310    293.1 |     340.4 |     473.0
     311    293.3 |     340.6 |     474.2
     312    293.5 |     342.1 |     474.5
     313    293.5 |     344.8 |     474.6
     314    294.9 |     345.1 |     474.9
     315    294.9 |     345.1 |     476.7
     316    295.1 |     345.3 |     480.1
     317    295.1 |     345.6 |     485.3
     318    295.2 |     345.9 |     489.5
     319    295.7 |     346.1 |     493.5
     320    298.6 |     347.0 |     513.4
     321    299.0 |     347.0 |     514.5
     322    300.4 |     348.0 |     517.1
     323    300.5 |     348.3 |     518.1
     324    300.8 |     348.8 |     518.7
     325    301.7 |     349.3 |     519.6
     326    301.7 |     349.7 |     520.8
     327    302.3 |     351.2 |     520.8
     328    302.4 |     352.7 |     521.3
     329    302.5 |     357.0 |     522.4
     330    303.1 |     357.6 |     522.5
     331    303.6 |     358.6 |     522.9
     332    304.4 |     358.9 |     523.0
     333    304.5 |     359.3 |     524.8
     334    304.7 |     359.6 |     526.0
     335    305.9 |     359.8 |     526.8
     336    305.9 |     360.4 |     531.5
     337    306.0 |     360.6 |     531.5
     338    306.4 |     360.6 |     533.4
     339    306.5 |     361.5 |     533.7
     340    312.0 |     362.9 |     533.7
     341    312.7 |     363.0 |     534.4
     342    312.9 |     365.1 |     534.8
     343    312.9 |     365.6 |     534.9
     344    314.0 |     365.7 |     540.8
     345    314.2 |     366.2 |     543.3
     346    314.2 |     366.4 |     567.3
     347    314.4 |     366.9 |     567.4
     348    314.8 |     368.0 |     567.9
     349    314.9 |     368.2 |     571.9
     350    315.9 |     369.0 |     572.1
     351    316.9 |     369.4 |     575.8
     352    318.3 |     369.6 |     575.8
     353    320.2 |     370.3 |     577.0
     354    321.6 |     371.0 |     577.8
     355    322.6 |     371.2 |     581.2
     356    323.2 |     371.7 |     581.5
     357    327.7 |     373.0 |     588.2
     358    329.0 |     373.2 |     588.8
     359    329.5 |     373.6 |     591.1
     360    330.1 |     373.9 |     594.2
     361    330.2 |     374.4 |     596.0
     362    330.7 |     375.3 |     596.2
     363    331.5 |     376.1 |     596.9
     364    332.1 |     376.3 |     597.9
     365    332.3 |     376.7 |     600.7
     366    333.2 |     380.0 |     601.1
     367    333.8 |     380.5 |     601.5
     368    335.0 |     381.7 |     601.6
     369    336.4 |     381.8 |     603.8
     370    340.5 |     381.8 |     604.0
     371    342.5 |     382.1 |     604.3
     372    344.6 |     382.3 |     605.2
     373    344.8 |     383.4 |     608.2
     374    350.8 |     385.8 |     608.6
     375    352.8 |     386.6 |     608.6
     376    355.6 |     386.6 |     608.7
     377    356.5 |     387.5 |     609.6
     378    358.2 |     389.5 |     610.0
     379    358.7 |     390.8 |     610.4
     380    358.8 |     391.5 |     611.3
     381    358.9 |     391.7 |     612.3
     382    359.1 |     391.7 |     612.9
     383    359.1 |     392.0 |     613.0
     384    360.2 |     392.4 |     613.3
     385    360.5 |     393.0 |     613.4
     386    360.8 |     393.2 |     613.9
     387    361.0 |     394.1 |     614.6
     388    361.3 |     394.3 |     615.1
     389    361.4 |     394.3 |     616.3
     390    361.4 |     395.2 |     616.3
     391    362.2 |     395.4 |     616.9
     392    362.4 |     395.5 |     617.1
     393    362.5 |     395.9 |     617.4
     394    363.2 |     396.6 |     619.4
     395    364.3 |     396.9 |     620.3
     396    365.2 |     399.4 |     622.0
     397    366.6 |     399.5 |     625.0
     398    367.3 |     402.4 |     625.3
     399    370.9 |     402.4 |     631.2
     400    371.2 |     402.6 |     631.3
     401    371.6 |     403.0 |     633.6
     402    371.7 |     403.3 |     634.2
     403    373.2 |     404.0 |     634.5
     404    373.2 |     406.5 |     637.2
     405    373.4 |     406.9 |     637.4
     406    373.7 |     408.3 |     640.7
     407    374.0 |     408.4 |     640.9
     408    374.0 |     408.4 |     644.4
     409    374.1 |     408.6 |     646.7
     410    374.1 |     408.8 |     647.5
     411    374.8 |     408.9 |     649.4
     412    375.1 |     410.6 |     649.9
     413    375.4 |     410.8 |     650.8
     414    375.9 |     410.9 |     651.0
     415    376.3 |     411.1 |     652.2
     416    376.4 |     411.2 |     652.7
     417    376.8 |     412.3 |     653.4
     418    379.3 |     412.3 |     654.0
     419    380.0 |     413.3 |     654.4
     420    383.7 |     414.0 |     655.7
     421    384.4 |     414.5 |     656.2
     422    384.8 |     415.3 |     656.4
     423    384.9 |     415.3 |     657.4
     424    385.3 |     416.2 |     657.8
     425    385.4 |     416.4 |     658.4
     426    385.8 |     416.8 |     659.2
     427    385.9 |     420.3 |     659.6
     428    386.3 |     420.3 |     661.3
     429    386.4 |     420.5 |     665.1
     430    387.0 |     421.4 |     670.3
     431    387.6 |     421.7 |     672.1
     432    388.2 |     424.5 |     672.3
     433    388.4 |     425.0 |     673.1
     434    388.7 |     425.0 |     673.6
     435    389.7 |     427.1 |     675.7
     436    389.8 |     430.2 |     678.0
     437    391.5 |     430.9 |     684.1
     438    391.8 |     431.1 |     684.1
     439    392.1 |     434.5 |     684.6
     440    395.3 |     434.5 |     685.4
     441    397.7 |     435.1 |     685.5
     442    397.8 |     435.7 |     691.2
     443    397.9 |     436.2 |     691.5
     444    400.7 |     439.0 |     691.8
     445    401.2 |     441.2 |     692.3
     446    402.3 |     441.6 |     694.5
     447    403.1 |     441.7 |     694.9
     448    407.8 |     442.1 |     695.1
     449    409.0 |     443.2 |     695.5
     450    423.3 |     444.9 |     695.8
     451    423.8 |     446.9 |     696.7
     452    424.0 |     447.0 |     697.0
     453    424.8 |     449.2 |     697.5
     454    425.4 |     451.2 |     697.7
     455    426.4 |     453.0 |     699.0
     456    427.0 |     453.2 |     702.8
     457    427.1 |     454.0 |     709.0
     458    427.9 |     460.6 |     709.2
     459    429.2 |     462.5 |     715.2
     460    446.6 |     464.9 |     716.4
     461    448.1 |     465.1 |     717.0
     462    448.3 |     468.1 |     720.2
     463    449.3 |     468.2 |     720.7
     464    449.7 |     468.8 |     721.9
     465    450.3 |     471.4 |     723.1
     466    450.5 |     475.1 |     723.6
     467    450.8 |     475.4 |     723.8
     468    451.9 |     475.5 |     723.9
     469    452.1 |     476.3 |     725.0
     470    454.9 |     476.6 |     725.2
     471    455.2 |     477.1 |     725.3
     472    455.2 |     477.2 |     725.4
     473    456.4 |     485.3 |     728.0
     474    456.7 |     489.1 |     728.0
     475    456.8 |     490.3 |     729.2
     476    456.8 |     490.7 |     729.2
     477    456.9 |     490.8 |     729.4
     478    457.0 |     495.8 |     729.9
     479    457.0 |     496.8 |     732.1
     480    457.3 |     496.9 |     732.3
     481    457.4 |     513.2 |     732.4
     482    457.7 |     516.8 |     733.0
     483    457.8 |     521.1 |     733.3
     484    458.1 |     525.3 |     733.9
     485    458.4 |     526.6 |     735.3
     486    458.7 |     537.5 |     735.7
     487    459.2 |     542.4 |     736.2
     488    460.0 |     543.2 |     736.3
     489    460.4 |     547.8 |     736.4
     490    460.6 |     548.8 |     736.5
     491    461.2 |     554.5 |     736.6
     492    462.2 |     559.0 |     736.8
     493    462.8 |     560.5 |     737.4
     494    462.8 |     561.7 |     737.5
     495    463.5 |     567.0 |     737.6
     496    463.7 |     570.0 |     737.6
     497    463.9 |     570.4 |     737.8
     498    464.1 |     570.8 |     737.8
     499    464.3 |     570.9 |     737.9
     500    481.0 |     570.9 |     737.9
     501    481.2 |     571.0 |     738.2
     502    481.7 |     571.0 |     745.1
     503    481.8 |     571.1 |     745.6
     504    482.0 |     571.2 |     746.2
     505    482.1 |     571.2 |     747.3
     506    483.1 |     576.6 |     748.3
     507    483.2 |     584.3 |     748.4
     508    483.7 |     584.7 |     748.7
     509    483.9 |     585.3 |     748.7
     510    484.3 |     589.4 |     749.1
     511    485.6 |     594.2 |     749.6
     512    487.4 |     598.6 |     749.9
     513    488.9 |     601.3 |     750.2
     514    491.8 |     603.8 |     751.3
     515    494.2 |     615.0 |     751.8
     516    494.6 |     616.0 |     753.4
     517    496.5 |     624.4 |     754.2
     518    497.6 |     628.1 |     755.0
     519    499.3 |     630.4 |     756.3
     520    683.5 |     636.7 |     756.8
     521    684.3 |     641.8 |     757.5
     522    686.4 |     642.0 |     758.1
     523    689.7 |     642.0 |     758.5
     524    691.3 |     642.0 |     758.6
     525    692.5 |     642.2 |     758.8
     526    693.8 |     642.3 |     758.9
     527    694.5 |     644.2 |     759.4
     528    697.4 |     645.5 |     759.5
     529    698.7 |     650.3 |     759.6
     530    700.1 |     657.5 |     759.7
     531    707.3 |     661.8 |     759.7
     532    713.5 |     679.3 |     760.1
     533    714.1 |     682.8 |     761.2
     534    715.2 |     690.5 |     764.5
     535    718.6 |     701.7 |     764.9
     536    719.1 |     706.8 |     766.7
     537    720.6 |     736.3 |     769.1
     538    720.6 |     736.3 |     769.4
     539    723.4 |     736.4 |     770.3
     540    728.1 |     737.4 |     770.7
     541    734.7 |     737.8 |     771.7
     542    741.4 |     738.4 |     772.9
     543    742.6 |     738.8 |     776.6
     544    743.8 |     738.9 |     778.1
     545    746.2 |     740.4 |     778.3
     546    747.4 |     741.0 |     779.2
     547    747.9 |     761.5 |     779.5
     548    749.7 |     791.8 |     781.4
     549    753.1 |     803.1 |     781.7
     550    754.5 |     803.9 |     782.1
     551    754.6 |     809.9 |     782.9
     552    754.9 |     815.2 |     783.2
     553    755.7 |     818.9 |     785.4
     554    756.9 |     820.5 |     785.5
     555    758.2 |     821.4 |     787.6
     556    758.7 |     823.0 |     788.2
     557    762.4 |     826.1 |     788.3
     558    764.9 |     833.0 |     788.6
     559    765.9 |     858.2 |     789.0
     560    766.0 |     880.0 |     789.2
     561    766.3 |     906.8 |     790.0
     562    768.3 |     913.4 |     792.1
     563    773.5 |     920.9 |     793.4
     564    775.5 |     924.3 |     793.9
     565    778.7 |     924.6 |     794.2
     566    780.0 |     924.8 |     795.6
     567    788.8 |     926.1 |     796.8
     568    798.5 |     940.1 |     798.3
     569    803.6 |     944.0 |     798.8
     570    805.8 |     953.4 |     799.2
     571    807.2 |     963.4 |     802.4
     572    807.6 |     971.1 |     806.4
     573    812.4 |     977.6 |     806.4
     574    813.3 |     988.7 |     806.8
     575    814.5 |    1001.1 |     807.5
     576    815.7 |    1002.7 |     807.5
     577    816.0 |    1002.9 |     808.0
     578    818.2 |    1005.5 |     808.6
     579    818.8 |    1006.6 |     808.9
     580    818.9 |    1011.9 |     813.0
     581    820.0 |    1015.8 |     815.2
     582    820.5 |    1019.2 |     816.6
     583    821.4 |    1021.0 |     818.5
     584    821.5 |    1022.6 |     819.3
     585    823.0 |    1037.6 |     819.5
     586    823.1 |    1052.0 |     820.2
     587    823.5 |    1105.7 |     820.8
     588    823.6 |    1111.7 |     828.3
     589    825.4 |    1119.4 |     831.8
     590    825.5 |    1144.8 |     832.3
     591    826.0 |    1146.1 |     832.3
     592    826.3 |    1146.1 |     832.5
     593    827.9 |    1147.6 |     832.6
     594    829.9 |    1147.7 |     833.1
     595    831.2 |    1148.0 |     833.3
     596    831.7 |    1148.3 |     833.7
     597    832.3 |    1149.1 |     833.7
     598    833.0 |    1149.4 |     833.7
     599    833.2 |    1149.5 |     834.8
     600    833.5 |    1155.7 |     835.6
     601    838.1 |    1155.8 |     836.7
     602    838.8 |    1158.4 |     840.5
     603    839.5 |    1158.7 |     847.5
     604    840.8 |    1158.7 |     848.2
     605    842.5 |    1159.1 |     850.0
     606    843.3 |    1159.3 |     854.3
     607    844.3 |    1159.3 |     855.6
     608    844.5 |    1159.8 |     855.9
     609    846.5 |    1159.8 |     856.3
     610    848.3 |    1159.8 |     856.4
     611    848.7 |    1166.1 |     857.0
     612    854.2 |    1172.4 |     857.0
     613    854.8 |    1201.9 |     857.0
     614    855.9 |    1206.1 |     857.2
     615    856.2 |    1217.9 |     858.0
     616    856.7 |    1219.5 |     858.1
     617    857.3 |    1221.1 |     858.8
     618    857.9 |    1221.3 |     859.4
     619    858.8 |    1222.0 |     863.6
     620    859.0 |    1222.2 |     863.7
     621    861.0 |    1222.5 |     865.4
     622    862.4 |    1222.8 |     865.5
     623    864.1 |    1223.0 |     865.5
     624    865.7 |    1223.2 |     870.8
     625    866.0 |    1224.2 |     872.3
     626    867.1 |    1233.2 |     872.7
     627    867.7 |    1251.9 |     872.8
     628    867.9 |    1269.0 |     873.1
     629    868.4 |    1291.3 |     873.2
     630    872.3 |    1291.4 |     873.7
     631    872.7 |    1294.4 |     875.3
     632    874.2 |    1295.5 |     875.4
     633    874.5 |    1295.5 |     876.0
     634    874.6 |    1296.7 |     876.1
     635    875.4 |    1300.0 |     876.7
     636    876.9 |    1300.8 |     877.4
     637    877.9 |    1301.5 |     877.5
     638    878.5 |    1304.0 |     878.0
     639    881.1 |    1322.0 |     878.1
     640    881.9 |    1351.3 |     878.1
     641    882.8 |    1353.9 |     879.4
     642    884.2 |    1355.2 |     881.4
     643    886.0 |    1355.5 |     881.5
     644    886.6 |    1355.6 |     881.7
     645    886.8 |    1356.8 |     882.3
     646    887.1 |    1357.0 |     882.9
     647    888.1 |    1357.3 |     885.6
     648    892.2 |    1357.9 |     885.6
     649    897.4 |    1359.3 |     885.9
     650    899.5 |    1369.7 |     887.3
     651    906.8 |    1370.3 |     888.2
     652    908.4 |    1371.2 |     888.9
     653    917.8 |    1372.0 |     889.2
     654    918.2 |    1373.5 |     889.8
     655    918.8 |    1373.6 |     889.8
     656    920.5 |    1374.0 |     890.9
     657    921.7 |    1375.1 |     891.2
     658    922.2 |    1375.3 |     892.6
     659    922.5 |    1375.4 |     894.0
     660    923.7 |    1375.5 |     898.1
     661    924.3 |    1376.6 |     898.1
     662    924.9 |    1376.9 |     898.1
     663    927.4 |    1377.1 |     898.1
     664    927.8 |    1377.2 |     898.2
     665    927.8 |    1377.3 |     898.2
     666    928.5 |    1377.3 |     898.2
     667    928.8 |    1378.4 |     898.2
     668    931.7 |    1378.9 |     898.3
     669    932.2 |    1379.1 |     898.3
     670    933.2 |    1549.9 |     898.3
     671    935.0 |    1550.4 |     898.3
     672    938.5 |    1550.6 |     898.3
     673    941.5 |    1550.7 |     898.3
     674    944.9 |    1551.0 |     898.3
     675    980.7 |    1551.3 |     898.4
     676   1006.2 |    1551.7 |     898.4
     677   1011.5 |    1551.9 |     898.5
     678   1018.9 |    1552.6 |     898.5
     679   1020.1 |    1552.6 |     898.6
     680   1028.5 |    1581.4 |     904.5
     681   1029.1 |    1590.9 |     905.1
     682   1040.7 |    1599.7 |     909.1
     683   1047.5 |    1600.8 |     911.0
     684   1057.1 |    1606.8 |     911.3
     685   1057.1 |    1615.2 |     911.4
     686   1057.9 |    1626.1 |     911.6
     687   1064.4 |    1627.8 |     911.8
     688   1124.2 |    1634.6 |     911.8
     689   1133.9 |    1637.9 |     911.9
     690   1143.0 |    1736.3 |     912.0
     691   1148.0 |    1749.2 |     912.0
     692   1153.6 |    1761.7 |     912.1
     693   1154.6 |    1772.2 |     912.2
     694   1156.6 |    1794.1 |     912.4
     695   1157.1 |    1795.9 |     912.5
     696   1157.5 |    1796.7 |     913.3
     697   1157.6 |    1797.3 |     913.6
     698   1160.1 |    1800.1 |     914.4
     699   1160.3 |    1800.2 |     914.6
     700   1162.6 |    1800.3 |     917.2
     701   1167.7 |    1800.6 |     917.5
     702   1168.2 |    1800.7 |     919.2
     703   1168.9 |    1801.6 |     920.9
     704   1170.1 |    1802.0 |     920.9
     705   1172.7 |    1803.0 |     921.0
     706   1173.3 |    1803.1 |     921.1
     707   1173.9 |    1804.1 |     921.1
     708   1175.1 |    1804.4 |     921.2
     709   1175.3 |    1805.0 |     921.2
     710   1176.4 |    1805.0 |     921.2
     711   1176.7 |    1805.1 |     921.5
     712   1177.4 |    1805.5 |     921.6
     713   1177.7 |    1806.7 |     927.7
     714   1179.6 |    1807.9 |     928.0
     715   1179.8 |    1810.1 |     939.7
     716   1180.1 |    1811.5 |     939.7
     717   1181.5 |    1812.3 |     940.6
     718   1181.6 |    1814.6 |     940.6
     719   1184.5 |    1815.8 |     941.0
     720   1185.5 |    1816.6 |     941.0
     721   1185.6 |    1817.1 |     941.4
     722   1186.7 |    1817.5 |     941.4
     723   1187.5 |    1817.9 |     942.0
     724   1193.7 |    1818.5 |     942.1
     725   1193.8 |    1819.1 |     948.7
     726   1197.3 |    1819.3 |     954.6
     727   1199.2 |    1819.9 |     954.6
     728   1199.5 |    1822.9 |     954.7
     729   1203.1 |    1965.9 |     954.7
     730   1203.6 |    1966.3 |     954.8
     731   1203.9 |    1966.8 |     955.0
     732   1203.9 |    1967.0 |     955.1
     733   1205.7 |    1967.4 |     955.1
     734   1205.9 |    1969.1 |     955.1
     735   1207.0 |    1969.2 |     955.5
     736   1208.2 |    1970.0 |     955.9
     737   1208.5 |    1970.1 |     956.1
     738   1208.5 |    1970.7 |     956.9
     739   1208.6 |    2006.7 |     958.5
     740   1208.8 |    2008.8 |     960.5
     741   1209.8 |    2008.9 |     962.9
     742   1210.0 |    2009.4 |     964.8
     743   1210.3 |    2009.6 |     965.0
     744   1210.6 |    2011.3 |     965.1
     745   1211.2 |    2011.6 |     965.1
     746   1211.4 |    2012.0 |     965.2
     747   1211.6 |    2012.2 |     965.2
     748   1212.7 |    2015.1 |     965.3
     749   1213.4 |    2015.7 |     965.3
     750   1214.5 |    2880.0 |     965.6
     751   1215.6 |    2880.3 |     965.9
     752   1216.5 |    2883.0 |     966.7
     753   1216.6 |    2885.9 |     973.1
     754   1216.8 |    2921.6 |     974.7
     755   1217.0 |    2928.1 |     974.7
     756   1218.3 |    3007.3 |     978.1
     757   1218.3 |    3008.5 |     980.5
     758   1219.6 |    3019.4 |     985.8
     759   1219.7 |    3020.9 |     985.8
     760   1220.0 |    3021.5 |     985.8
     761   1220.0 |    3021.5 |     985.8
     762   1220.8 |    3022.8 |     985.9
     763   1221.8 |    3023.3 |     986.3
     764   1222.2 |    3023.5 |     986.4
     765   1223.9 |    3023.7 |     986.4
     766   1224.0 |    3025.9 |     986.4
     767   1224.5 |    3025.9 |     986.5
     768   1224.6 |    3025.9 |     990.1
     769   1225.7 |    3026.3 |     990.1
     770   1225.7 |    3068.1 |     990.2
     771   1226.2 |    3069.0 |     990.2
     772   1226.8 |    3069.4 |     990.4
     773   1227.4 |    3069.5 |     990.5
     774   1228.4 |    3070.1 |     990.5
     775   1228.5 |    3070.2 |     990.6
     776   1228.7 |    3070.4 |     990.7
     777   1230.4 |    3070.5 |     990.9
     778   1230.6 |    3070.6 |    1019.2
     779   1230.8 |    3075.0 |    1019.8
     780   1232.6 |    3109.2 |    1019.8
     781   1232.8 |    3109.4 |    1020.5
     782   1232.9 |    3109.7 |    1021.3
     783   1233.0 |    3110.0 |    1021.3
     784   1233.4 |    3110.7 |    1021.7
     785   1233.9 |    3110.8 |    1022.0
     786   1234.7 |    3112.9 |    1022.0
     787   1234.8 |    3113.1 |    1022.0
     788   1235.4 |    3113.4 |    1022.3
     789   1236.9 |    3113.5 |    1022.3
     790   1237.5 |    3113.6 |    1024.0
     791   1237.8 |    3117.8 |    1025.4
     792   1237.8 |    3119.1 |    1032.0
     793   1238.5 |    3119.3 |    1037.3
     794   1238.9 |    3119.5 |    1037.6
     795   1239.3 |    3119.5 |    1040.9
     796   1239.4 |    3119.9 |    1045.7
     797   1240.1 |    3121.0 |    1046.5
     798   1243.7 |    3123.1 |    1049.2
     799   1244.5 |    3123.1 |    1064.2
     800   1245.4 |    3125.6 |    1077.3
     801   1246.1 |    3126.6 |    1080.8
     802   1247.4 |    3128.5 |    1125.1
     803   1247.4 |    3128.7 |    1135.9
     804   1248.1 |    3129.2 |    1153.3
     805   1248.2 |    3129.5 |    1154.0
     806   1248.6 |    3132.9 |    1158.5
     807   1250.7 |    3133.5 |    1158.6
     808   1254.7 |    3135.5 |    1158.8
     809   1254.9 |    3137.1 |    1159.6
     810   1256.1 |    3138.9 |    1160.2
     811   1257.1 |    3139.6 |    1160.2
     812   1257.2 |    3141.0 |    1160.3
     813   1259.0 |    3141.0 |    1162.1
     814   1261.7 |    3141.7 |    1220.0
     815   1264.0 |    3142.4 |    1256.6
     816   1266.9 |    3143.8 |    1295.0
     817   1269.1 |    3145.5 |    1403.2
     818   1269.4 |    3147.8 |    1404.3
     819   1270.0 |    3148.3 |    1409.8
     820   1271.7 |    3151.0 |    1410.5
     821   1273.3 |    3154.9 |    1411.4
     822   1274.4 |    3156.9 |    1413.1
     823   1274.9 |    3162.5 |    1419.1
     824   1275.0 |    3163.4 |    1421.2
     825   1276.3 |    3165.3 |    1422.7
     826   1279.6 |    3166.2 |    1426.8
     827   1283.7 |    3167.3 |    1589.9
     828   1283.9 |    3170.7 |    1591.1
     829   1294.5 |    3170.9 |    1595.2
     830   1298.6 |    3170.9 |    1601.7
     831   1301.5 |    3171.0 |    1602.4
     832   1303.9 |    3171.0 |    1606.6
     833   1303.9 |    3171.5 |    1608.5
     834   1305.0 |    3171.8 |    1608.6
     835   1306.5 |    3172.3 |    1618.6
     836   1308.7 |    3172.4 |    1900.5
     837   1309.7 |    3172.6 |    1903.7
     838   1311.5 |    3172.6 |    1903.9
     839   1315.5 |    3173.4 |    1903.9
     840   1318.3 |    3176.5 |    1904.1
     841   1319.4 |    3177.1 |    1904.3
     842   1319.4 |    3177.5 |    1904.6
     843   1320.8 |    3177.8 |    1904.9
     844   1323.7 |    3177.9 |    1905.1
     845   1327.2 |    3179.3 |    1905.3
     846   1332.3 |    3180.3 |    1905.4
     847   1334.0 |    3180.5 |    1906.7
     848   1344.9 |    3182.2 |    1907.2
     849   1350.2 |    3183.2 |    1908.3
     850   1371.7 |    3183.2 |    1908.5
     851   1377.8 |    3183.5 |    1929.6
     852   1382.6 |    3183.5 |    1929.6
     853   1384.2 |    3183.5 |    1929.8
     854   1408.6 |    3183.5 |    1929.9
     855   1415.8 |    3184.4 |    1929.9
     856   1419.8 |    3186.0 |    1930.0
     857   1422.1 |    3186.9 |    1930.1
     858   1424.5 |    3188.9 |    1930.4
     859   1425.3 |    3190.4 |    1930.7
     860   1425.5 |    3190.6 |    1932.0
     861   1428.2 |    3191.0 |    1938.9
     862   1431.0 |    3191.6 |    1939.9
     863   1432.5 |    3191.7 |    1939.9
     864   1432.8 |    3191.7 |    1940.4
     865   1433.0 |    3191.9 |    1940.7
     866   1434.8 |    3192.5 |    1946.1
     867   1435.0 |    3193.3 |    1946.4
     868   1435.3 |    3193.5 |    1946.5
     869   1435.7 |    3194.8 |    1946.6
     870   1436.3 |    3195.7 |    1946.7
     871   1440.5 |    3196.0 |    1946.7
     872   1440.6 |    3204.7 |    1947.0
     873   1443.1 |    3204.7 |    1947.0
     874   1443.6 |    3204.7 |    1947.1
     875   1444.7 |    3205.0 |    1947.1
     876   1445.3 |    3205.1 |    1948.0
     877   1445.6 |    3205.2 |    1948.7
     878   1445.9 |    3205.2 |    1950.0
     879   1447.0 |    3205.2 |    1950.3
     880   1447.8 |    3205.5 |    1950.6
     881   1450.1 |    3206.2 |    1951.2
     882   1450.8 |    3206.9 |    1951.2
     883   1451.8 |    3208.7 |    1951.9
     884   1452.0 |    3211.3 |    1955.7
     885   1453.8 |    3211.3 |    1956.8
     886   1454.5 |    3212.1 |    1957.1
     887   1456.5 |    3212.2 |    1958.8
     888   1456.8 |    3212.3 |    1965.0
     889   1458.7 |    3212.4 |    1965.9
     890   1458.8 |    3212.7 |    1966.1
     891   1461.7 |    3212.7 |    1966.3
     892   1464.9 |    3212.9 |    1966.4
     893   1465.0 |    3213.1 |    1966.5
     894   1465.3 |    3213.2 |    1966.6
     895   1468.1 |    3213.5 |    1966.9
     896   1469.3 |    3213.7 |    1966.9
     897   1473.6 |    3213.8 |    1967.3
     898   1480.6 |    3214.1 |    1967.3
     899   1481.7 |    3215.2 |    1967.5
     900   1497.1 |    3216.6 |    1967.5
     901   2777.4 |    3216.8 |    1967.7
     902   2785.2 |    3217.2 |    1968.1
     903   2806.3 |    3218.0 |    1968.2
     904   2823.5 |    3218.0 |    1968.5
     905   2915.8 |    3218.6 |    1968.8
     906   2920.3 |    3218.8 |    1968.8
     907   2936.9 |    3218.9 |    1969.0
     908   2942.5 |    3219.3 |    1969.2
     909   2944.0 |    3219.5 |    1969.3
     910   2947.3 |    3221.0 |    1969.4
     911   2948.1 |    3221.5 |    1969.4
     912   2949.1 |    3223.7 |    1969.5
     913   2949.9 |    3224.1 |    1969.5
     914   2951.6 |    3225.1 |    1969.5
     915   2952.2 |    3225.2 |    1969.5
     916   2953.0 |    3225.2 |    1969.5
     917   2954.4 |    3225.2 |    1969.5
     918   2955.5 |    3225.2 |    1969.6
     919   2955.8 |    3225.3 |    1969.6
     920   2960.5 |    3225.5 |    1969.6
     921   2963.6 |    3226.0 |    1969.9
     922   2963.7 |    3226.3 |    1969.9
     923   2964.2 |    3226.7 |    1970.0
     924   2964.8 |    3232.4 |    1970.1
     925   2967.9 |    3232.4 |    1970.2
     926   2968.5 |    3232.7 |    1970.6
     927   2971.4 |    3232.7 |    1971.0
     928   2972.8 |    3232.8 |    1971.4
     929   2976.6 |    3232.8 |    1971.6
     930   2980.1 |    3233.0 |    1971.6
     931   2982.1 |    3233.5 |    1971.7
     932   2982.3 |    3233.5 |    1971.8
     933   2982.9 |    3234.0 |    1971.9
     934   2988.6 |    3241.0 |    1972.0
     935   2989.3 |    3241.0 |    1972.0
     936   2995.3 |    3241.3 |    1972.1
     937   2998.2 |    3241.7 |    1972.5
     938   3001.0 |    3241.8 |    1972.6
     939   3002.5 |    3242.0 |    1972.8
     940   3004.0 |    3242.3 |    1973.2
     941   3005.3 |    3242.4 |    1973.4
     942   3008.1 |    3242.7 |    1973.5
     943   3009.5 |    3243.5 |    1973.9
     944   3009.9 |    3257.4 |    1974.4
     945   3011.5 |    3259.1 |    1974.5
     946   3018.5 |    3260.7 |    1975.0
     947   3024.8 |    3262.3 |    1976.1
  -----------------------------------------------------------
    RMSD          |     764.4 |     305.3
     MAE          |     423.3 |     206.7
=============================================================



==============================================
  TIMING [JAX (gpu) + MM3 + Optax Adam+cosine]
==============================================
  Optimization S               406.28 s
  Function Evaluations             2001
  Per Evaluation S             203.0 ms
==============================================


