
==================================================================
  SUMMARY [JAX (gpu) + MM3 + JaxOpt L-BFGS]
==================================================================
  RMSD (cm⁻¹):       764.4 → 498.8
  Score:             567.536777 → 226.789451  (+60.0%)
  Function evals:    200
  Wall time:         849.3s
  Scipy converged:   False
  Scipy message:     Max iterations (200) reached (error=1.23e+13)
==================================================================



=========================================================
  FREQUENCY PROGRESSION [JAX (gpu) + MM3 + JaxOpt L-BFGS]
=========================================================
    Mode   QM ref |   QFUERZA | Optimized
  -------------------------------------------------------
       1     50.2 |      51.1 |      50.4
       2     50.3 |      51.2 |      55.4
       3     50.8 |      55.3 |      55.8
       4     50.9 |      57.5 |      55.9
       5     51.3 |      58.1 |      56.1
       6     52.3 |      58.2 |      56.3
       7     52.3 |      60.4 |      56.4
       8     52.5 |      61.2 |      56.5
       9     53.6 |      61.4 |      56.6
      10     53.6 |      61.9 |      59.6
      11     55.8 |      62.2 |      62.7
      12     56.5 |      66.3 |      66.5
      13     58.2 |      66.7 |      66.9
      14     61.1 |      66.7 |      66.9
      15     61.9 |      66.8 |      67.2
      16     61.9 |      68.2 |      67.7
      17     62.0 |      68.5 |      68.8
      18     62.2 |      68.7 |      69.3
      19     62.3 |      68.7 |      70.6
      20     62.7 |      70.2 |      72.2
      21     63.4 |      71.3 |      73.1
      22     63.4 |      73.2 |      73.2
      23     63.4 |      75.2 |      73.7
      24     63.5 |      75.3 |      75.3
      25     64.1 |      76.9 |      75.5
      26     64.5 |      78.1 |      76.3
      27     64.5 |      78.6 |      80.0
      28     65.4 |      78.6 |      80.4
      29     65.7 |      79.0 |      81.9
      30     65.8 |      79.2 |      82.4
      31     65.9 |      79.8 |      82.6
      32     66.3 |      80.9 |      83.1
      33     66.3 |      80.9 |      83.4
      34     66.4 |      81.0 |      87.0
      35     66.5 |      81.7 |      90.7
      36     66.5 |      82.2 |      92.4
      37     66.6 |      83.1 |      95.9
      38     67.0 |      84.1 |      96.6
      39     67.2 |      85.7 |      98.9
      40     67.4 |      86.6 |     100.0
      41     67.6 |      87.3 |     101.1
      42     68.0 |      88.8 |     115.5
      43     68.1 |      89.0 |     117.8
      44     68.5 |      90.9 |     118.0
      45     68.7 |      92.6 |     118.5
      46     69.8 |      93.1 |     119.2
      47     69.8 |      93.2 |     120.9
      48     71.1 |      93.6 |     121.0
      49     75.3 |      93.9 |     121.5
      50     76.2 |      94.0 |     122.1
      51     78.3 |      94.4 |     122.7
      52     78.3 |      95.0 |     125.5
      53     79.0 |      95.3 |     126.2
      54     79.6 |      95.4 |     126.8
      55     79.8 |      95.9 |     127.3
      56     80.6 |      96.6 |     128.3
      57     80.7 |      96.7 |     128.4
      58     80.8 |      97.0 |     130.5
      59     80.8 |      98.0 |     130.7
      60     81.1 |      98.6 |     131.8
      61     81.1 |      98.9 |     135.5
      62     82.3 |     100.1 |     143.5
      63     83.1 |     100.1 |     146.0
      64     83.2 |     101.2 |     147.3
      65     83.5 |     101.6 |     147.5
      66     84.3 |     104.4 |     147.7
      67     84.4 |     105.7 |     148.9
      68     86.1 |     106.6 |     149.9
      69     86.4 |     109.2 |     150.6
      70     87.3 |     110.4 |     151.2
      71     87.7 |     110.6 |     152.7
      72     94.4 |     111.2 |     152.8
      73     94.6 |     111.7 |     153.3
      74     96.6 |     115.8 |     154.4
      75     97.9 |     116.1 |     154.7
      76     98.7 |     119.1 |     155.0
      77     99.7 |     120.6 |     155.1
      78    103.3 |     121.6 |     155.2
      79    104.5 |     121.6 |     155.2
      80    104.6 |     123.9 |     156.5
      81    106.1 |     124.2 |     156.6
      82    106.4 |     125.4 |     156.8
      83    108.3 |     128.8 |     156.8
      84    108.7 |     130.0 |     157.9
      85    108.9 |     132.6 |     158.8
      86    109.2 |     136.2 |     159.7
      87    109.9 |     137.7 |     160.2
      88    109.9 |     138.0 |     160.2
      89    110.0 |     139.6 |     160.5
      90    110.1 |     142.6 |     160.6
      91    110.1 |     143.4 |     161.4
      92    110.5 |     150.3 |     161.5
      93    110.7 |     151.1 |     162.0
      94    114.0 |     151.5 |     162.9
      95    115.1 |     151.6 |     163.4
      96    118.7 |     151.7 |     164.4
      97    119.0 |     152.0 |     165.1
      98    125.8 |     153.8 |     167.1
      99    126.5 |     155.8 |     168.5
     100    127.4 |     157.1 |     168.8
     101    128.2 |     157.2 |     171.6
     102    128.6 |     159.4 |     173.9
     103    130.1 |     164.0 |     176.0
     104    130.4 |     164.9 |     179.2
     105    130.4 |     166.7 |     183.0
     106    130.6 |     166.9 |     184.8
     107    130.8 |     167.2 |     185.9
     108    130.9 |     169.3 |     186.0
     109    131.3 |     172.7 |     187.2
     110    131.4 |     172.8 |     187.3
     111    131.7 |     173.9 |     187.5
     112    131.8 |     174.5 |     187.6
     113    131.8 |     175.0 |     188.1
     114    132.0 |     175.4 |     188.2
     115    132.1 |     175.8 |     188.2
     116    132.3 |     176.2 |     188.2
     117    132.5 |     176.4 |     188.4
     118    132.8 |     176.6 |     188.4
     119    133.5 |     177.7 |     188.4
     120    133.5 |     178.2 |     191.3
     121    134.0 |     179.9 |     191.5
     122    134.3 |     181.7 |     191.9
     123    134.6 |     182.8 |     192.1
     124    134.6 |     183.4 |     192.3
     125    135.0 |     183.9 |     192.4
     126    135.1 |     184.5 |     192.6
     127    135.1 |     186.9 |     192.9
     128    135.5 |     187.7 |     193.0
     129    135.6 |     187.7 |     193.2
     130    136.5 |     187.8 |     193.2
     131    136.5 |     188.1 |     193.2
     132    136.9 |     189.0 |     193.3
     133    137.2 |     189.2 |     193.3
     134    137.3 |     190.0 |     193.4
     135    137.6 |     190.3 |     193.5
     136    137.9 |     190.4 |     193.9
     137    138.0 |     190.4 |     194.1
     138    138.2 |     191.1 |     194.3
     139    138.5 |     191.5 |     194.4
     140    145.8 |     191.6 |     194.6
     141    146.3 |     193.4 |     196.1
     142    146.6 |     194.1 |     196.4
     143    146.6 |     196.8 |     196.5
     144    146.9 |     198.2 |     196.7
     145    147.0 |     199.6 |     196.8
     146    147.0 |     199.9 |     196.9
     147    147.2 |     200.0 |     197.3
     148    147.4 |     200.0 |     197.3
     149    147.4 |     200.8 |     197.4
     150    147.6 |     201.7 |     197.8
     151    148.0 |     203.8 |     198.6
     152    148.6 |     204.0 |     199.7
     153    148.8 |     205.4 |     201.5
     154    149.5 |     206.0 |     202.6
     155    149.6 |     206.2 |     204.9
     156    149.7 |     210.5 |     205.0
     157    150.4 |     211.1 |     205.0
     158    152.4 |     213.0 |     205.5
     159    156.7 |     214.4 |     205.6
     160    158.7 |     214.8 |     205.6
     161    159.5 |     216.0 |     205.6
     162    160.1 |     216.5 |     205.8
     163    160.5 |     216.7 |     205.9
     164    160.8 |     217.0 |     205.9
     165    161.1 |     217.3 |     210.0
     166    166.7 |     217.4 |     211.3
     167    166.9 |     218.2 |     211.7
     168    167.3 |     218.3 |     211.9
     169    170.7 |     219.1 |     212.0
     170    171.7 |     219.8 |     213.8
     171    172.9 |     220.1 |     214.0
     172    173.4 |     220.5 |     214.2
     173    173.5 |     220.8 |     214.2
     174    174.3 |     221.5 |     214.5
     175    177.8 |     221.9 |     219.3
     176    179.2 |     222.2 |     219.3
     177    180.3 |     223.3 |     219.4
     178    180.5 |     223.4 |     220.3
     179    180.8 |     223.5 |     220.7
     180    181.0 |     224.0 |     221.1
     181    181.1 |     224.6 |     221.7
     182    181.5 |     224.8 |     223.9
     183    181.5 |     226.1 |     224.1
     184    181.6 |     230.1 |     224.3
     185    181.7 |     230.5 |     225.3
     186    182.8 |     231.2 |     230.4
     187    184.7 |     234.3 |     230.7
     188    184.8 |     235.0 |     232.7
     189    185.9 |     235.4 |     233.3
     190    186.1 |     236.8 |     240.7
     191    186.2 |     236.9 |     241.9
     192    186.4 |     237.3 |     242.6
     193    186.5 |     237.4 |     254.2
     194    187.0 |     238.4 |     254.6
     195    187.2 |     238.6 |     258.2
     196    187.5 |     239.2 |     261.2
     197    187.6 |     239.2 |     261.2
     198    189.1 |     239.5 |     261.4
     199    189.6 |     242.6 |     261.4
     200    189.7 |     245.0 |     261.6
     201    190.1 |     246.5 |     261.8
     202    190.2 |     247.0 |     261.9
     203    190.4 |     247.1 |     262.0
     204    190.4 |     248.5 |     263.0
     205    190.8 |     248.6 |     263.2
     206    191.0 |     249.4 |     268.5
     207    191.6 |     249.6 |     270.0
     208    192.4 |     250.0 |     270.4
     209    192.9 |     250.1 |     271.6
     210    201.6 |     250.4 |     275.7
     211    201.9 |     250.5 |     276.0
     212    202.6 |     250.7 |     277.2
     213    202.7 |     250.8 |     277.4
     214    202.8 |     250.9 |     277.5
     215    202.8 |     251.1 |     277.6
     216    203.0 |     251.3 |     277.6
     217    203.2 |     251.4 |     277.7
     218    203.4 |     251.8 |     277.7
     219    204.0 |     252.0 |     278.0
     220    204.2 |     252.0 |     278.3
     221    204.3 |     252.8 |     279.6
     222    204.7 |     253.5 |     279.8
     223    205.6 |     255.2 |     282.6
     224    206.2 |     258.3 |     283.8
     225    206.6 |     262.0 |     284.4
     226    206.8 |     264.1 |     287.0
     227    206.9 |     266.0 |     290.1
     228    207.0 |     266.1 |     296.1
     229    207.1 |     267.3 |     296.1
     230    207.1 |     267.4 |     296.5
     231    207.2 |     267.6 |     296.6
     232    207.5 |     268.7 |     297.0
     233    210.3 |     270.4 |     297.2
     234    211.3 |     270.4 |     297.3
     235    211.8 |     270.5 |     297.6
     236    212.4 |     270.5 |     297.7
     237    212.8 |     271.0 |     297.8
     238    213.0 |     271.0 |     297.9
     239    213.3 |     271.5 |     297.9
     240    213.8 |     272.2 |     298.0
     241    214.1 |     272.6 |     298.1
     242    214.6 |     272.8 |     298.3
     243    214.7 |     273.1 |     298.3
     244    215.2 |     273.7 |     298.6
     245    215.2 |     274.5 |     298.7
     246    215.7 |     279.4 |     298.9
     247    215.8 |     279.4 |     299.4
     248    215.9 |     280.4 |     300.0
     249    216.3 |     280.9 |     300.2
     250    216.9 |     281.3 |     300.5
     251    216.9 |     281.8 |     300.5
     252    217.0 |     283.8 |     300.6
     253    217.3 |     285.4 |     300.7
     254    217.5 |     286.9 |     300.7
     255    217.7 |     288.5 |     300.7
     256    225.9 |     289.2 |     300.7
     257    227.6 |     289.5 |     300.7
     258    227.8 |     290.4 |     300.8
     259    228.0 |     292.1 |     300.9
     260    229.2 |     292.2 |     301.0
     261    229.2 |     292.5 |     301.0
     262    229.5 |     292.5 |     301.1
     263    230.1 |     292.5 |     301.1
     264    230.3 |     292.5 |     301.5
     265    231.3 |     292.8 |     301.8
     266    231.8 |     294.2 |     301.8
     267    238.2 |     294.2 |     303.6
     268    242.4 |     294.7 |     304.0
     269    243.9 |     296.3 |     304.5
     270    249.3 |     296.5 |     321.6
     271    252.8 |     298.5 |     327.0
     272    257.5 |     298.5 |     327.8
     273    258.7 |     300.2 |     328.6
     274    259.0 |     300.5 |     328.9
     275    260.8 |     303.4 |     328.9
     276    260.9 |     303.8 |     329.2
     277    261.0 |     304.8 |     329.3
     278    261.4 |     305.4 |     329.5
     279    261.9 |     306.3 |     329.7
     280    262.0 |     306.6 |     329.7
     281    262.2 |     306.9 |     329.9
     282    262.6 |     307.7 |     330.3
     283    271.8 |     308.4 |     330.6
     284    273.6 |     308.5 |     333.6
     285    274.0 |     309.5 |     333.8
     286    274.4 |     309.6 |     334.4
     287    275.1 |     309.9 |     334.6
     288    276.1 |     311.4 |     334.6
     289    276.2 |     312.0 |     335.2
     290    276.5 |     312.5 |     335.6
     291    276.9 |     314.5 |     335.7
     292    277.3 |     318.4 |     335.9
     293    277.6 |     319.5 |     336.1
     294    277.6 |     320.1 |     336.1
     295    278.1 |     321.4 |     336.3
     296    280.6 |     323.4 |     336.9
     297    287.9 |     325.3 |     337.1
     298    289.0 |     326.3 |     337.1
     299    289.0 |     328.4 |     338.1
     300    289.4 |     329.1 |     338.2
     301    289.6 |     329.2 |     338.5
     302    289.6 |     329.9 |     339.4
     303    290.2 |     332.2 |     339.6
     304    290.2 |     333.7 |     339.6
     305    290.6 |     334.2 |     339.7
     306    290.9 |     334.5 |     339.8
     307    291.5 |     338.6 |     339.8
     308    292.6 |     338.8 |     339.9
     309    292.8 |     339.5 |     340.0
     310    293.1 |     340.4 |     340.0
     311    293.3 |     340.6 |     340.0
     312    293.5 |     342.1 |     340.0
     313    293.5 |     344.8 |     340.0
     314    294.9 |     345.1 |     340.3
     315    294.9 |     345.1 |     342.0
     316    295.1 |     345.3 |     367.8
     317    295.1 |     345.6 |     367.9
     318    295.2 |     345.9 |     368.1
     319    295.7 |     346.1 |     368.1
     320    298.6 |     347.0 |     368.1
     321    299.0 |     347.0 |     368.3
     322    300.4 |     348.0 |     368.3
     323    300.5 |     348.3 |     368.3
     324    300.8 |     348.8 |     368.4
     325    301.7 |     349.3 |     368.8
     326    301.7 |     349.7 |     370.0
     327    302.3 |     351.2 |     370.7
     328    302.4 |     352.7 |     370.9
     329    302.5 |     357.0 |     370.9
     330    303.1 |     357.6 |     371.0
     331    303.6 |     358.6 |     371.2
     332    304.4 |     358.9 |     371.5
     333    304.5 |     359.3 |     371.7
     334    304.7 |     359.6 |     372.1
     335    305.9 |     359.8 |     372.3
     336    305.9 |     360.4 |     373.1
     337    306.0 |     360.6 |     393.0
     338    306.4 |     360.6 |     395.5
     339    306.5 |     361.5 |     402.5
     340    312.0 |     362.9 |     409.1
     341    312.7 |     363.0 |     409.7
     342    312.9 |     365.1 |     411.8
     343    312.9 |     365.6 |     412.0
     344    314.0 |     365.7 |     413.1
     345    314.2 |     366.2 |     414.9
     346    314.2 |     366.4 |     415.7
     347    314.4 |     366.9 |     416.4
     348    314.8 |     368.0 |     416.5
     349    314.9 |     368.2 |     418.4
     350    315.9 |     369.0 |     418.6
     351    316.9 |     369.4 |     419.8
     352    318.3 |     369.6 |     420.3
     353    320.2 |     370.3 |     420.4
     354    321.6 |     371.0 |     421.6
     355    322.6 |     371.2 |     434.0
     356    323.2 |     371.7 |     434.7
     357    327.7 |     373.0 |     436.6
     358    329.0 |     373.2 |     437.3
     359    329.5 |     373.6 |     437.4
     360    330.1 |     373.9 |     437.8
     361    330.2 |     374.4 |     440.3
     362    330.7 |     375.3 |     440.7
     363    331.5 |     376.1 |     440.7
     364    332.1 |     376.3 |     441.1
     365    332.3 |     376.7 |     446.9
     366    333.2 |     380.0 |     447.7
     367    333.8 |     380.5 |     447.8
     368    335.0 |     381.7 |     448.0
     369    336.4 |     381.8 |     448.4
     370    340.5 |     381.8 |     448.6
     371    342.5 |     382.1 |     449.2
     372    344.6 |     382.3 |     449.3
     373    344.8 |     383.4 |     450.3
     374    350.8 |     385.8 |     450.9
     375    352.8 |     386.6 |     453.0
     376    355.6 |     386.6 |     453.0
     377    356.5 |     387.5 |     454.9
     378    358.2 |     389.5 |     455.1
     379    358.7 |     390.8 |     455.5
     380    358.8 |     391.5 |     455.9
     381    358.9 |     391.7 |     456.0
     382    359.1 |     391.7 |     458.2
     383    359.1 |     392.0 |     458.2
     384    360.2 |     392.4 |     459.2
     385    360.5 |     393.0 |     459.8
     386    360.8 |     393.2 |     459.8
     387    361.0 |     394.1 |     516.2
     388    361.3 |     394.3 |     522.3
     389    361.4 |     394.3 |     535.7
     390    361.4 |     395.2 |     535.8
     391    362.2 |     395.4 |     536.3
     392    362.4 |     395.5 |     538.6
     393    362.5 |     395.9 |     539.3
     394    363.2 |     396.6 |     543.9
     395    364.3 |     396.9 |     543.9
     396    365.2 |     399.4 |     545.2
     397    366.6 |     399.5 |     545.5
     398    367.3 |     402.4 |     546.5
     399    370.9 |     402.4 |     546.7
     400    371.2 |     402.6 |     547.3
     401    371.6 |     403.0 |     553.3
     402    371.7 |     403.3 |     553.7
     403    373.2 |     404.0 |     553.9
     404    373.2 |     406.5 |     554.2
     405    373.4 |     406.9 |     554.2
     406    373.7 |     408.3 |     554.3
     407    374.0 |     408.4 |     554.5
     408    374.0 |     408.4 |     556.0
     409    374.1 |     408.6 |     556.4
     410    374.1 |     408.8 |     556.4
     411    374.8 |     408.9 |     556.8
     412    375.1 |     410.6 |     558.5
     413    375.4 |     410.8 |     559.7
     414    375.9 |     410.9 |     561.0
     415    376.3 |     411.1 |     561.5
     416    376.4 |     411.2 |     561.7
     417    376.8 |     412.3 |     564.5
     418    379.3 |     412.3 |     566.8
     419    380.0 |     413.3 |     568.7
     420    383.7 |     414.0 |     568.8
     421    384.4 |     414.5 |     570.0
     422    384.8 |     415.3 |     571.9
     423    384.9 |     415.3 |     573.2
     424    385.3 |     416.2 |     574.0
     425    385.4 |     416.4 |     576.2
     426    385.8 |     416.8 |     581.0
     427    385.9 |     420.3 |     581.1
     428    386.3 |     420.3 |     581.2
     429    386.4 |     420.5 |     581.4
     430    387.0 |     421.4 |     583.2
     431    387.6 |     421.7 |     583.4
     432    388.2 |     424.5 |     583.5
     433    388.4 |     425.0 |     585.6
     434    388.7 |     425.0 |     587.9
     435    389.7 |     427.1 |     602.2
     436    389.8 |     430.2 |     602.5
     437    391.5 |     430.9 |     603.0
     438    391.8 |     431.1 |     603.0
     439    392.1 |     434.5 |     603.0
     440    395.3 |     434.5 |     603.1
     441    397.7 |     435.1 |     603.2
     442    397.8 |     435.7 |     603.3
     443    397.9 |     436.2 |     603.3
     444    400.7 |     439.0 |     603.4
     445    401.2 |     441.2 |     609.7
     446    402.3 |     441.6 |     610.3
     447    403.1 |     441.7 |     614.6
     448    407.8 |     442.1 |     617.3
     449    409.0 |     443.2 |     624.0
     450    423.3 |     444.9 |     624.2
     451    423.8 |     446.9 |     624.5
     452    424.0 |     447.0 |     624.5
     453    424.8 |     449.2 |     624.6
     454    425.4 |     451.2 |     624.6
     455    426.4 |     453.0 |     624.7
     456    427.0 |     453.2 |     624.7
     457    427.1 |     454.0 |     624.9
     458    427.9 |     460.6 |     625.0
     459    429.2 |     462.5 |     649.5
     460    446.6 |     464.9 |     651.3
     461    448.1 |     465.1 |     651.6
     462    448.3 |     468.1 |     651.8
     463    449.3 |     468.2 |     652.0
     464    449.7 |     468.8 |     652.1
     465    450.3 |     471.4 |     652.1
     466    450.5 |     475.1 |     652.2
     467    450.8 |     475.4 |     652.4
     468    451.9 |     475.5 |     652.5
     469    452.1 |     476.3 |     653.4
     470    454.9 |     476.6 |     663.8
     471    455.2 |     477.1 |     667.5
     472    455.2 |     477.2 |     667.8
     473    456.4 |     485.3 |     676.5
     474    456.7 |     489.1 |     680.5
     475    456.8 |     490.3 |     680.8
     476    456.8 |     490.7 |     680.8
     477    456.9 |     490.8 |     681.1
     478    457.0 |     495.8 |     681.4
     479    457.0 |     496.8 |     681.7
     480    457.3 |     496.9 |     681.8
     481    457.4 |     513.2 |     682.1
     482    457.7 |     516.8 |     685.7
     483    457.8 |     521.1 |     686.4
     484    458.1 |     525.3 |     686.5
     485    458.4 |     526.6 |     686.7
     486    458.7 |     537.5 |     687.7
     487    459.2 |     542.4 |     696.1
     488    460.0 |     543.2 |     700.9
     489    460.4 |     547.8 |     704.0
     490    460.6 |     548.8 |     705.0
     491    461.2 |     554.5 |     705.3
     492    462.2 |     559.0 |     705.5
     493    462.8 |     560.5 |     706.0
     494    462.8 |     561.7 |     706.9
     495    463.5 |     567.0 |     707.0
     496    463.7 |     570.0 |     707.1
     497    463.9 |     570.4 |     707.9
     498    464.1 |     570.8 |     708.7
     499    464.3 |     570.9 |     709.1
     500    481.0 |     570.9 |     712.1
     501    481.2 |     571.0 |     723.7
     502    481.7 |     571.0 |     723.7
     503    481.8 |     571.1 |     723.8
     504    482.0 |     571.2 |     723.8
     505    482.1 |     571.2 |     723.8
     506    483.1 |     576.6 |     723.8
     507    483.2 |     584.3 |     723.9
     508    483.7 |     584.7 |     723.9
     509    483.9 |     585.3 |     723.9
     510    484.3 |     589.4 |     724.1
     511    485.6 |     594.2 |     725.6
     512    487.4 |     598.6 |     725.6
     513    488.9 |     601.3 |     725.8
     514    491.8 |     603.8 |     725.8
     515    494.2 |     615.0 |     725.9
     516    494.6 |     616.0 |     726.0
     517    496.5 |     624.4 |     726.0
     518    497.6 |     628.1 |     726.0
     519    499.3 |     630.4 |     726.3
     520    683.5 |     636.7 |     726.4
     521    684.3 |     641.8 |     745.1
     522    686.4 |     642.0 |     746.5
     523    689.7 |     642.0 |     746.5
     524    691.3 |     642.0 |     747.1
     525    692.5 |     642.2 |     747.5
     526    693.8 |     642.3 |     748.5
     527    694.5 |     644.2 |     749.6
     528    697.4 |     645.5 |     749.9
     529    698.7 |     650.3 |     750.3
     530    700.1 |     657.5 |     750.6
     531    707.3 |     661.8 |     751.0
     532    713.5 |     679.3 |     751.0
     533    714.1 |     682.8 |     751.5
     534    715.2 |     690.5 |     751.6
     535    718.6 |     701.7 |     751.6
     536    719.1 |     706.8 |     751.7
     537    720.6 |     736.3 |     751.9
     538    720.6 |     736.3 |     751.9
     539    723.4 |     736.4 |     755.8
     540    728.1 |     737.4 |     755.8
     541    734.7 |     737.8 |     756.7
     542    741.4 |     738.4 |     762.5
     543    742.6 |     738.8 |     764.4
     544    743.8 |     738.9 |     765.4
     545    746.2 |     740.4 |     766.0
     546    747.4 |     741.0 |     766.5
     547    747.9 |     761.5 |     766.9
     548    749.7 |     791.8 |     766.9
     549    753.1 |     803.1 |     767.8
     550    754.5 |     803.9 |     768.0
     551    754.6 |     809.9 |     768.1
     552    754.9 |     815.2 |     769.0
     553    755.7 |     818.9 |     769.7
     554    756.9 |     820.5 |     769.8
     555    758.2 |     821.4 |     771.6
     556    758.7 |     823.0 |     772.2
     557    762.4 |     826.1 |     772.6
     558    764.9 |     833.0 |     772.8
     559    765.9 |     858.2 |     773.3
     560    766.0 |     880.0 |     773.6
     561    766.3 |     906.8 |     774.7
     562    768.3 |     913.4 |     774.7
     563    773.5 |     920.9 |     777.0
     564    775.5 |     924.3 |     777.5
     565    778.7 |     924.6 |     778.7
     566    780.0 |     924.8 |     787.0
     567    788.8 |     926.1 |     792.1
     568    798.5 |     940.1 |     792.5
     569    803.6 |     944.0 |     792.7
     570    805.8 |     953.4 |     795.1
     571    807.2 |     963.4 |     796.1
     572    807.6 |     971.1 |     802.9
     573    812.4 |     977.6 |     804.2
     574    813.3 |     988.7 |     804.4
     575    814.5 |    1001.1 |     807.5
     576    815.7 |    1002.7 |     810.2
     577    816.0 |    1002.9 |     812.0
     578    818.2 |    1005.5 |     813.0
     579    818.8 |    1006.6 |     820.7
     580    818.9 |    1011.9 |     820.7
     581    820.0 |    1015.8 |     827.2
     582    820.5 |    1019.2 |     827.6
     583    821.4 |    1021.0 |     827.9
     584    821.5 |    1022.6 |     828.5
     585    823.0 |    1037.6 |     828.7
     586    823.1 |    1052.0 |     834.5
     587    823.5 |    1105.7 |     834.9
     588    823.6 |    1111.7 |     835.8
     589    825.4 |    1119.4 |     836.2
     590    825.5 |    1144.8 |     836.3
     591    826.0 |    1146.1 |     836.3
     592    826.3 |    1146.1 |     836.3
     593    827.9 |    1147.6 |     836.4
     594    829.9 |    1147.7 |     836.5
     595    831.2 |    1148.0 |     836.6
     596    831.7 |    1148.3 |     836.6
     597    832.3 |    1149.1 |     836.7
     598    833.0 |    1149.4 |     836.7
     599    833.2 |    1149.5 |     836.8
     600    833.5 |    1155.7 |     837.1
     601    838.1 |    1155.8 |     838.4
     602    838.8 |    1158.4 |     838.5
     603    839.5 |    1158.7 |     838.5
     604    840.8 |    1158.7 |     838.6
     605    842.5 |    1159.1 |     838.9
     606    843.3 |    1159.3 |     839.0
     607    844.3 |    1159.3 |     839.5
     608    844.5 |    1159.8 |     839.5
     609    846.5 |    1159.8 |     839.8
     610    848.3 |    1159.8 |     839.9
     611    848.7 |    1166.1 |     839.9
     612    854.2 |    1172.4 |     840.3
     613    854.8 |    1201.9 |     840.5
     614    855.9 |    1206.1 |     840.6
     615    856.2 |    1217.9 |     840.8
     616    856.7 |    1219.5 |     840.8
     617    857.3 |    1221.1 |     841.2
     618    857.9 |    1221.3 |     841.2
     619    858.8 |    1222.0 |     841.3
     620    859.0 |    1222.2 |     841.5
     621    861.0 |    1222.5 |     841.6
     622    862.4 |    1222.8 |     841.7
     623    864.1 |    1223.0 |     841.7
     624    865.7 |    1223.2 |     841.7
     625    866.0 |    1224.2 |     841.8
     626    867.1 |    1233.2 |     841.8
     627    867.7 |    1251.9 |     841.9
     628    867.9 |    1269.0 |     842.0
     629    868.4 |    1291.3 |     842.1
     630    872.3 |    1291.4 |     842.2
     631    872.7 |    1294.4 |     842.2
     632    874.2 |    1295.5 |     842.6
     633    874.5 |    1295.5 |     842.6
     634    874.6 |    1296.7 |     842.6
     635    875.4 |    1300.0 |     842.7
     636    876.9 |    1300.8 |     842.7
     637    877.9 |    1301.5 |     842.7
     638    878.5 |    1304.0 |     842.7
     639    881.1 |    1322.0 |     842.8
     640    881.9 |    1351.3 |     842.8
     641    882.8 |    1353.9 |     842.9
     642    884.2 |    1355.2 |     843.0
     643    886.0 |    1355.5 |     843.0
     644    886.6 |    1355.6 |     843.6
     645    886.8 |    1356.8 |     843.6
     646    887.1 |    1357.0 |     844.5
     647    888.1 |    1357.3 |     844.5
     648    892.2 |    1357.9 |     844.8
     649    897.4 |    1359.3 |     844.8
     650    899.5 |    1369.7 |     845.1
     651    906.8 |    1370.3 |     845.1
     652    908.4 |    1371.2 |     845.1
     653    917.8 |    1372.0 |     845.2
     654    918.2 |    1373.5 |     845.2
     655    918.8 |    1373.6 |     845.2
     656    920.5 |    1374.0 |     845.7
     657    921.7 |    1375.1 |     846.2
     658    922.2 |    1375.3 |     846.4
     659    922.5 |    1375.4 |     846.9
     660    923.7 |    1375.5 |     847.1
     661    924.3 |    1376.6 |     847.5
     662    924.9 |    1376.9 |     847.7
     663    927.4 |    1377.1 |     849.2
     664    927.8 |    1377.2 |     849.2
     665    927.8 |    1377.3 |     849.3
     666    928.5 |    1377.3 |     849.3
     667    928.8 |    1378.4 |     849.3
     668    931.7 |    1378.9 |     849.4
     669    932.2 |    1379.1 |     849.5
     670    933.2 |    1549.9 |     849.5
     671    935.0 |    1550.4 |     849.5
     672    938.5 |    1550.6 |     849.5
     673    941.5 |    1550.7 |     850.6
     674    944.9 |    1551.0 |     850.7
     675    980.7 |    1551.3 |     850.7
     676   1006.2 |    1551.7 |     850.7
     677   1011.5 |    1551.9 |     850.7
     678   1018.9 |    1552.6 |     850.7
     679   1020.1 |    1552.6 |     850.8
     680   1028.5 |    1581.4 |     850.8
     681   1029.1 |    1590.9 |     851.0
     682   1040.7 |    1599.7 |     851.0
     683   1047.5 |    1600.8 |     851.0
     684   1057.1 |    1606.8 |     851.0
     685   1057.1 |    1615.2 |     851.0
     686   1057.9 |    1626.1 |     851.0
     687   1064.4 |    1627.8 |     851.2
     688   1124.2 |    1634.6 |     851.2
     689   1133.9 |    1637.9 |     851.2
     690   1143.0 |    1736.3 |     851.2
     691   1148.0 |    1749.2 |     851.2
     692   1153.6 |    1761.7 |     851.4
     693   1154.6 |    1772.2 |     852.5
     694   1156.6 |    1794.1 |     852.5
     695   1157.1 |    1795.9 |     852.5
     696   1157.5 |    1796.7 |     852.5
     697   1157.6 |    1797.3 |     852.5
     698   1160.1 |    1800.1 |     852.5
     699   1160.3 |    1800.2 |     852.6
     700   1162.6 |    1800.3 |     852.6
     701   1167.7 |    1800.6 |     852.6
     702   1168.2 |    1800.7 |     852.6
     703   1168.9 |    1801.6 |     852.6
     704   1170.1 |    1802.0 |     852.6
     705   1172.7 |    1803.0 |     852.7
     706   1173.3 |    1803.1 |     852.7
     707   1173.9 |    1804.1 |     852.8
     708   1175.1 |    1804.4 |     852.8
     709   1175.3 |    1805.0 |     852.8
     710   1176.4 |    1805.0 |     852.8
     711   1176.7 |    1805.1 |     852.9
     712   1177.4 |    1805.5 |     853.0
     713   1177.7 |    1806.7 |     857.1
     714   1179.6 |    1807.9 |     857.3
     715   1179.8 |    1810.1 |     857.3
     716   1180.1 |    1811.5 |     857.8
     717   1181.5 |    1812.3 |     857.9
     718   1181.6 |    1814.6 |     858.3
     719   1184.5 |    1815.8 |     858.3
     720   1185.5 |    1816.6 |     858.5
     721   1185.6 |    1817.1 |     858.5
     722   1186.7 |    1817.5 |     858.9
     723   1187.5 |    1817.9 |     858.9
     724   1193.7 |    1818.5 |     859.1
     725   1193.8 |    1819.1 |     859.3
     726   1197.3 |    1819.3 |     859.3
     727   1199.2 |    1819.9 |     859.5
     728   1199.5 |    1822.9 |     859.5
     729   1203.1 |    1965.9 |     859.6
     730   1203.6 |    1966.3 |     859.6
     731   1203.9 |    1966.8 |     859.6
     732   1203.9 |    1967.0 |     859.7
     733   1205.7 |    1967.4 |     859.7
     734   1205.9 |    1969.1 |     859.8
     735   1207.0 |    1969.2 |     859.9
     736   1208.2 |    1970.0 |     859.9
     737   1208.5 |    1970.1 |     859.9
     738   1208.5 |    1970.7 |     859.9
     739   1208.6 |    2006.7 |     859.9
     740   1208.8 |    2008.8 |     859.9
     741   1209.8 |    2008.9 |     860.0
     742   1210.0 |    2009.4 |     860.0
     743   1210.3 |    2009.6 |     860.2
     744   1210.6 |    2011.3 |     860.4
     745   1211.2 |    2011.6 |     860.4
     746   1211.4 |    2012.0 |     860.5
     747   1211.6 |    2012.2 |     860.7
     748   1212.7 |    2015.1 |     860.8
     749   1213.4 |    2015.7 |     860.9
     750   1214.5 |    2880.0 |     861.0
     751   1215.6 |    2880.3 |     861.0
     752   1216.5 |    2883.0 |     861.2
     753   1216.6 |    2885.9 |     861.3
     754   1216.8 |    2921.6 |     861.7
     755   1217.0 |    2928.1 |     862.8
     756   1218.3 |    3007.3 |     863.0
     757   1218.3 |    3008.5 |     863.5
     758   1219.6 |    3019.4 |     864.2
     759   1219.7 |    3020.9 |     864.3
     760   1220.0 |    3021.5 |     864.3
     761   1220.0 |    3021.5 |     864.3
     762   1220.8 |    3022.8 |     864.4
     763   1221.8 |    3023.3 |     864.4
     764   1222.2 |    3023.5 |     864.4
     765   1223.9 |    3023.7 |     864.5
     766   1224.0 |    3025.9 |     864.6
     767   1224.5 |    3025.9 |     864.7
     768   1224.6 |    3025.9 |     864.8
     769   1225.7 |    3026.3 |     865.1
     770   1225.7 |    3068.1 |     867.3
     771   1226.2 |    3069.0 |     868.3
     772   1226.8 |    3069.4 |     868.5
     773   1227.4 |    3069.5 |     869.0
     774   1228.4 |    3070.1 |     869.0
     775   1228.5 |    3070.2 |     869.0
     776   1228.7 |    3070.4 |     869.1
     777   1230.4 |    3070.5 |     869.1
     778   1230.6 |    3070.6 |     869.1
     779   1230.8 |    3075.0 |     869.2
     780   1232.6 |    3109.2 |     869.3
     781   1232.8 |    3109.4 |     869.4
     782   1232.9 |    3109.7 |     870.8
     783   1233.0 |    3110.0 |     870.8
     784   1233.4 |    3110.7 |     870.9
     785   1233.9 |    3110.8 |     870.9
     786   1234.7 |    3112.9 |     870.9
     787   1234.8 |    3113.1 |     870.9
     788   1235.4 |    3113.4 |     871.0
     789   1236.9 |    3113.5 |     871.0
     790   1237.5 |    3113.6 |     871.0
     791   1237.8 |    3117.8 |     871.0
     792   1237.8 |    3119.1 |     871.3
     793   1238.5 |    3119.3 |     871.5
     794   1238.9 |    3119.5 |     872.8
     795   1239.3 |    3119.5 |     873.4
     796   1239.4 |    3119.9 |     873.8
     797   1240.1 |    3121.0 |     873.8
     798   1243.7 |    3123.1 |     874.2
     799   1244.5 |    3123.1 |     874.4
     800   1245.4 |    3125.6 |     875.9
     801   1246.1 |    3126.6 |     877.0
     802   1247.4 |    3128.5 |     878.5
     803   1247.4 |    3128.7 |     878.8
     804   1248.1 |    3129.2 |     880.0
     805   1248.2 |    3129.5 |     880.4
     806   1248.6 |    3132.9 |     880.8
     807   1250.7 |    3133.5 |     881.0
     808   1254.7 |    3135.5 |     885.0
     809   1254.9 |    3137.1 |     885.1
     810   1256.1 |    3138.9 |     885.7
     811   1257.1 |    3139.6 |     885.8
     812   1257.2 |    3141.0 |     886.0
     813   1259.0 |    3141.0 |     886.0
     814   1261.7 |    3141.7 |     886.3
     815   1264.0 |    3142.4 |     886.4
     816   1266.9 |    3143.8 |     886.6
     817   1269.1 |    3145.5 |     886.6
     818   1269.4 |    3147.8 |     886.7
     819   1270.0 |    3148.3 |     886.7
     820   1271.7 |    3151.0 |     887.1
     821   1273.3 |    3154.9 |     887.3
     822   1274.4 |    3156.9 |     888.9
     823   1274.9 |    3162.5 |     889.2
     824   1275.0 |    3163.4 |     890.3
     825   1276.3 |    3165.3 |     890.9
     826   1279.6 |    3166.2 |     891.2
     827   1283.7 |    3167.3 |     892.4
     828   1283.9 |    3170.7 |     892.6
     829   1294.5 |    3170.9 |     893.4
     830   1298.6 |    3170.9 |     893.6
     831   1301.5 |    3171.0 |     893.6
     832   1303.9 |    3171.0 |     893.8
     833   1303.9 |    3171.5 |     893.8
     834   1305.0 |    3171.8 |     893.9
     835   1306.5 |    3172.3 |     893.9
     836   1308.7 |    3172.4 |     893.9
     837   1309.7 |    3172.6 |     894.1
     838   1311.5 |    3172.6 |     894.1
     839   1315.5 |    3173.4 |     894.2
     840   1318.3 |    3176.5 |     894.4
     841   1319.4 |    3177.1 |     894.4
     842   1319.4 |    3177.5 |     894.5
     843   1320.8 |    3177.8 |     894.5
     844   1323.7 |    3177.9 |     894.8
     845   1327.2 |    3179.3 |     894.9
     846   1332.3 |    3180.3 |     895.0
     847   1334.0 |    3180.5 |     895.8
     848   1344.9 |    3182.2 |     895.8
     849   1350.2 |    3183.2 |     896.6
     850   1371.7 |    3183.2 |     897.2
     851   1377.8 |    3183.5 |     897.7
     852   1382.6 |    3183.5 |     897.8
     853   1384.2 |    3183.5 |     897.9
     854   1408.6 |    3183.5 |     898.0
     855   1415.8 |    3184.4 |     898.1
     856   1419.8 |    3186.0 |     898.2
     857   1422.1 |    3186.9 |     898.4
     858   1424.5 |    3188.9 |     898.8
     859   1425.3 |    3190.4 |     899.1
     860   1425.5 |    3190.6 |     899.4
     861   1428.2 |    3191.0 |     899.4
     862   1431.0 |    3191.6 |     899.5
     863   1432.5 |    3191.7 |     899.5
     864   1432.8 |    3191.7 |     899.7
     865   1433.0 |    3191.9 |     900.4
     866   1434.8 |    3192.5 |     900.4
     867   1435.0 |    3193.3 |     900.7
     868   1435.3 |    3193.5 |     900.9
     869   1435.7 |    3194.8 |     901.0
     870   1436.3 |    3195.7 |     901.5
     871   1440.5 |    3196.0 |     901.6
     872   1440.6 |    3204.7 |     902.4
     873   1443.1 |    3204.7 |     902.5
     874   1443.6 |    3204.7 |     902.7
     875   1444.7 |    3205.0 |     902.8
     876   1445.3 |    3205.1 |     902.8
     877   1445.6 |    3205.2 |     902.8
     878   1445.9 |    3205.2 |     903.3
     879   1447.0 |    3205.2 |     903.3
     880   1447.8 |    3205.5 |     903.3
     881   1450.1 |    3206.2 |     903.7
     882   1450.8 |    3206.9 |     907.3
     883   1451.8 |    3208.7 |     907.8
     884   1452.0 |    3211.3 |     908.1
     885   1453.8 |    3211.3 |     908.6
     886   1454.5 |    3212.1 |     908.8
     887   1456.5 |    3212.2 |     909.3
     888   1456.8 |    3212.3 |     909.9
     889   1458.7 |    3212.4 |     912.2
     890   1458.8 |    3212.7 |     912.3
     891   1461.7 |    3212.7 |     913.0
     892   1464.9 |    3212.9 |     914.3
     893   1465.0 |    3213.1 |     920.1
     894   1465.3 |    3213.2 |     921.4
     895   1468.1 |    3213.5 |     921.4
     896   1469.3 |    3213.7 |     921.7
     897   1473.6 |    3213.8 |     922.3
     898   1480.6 |    3214.1 |     922.5
     899   1481.7 |    3215.2 |     922.6
     900   1497.1 |    3216.6 |     922.6
     901   2777.4 |    3216.8 |     922.7
     902   2785.2 |    3217.2 |     922.8
     903   2806.3 |    3218.0 |     922.8
     904   2823.5 |    3218.0 |     923.2
     905   2915.8 |    3218.6 |     923.4
     906   2920.3 |    3218.8 |     924.1
     907   2936.9 |    3218.9 |     927.5
     908   2942.5 |    3219.3 |     927.9
     909   2944.0 |    3219.5 |     928.0
     910   2947.3 |    3221.0 |     928.4
     911   2948.1 |    3221.5 |     928.4
     912   2949.1 |    3223.7 |     928.4
     913   2949.9 |    3224.1 |     928.5
     914   2951.6 |    3225.1 |     928.7
     915   2952.2 |    3225.2 |     928.7
     916   2953.0 |    3225.2 |     928.9
     917   2954.4 |    3225.2 |     929.4
     918   2955.5 |    3225.2 |     931.8
     919   2955.8 |    3225.3 |     938.7
     920   2960.5 |    3225.5 |     939.7
     921   2963.6 |    3226.0 |     941.1
     922   2963.7 |    3226.3 |     941.4
     923   2964.2 |    3226.7 |     941.4
     924   2964.8 |    3232.4 |     941.7
     925   2967.9 |    3232.4 |     943.0
     926   2968.5 |    3232.7 |     943.4
     927   2971.4 |    3232.7 |     945.5
     928   2972.8 |    3232.8 |     945.8
     929   2976.6 |    3232.8 |     945.9
     930   2980.1 |    3233.0 |     946.0
     931   2982.1 |    3233.5 |     946.1
     932   2982.3 |    3233.5 |     946.1
     933   2982.9 |    3234.0 |     946.2
     934   2988.6 |    3241.0 |     946.5
     935   2989.3 |    3241.0 |     946.7
     936   2995.3 |    3241.3 |     946.8
     937   2998.2 |    3241.7 |     947.0
     938   3001.0 |    3241.8 |     947.2
     939   3002.5 |    3242.0 |     947.5
     940   3004.0 |    3242.3 |     948.0
     941   3005.3 |    3242.4 |     948.1
     942   3008.1 |    3242.7 |     949.0
     943   3009.5 |    3243.5 |     950.3
     944   3009.9 |    3257.4 |     951.4
     945   3011.5 |    3259.1 |     954.6
     946   3018.5 |    3260.7 |     955.8
     947   3024.8 |    3262.3 |     957.0
  -------------------------------------------------------
    RMSD          |     764.4 |     498.8
     MAE          |     423.3 |     251.8
=========================================================



==========================================
  TIMING [JAX (gpu) + MM3 + JaxOpt L-BFGS]
==========================================
  Optimization S               849.35 s
  Function Evaluations              200
  Per Evaluation S               4.25 s
==========================================


