
======================================================
  SUMMARY [JAX (gpu) + MM3 + Optax Adam]
======================================================
  RMSD (cm⁻¹):       764.4 → 332.3
  Score:             567.536777 → 142.660639  (+74.9%)
  Function evals:    2001
  Wall time:         366.9s
  Scipy converged:   False
  Scipy message:     Max steps (2000) reached
======================================================



======================================================
  FREQUENCY PROGRESSION [JAX (gpu) + MM3 + Optax Adam]
======================================================
    Mode   QM ref |   QFUERZA | Optimized
  ----------------------------------------------------
       1     50.2 |      51.1 |      52.0
       2     50.3 |      51.2 |      53.3
       3     50.8 |      55.3 |      53.9
       4     50.9 |      57.5 |      54.1
       5     51.3 |      58.1 |      54.4
       6     52.3 |      58.2 |      57.6
       7     52.3 |      60.4 |      61.0
       8     52.5 |      61.2 |      61.3
       9     53.6 |      61.4 |      64.2
      10     53.6 |      61.9 |      65.0
      11     55.8 |      62.2 |      65.4
      12     56.5 |      66.3 |      66.4
      13     58.2 |      66.7 |      69.1
      14     61.1 |      66.7 |      69.3
      15     61.9 |      66.8 |      70.6
      16     61.9 |      68.2 |      72.8
      17     62.0 |      68.5 |      73.9
      18     62.2 |      68.7 |      75.6
      19     62.3 |      68.7 |      77.5
      20     62.7 |      70.2 |      79.6
      21     63.4 |      71.3 |      79.7
      22     63.4 |      73.2 |      79.8
      23     63.4 |      75.2 |      81.1
      24     63.5 |      75.3 |      81.3
      25     64.1 |      76.9 |      82.9
      26     64.5 |      78.1 |      83.6
      27     64.5 |      78.6 |      85.3
      28     65.4 |      78.6 |      87.1
      29     65.7 |      79.0 |      91.1
      30     65.8 |      79.2 |      97.6
      31     65.9 |      79.8 |      98.0
      32     66.3 |      80.9 |      98.4
      33     66.3 |      80.9 |      99.5
      34     66.4 |      81.0 |      99.7
      35     66.5 |      81.7 |     101.3
      36     66.5 |      82.2 |     101.5
      37     66.6 |      83.1 |     101.7
      38     67.0 |      84.1 |     104.4
      39     67.2 |      85.7 |     107.0
      40     67.4 |      86.6 |     107.4
      41     67.6 |      87.3 |     110.0
      42     68.0 |      88.8 |     110.1
      43     68.1 |      89.0 |     110.3
      44     68.5 |      90.9 |     111.9
      45     68.7 |      92.6 |     112.4
      46     69.8 |      93.1 |     113.4
      47     69.8 |      93.2 |     114.1
      48     71.1 |      93.6 |     117.9
      49     75.3 |      93.9 |     118.5
      50     76.2 |      94.0 |     119.0
      51     78.3 |      94.4 |     120.3
      52     78.3 |      95.0 |     123.5
      53     79.0 |      95.3 |     125.1
      54     79.6 |      95.4 |     127.0
      55     79.8 |      95.9 |     128.3
      56     80.6 |      96.6 |     128.4
      57     80.7 |      96.7 |     128.9
      58     80.8 |      97.0 |     129.4
      59     80.8 |      98.0 |     129.9
      60     81.1 |      98.6 |     129.9
      61     81.1 |      98.9 |     130.3
      62     82.3 |     100.1 |     131.1
      63     83.1 |     100.1 |     132.4
      64     83.2 |     101.2 |     134.8
      65     83.5 |     101.6 |     137.3
      66     84.3 |     104.4 |     138.2
      67     84.4 |     105.7 |     138.4
      68     86.1 |     106.6 |     146.2
      69     86.4 |     109.2 |     147.8
      70     87.3 |     110.4 |     147.9
      71     87.7 |     110.6 |     148.0
      72     94.4 |     111.2 |     152.2
      73     94.6 |     111.7 |     155.1
      74     96.6 |     115.8 |     155.9
      75     97.9 |     116.1 |     156.9
      76     98.7 |     119.1 |     157.1
      77     99.7 |     120.6 |     158.4
      78    103.3 |     121.6 |     161.0
      79    104.5 |     121.6 |     161.2
      80    104.6 |     123.9 |     161.3
      81    106.1 |     124.2 |     161.5
      82    106.4 |     125.4 |     161.5
      83    108.3 |     128.8 |     166.7
      84    108.7 |     130.0 |     168.4
      85    108.9 |     132.6 |     168.9
      86    109.2 |     136.2 |     168.9
      87    109.9 |     137.7 |     169.2
      88    109.9 |     138.0 |     169.3
      89    110.0 |     139.6 |     169.3
      90    110.1 |     142.6 |     170.8
      91    110.1 |     143.4 |     171.1
      92    110.5 |     150.3 |     171.2
      93    110.7 |     151.1 |     172.3
      94    114.0 |     151.5 |     174.5
      95    115.1 |     151.6 |     175.2
      96    118.7 |     151.7 |     175.9
      97    119.0 |     152.0 |     177.1
      98    125.8 |     153.8 |     177.6
      99    126.5 |     155.8 |     178.8
     100    127.4 |     157.1 |     179.9
     101    128.2 |     157.2 |     180.8
     102    128.6 |     159.4 |     182.4
     103    130.1 |     164.0 |     182.6
     104    130.4 |     164.9 |     187.0
     105    130.4 |     166.7 |     187.2
     106    130.6 |     166.9 |     187.4
     107    130.8 |     167.2 |     189.0
     108    130.9 |     169.3 |     194.4
     109    131.3 |     172.7 |     195.6
     110    131.4 |     172.8 |     197.2
     111    131.7 |     173.9 |     198.8
     112    131.8 |     174.5 |     200.3
     113    131.8 |     175.0 |     200.4
     114    132.0 |     175.4 |     201.0
     115    132.1 |     175.8 |     202.7
     116    132.3 |     176.2 |     203.5
     117    132.5 |     176.4 |     203.8
     118    132.8 |     176.6 |     204.4
     119    133.5 |     177.7 |     204.7
     120    133.5 |     178.2 |     205.1
     121    134.0 |     179.9 |     205.8
     122    134.3 |     181.7 |     205.9
     123    134.6 |     182.8 |     206.3
     124    134.6 |     183.4 |     206.4
     125    135.0 |     183.9 |     207.0
     126    135.1 |     184.5 |     207.1
     127    135.1 |     186.9 |     209.7
     128    135.5 |     187.7 |     210.4
     129    135.6 |     187.7 |     210.8
     130    136.5 |     187.8 |     211.7
     131    136.5 |     188.1 |     211.7
     132    136.9 |     189.0 |     211.8
     133    137.2 |     189.2 |     211.9
     134    137.3 |     190.0 |     213.0
     135    137.6 |     190.3 |     213.3
     136    137.9 |     190.4 |     213.7
     137    138.0 |     190.4 |     214.8
     138    138.2 |     191.1 |     215.0
     139    138.5 |     191.5 |     216.4
     140    145.8 |     191.6 |     217.3
     141    146.3 |     193.4 |     217.4
     142    146.6 |     194.1 |     218.4
     143    146.6 |     196.8 |     219.8
     144    146.9 |     198.2 |     221.2
     145    147.0 |     199.6 |     222.2
     146    147.0 |     199.9 |     222.3
     147    147.2 |     200.0 |     222.6
     148    147.4 |     200.0 |     227.7
     149    147.4 |     200.8 |     228.8
     150    147.6 |     201.7 |     228.9
     151    148.0 |     203.8 |     229.2
     152    148.6 |     204.0 |     229.6
     153    148.8 |     205.4 |     230.8
     154    149.5 |     206.0 |     232.3
     155    149.6 |     206.2 |     234.1
     156    149.7 |     210.5 |     234.4
     157    150.4 |     211.1 |     235.3
     158    152.4 |     213.0 |     236.6
     159    156.7 |     214.4 |     242.1
     160    158.7 |     214.8 |     244.9
     161    159.5 |     216.0 |     245.9
     162    160.1 |     216.5 |     247.0
     163    160.5 |     216.7 |     247.4
     164    160.8 |     217.0 |     249.3
     165    161.1 |     217.3 |     249.9
     166    166.7 |     217.4 |     253.5
     167    166.9 |     218.2 |     254.9
     168    167.3 |     218.3 |     255.0
     169    170.7 |     219.1 |     257.2
     170    171.7 |     219.8 |     263.1
     171    172.9 |     220.1 |     265.0
     172    173.4 |     220.5 |     265.3
     173    173.5 |     220.8 |     265.6
     174    174.3 |     221.5 |     267.0
     175    177.8 |     221.9 |     267.1
     176    179.2 |     222.2 |     267.6
     177    180.3 |     223.3 |     268.3
     178    180.5 |     223.4 |     269.1
     179    180.8 |     223.5 |     269.8
     180    181.0 |     224.0 |     270.8
     181    181.1 |     224.6 |     272.8
     182    181.5 |     224.8 |     272.9
     183    181.5 |     226.1 |     275.1
     184    181.6 |     230.1 |     275.2
     185    181.7 |     230.5 |     277.5
     186    182.8 |     231.2 |     277.6
     187    184.7 |     234.3 |     278.2
     188    184.8 |     235.0 |     278.5
     189    185.9 |     235.4 |     278.8
     190    186.1 |     236.8 |     279.3
     191    186.2 |     236.9 |     279.5
     192    186.4 |     237.3 |     280.6
     193    186.5 |     237.4 |     280.7
     194    187.0 |     238.4 |     281.9
     195    187.2 |     238.6 |     281.9
     196    187.5 |     239.2 |     281.9
     197    187.6 |     239.2 |     282.1
     198    189.1 |     239.5 |     283.5
     199    189.6 |     242.6 |     283.6
     200    189.7 |     245.0 |     284.5
     201    190.1 |     246.5 |     284.5
     202    190.2 |     247.0 |     284.8
     203    190.4 |     247.1 |     285.3
     204    190.4 |     248.5 |     286.6
     205    190.8 |     248.6 |     286.7
     206    191.0 |     249.4 |     288.3
     207    191.6 |     249.6 |     289.2
     208    192.4 |     250.0 |     289.8
     209    192.9 |     250.1 |     290.0
     210    201.6 |     250.4 |     290.1
     211    201.9 |     250.5 |     291.3
     212    202.6 |     250.7 |     291.5
     213    202.7 |     250.8 |     292.0
     214    202.8 |     250.9 |     292.0
     215    202.8 |     251.1 |     292.6
     216    203.0 |     251.3 |     293.0
     217    203.2 |     251.4 |     293.1
     218    203.4 |     251.8 |     293.3
     219    204.0 |     252.0 |     293.5
     220    204.2 |     252.0 |     293.7
     221    204.3 |     252.8 |     294.0
     222    204.7 |     253.5 |     294.8
     223    205.6 |     255.2 |     294.8
     224    206.2 |     258.3 |     295.0
     225    206.6 |     262.0 |     295.4
     226    206.8 |     264.1 |     296.0
     227    206.9 |     266.0 |     297.1
     228    207.0 |     266.1 |     298.0
     229    207.1 |     267.3 |     308.8
     230    207.1 |     267.4 |     319.8
     231    207.2 |     267.6 |     334.9
     232    207.5 |     268.7 |     335.7
     233    210.3 |     270.4 |     336.0
     234    211.3 |     270.4 |     337.0
     235    211.8 |     270.5 |     338.1
     236    212.4 |     270.5 |     339.8
     237    212.8 |     271.0 |     340.8
     238    213.0 |     271.0 |     348.1
     239    213.3 |     271.5 |     354.6
     240    213.8 |     272.2 |     364.5
     241    214.1 |     272.6 |     368.4
     242    214.6 |     272.8 |     370.3
     243    214.7 |     273.1 |     370.5
     244    215.2 |     273.7 |     371.5
     245    215.2 |     274.5 |     372.6
     246    215.7 |     279.4 |     372.7
     247    215.8 |     279.4 |     372.8
     248    215.9 |     280.4 |     373.1
     249    216.3 |     280.9 |     373.9
     250    216.9 |     281.3 |     374.3
     251    216.9 |     281.8 |     375.3
     252    217.0 |     283.8 |     377.6
     253    217.3 |     285.4 |     378.3
     254    217.5 |     286.9 |     379.1
     255    217.7 |     288.5 |     379.2
     256    225.9 |     289.2 |     379.8
     257    227.6 |     289.5 |     380.1
     258    227.8 |     290.4 |     380.6
     259    228.0 |     292.1 |     381.2
     260    229.2 |     292.2 |     381.4
     261    229.2 |     292.5 |     381.6
     262    229.5 |     292.5 |     381.8
     263    230.1 |     292.5 |     381.9
     264    230.3 |     292.5 |     384.8
     265    231.3 |     292.8 |     385.0
     266    231.8 |     294.2 |     385.0
     267    238.2 |     294.2 |     386.1
     268    242.4 |     294.7 |     386.9
     269    243.9 |     296.3 |     387.0
     270    249.3 |     296.5 |     387.6
     271    252.8 |     298.5 |     388.4
     272    257.5 |     298.5 |     388.5
     273    258.7 |     300.2 |     394.1
     274    259.0 |     300.5 |     398.1
     275    260.8 |     303.4 |     402.7
     276    260.9 |     303.8 |     406.3
     277    261.0 |     304.8 |     409.6
     278    261.4 |     305.4 |     420.4
     279    261.9 |     306.3 |     420.5
     280    262.0 |     306.6 |     420.9
     281    262.2 |     306.9 |     421.2
     282    262.6 |     307.7 |     421.8
     283    271.8 |     308.4 |     422.7
     284    273.6 |     308.5 |     430.0
     285    274.0 |     309.5 |     433.4
     286    274.4 |     309.6 |     434.1
     287    275.1 |     309.9 |     437.0
     288    276.1 |     311.4 |     442.7
     289    276.2 |     312.0 |     444.4
     290    276.5 |     312.5 |     447.6
     291    276.9 |     314.5 |     452.6
     292    277.3 |     318.4 |     457.8
     293    277.6 |     319.5 |     459.9
     294    277.6 |     320.1 |     461.0
     295    278.1 |     321.4 |     462.6
     296    280.6 |     323.4 |     463.3
     297    287.9 |     325.3 |     465.5
     298    289.0 |     326.3 |     465.9
     299    289.0 |     328.4 |     467.3
     300    289.4 |     329.1 |     468.0
     301    289.6 |     329.2 |     469.2
     302    289.6 |     329.9 |     469.3
     303    290.2 |     332.2 |     469.9
     304    290.2 |     333.7 |     469.9
     305    290.6 |     334.2 |     471.2
     306    290.9 |     334.5 |     471.3
     307    291.5 |     338.6 |     472.7
     308    292.6 |     338.8 |     476.4
     309    292.8 |     339.5 |     479.0
     310    293.1 |     340.4 |     485.7
     311    293.3 |     340.6 |     490.4
     312    293.5 |     342.1 |     491.3
     313    293.5 |     344.8 |     494.3
     314    294.9 |     345.1 |     494.8
     315    294.9 |     345.1 |     502.1
     316    295.1 |     345.3 |     502.1
     317    295.1 |     345.6 |     502.4
     318    295.2 |     345.9 |     503.9
     319    295.7 |     346.1 |     505.8
     320    298.6 |     347.0 |     507.7
     321    299.0 |     347.0 |     507.9
     322    300.4 |     348.0 |     508.3
     323    300.5 |     348.3 |     509.1
     324    300.8 |     348.8 |     509.2
     325    301.7 |     349.3 |     509.4
     326    301.7 |     349.7 |     510.7
     327    302.3 |     351.2 |     511.4
     328    302.4 |     352.7 |     513.3
     329    302.5 |     357.0 |     515.6
     330    303.1 |     357.6 |     515.7
     331    303.6 |     358.6 |     520.8
     332    304.4 |     358.9 |     521.6
     333    304.5 |     359.3 |     521.6
     334    304.7 |     359.6 |     522.3
     335    305.9 |     359.8 |     525.7
     336    305.9 |     360.4 |     526.1
     337    306.0 |     360.6 |     526.7
     338    306.4 |     360.6 |     526.7
     339    306.5 |     361.5 |     527.2
     340    312.0 |     362.9 |     535.3
     341    312.7 |     363.0 |     536.2
     342    312.9 |     365.1 |     536.6
     343    312.9 |     365.6 |     541.3
     344    314.0 |     365.7 |     542.0
     345    314.2 |     366.2 |     542.9
     346    314.2 |     366.4 |     556.9
     347    314.4 |     366.9 |     562.1
     348    314.8 |     368.0 |     562.1
     349    314.9 |     368.2 |     563.2
     350    315.9 |     369.0 |     564.2
     351    316.9 |     369.4 |     565.2
     352    318.3 |     369.6 |     569.3
     353    320.2 |     370.3 |     571.8
     354    321.6 |     371.0 |     572.3
     355    322.6 |     371.2 |     573.6
     356    323.2 |     371.7 |     574.0
     357    327.7 |     373.0 |     576.6
     358    329.0 |     373.2 |     576.8
     359    329.5 |     373.6 |     583.0
     360    330.1 |     373.9 |     584.4
     361    330.2 |     374.4 |     585.3
     362    330.7 |     375.3 |     585.8
     363    331.5 |     376.1 |     586.5
     364    332.1 |     376.3 |     588.1
     365    332.3 |     376.7 |     588.9
     366    333.2 |     380.0 |     589.9
     367    333.8 |     380.5 |     593.8
     368    335.0 |     381.7 |     596.9
     369    336.4 |     381.8 |     596.9
     370    340.5 |     381.8 |     600.2
     371    342.5 |     382.1 |     602.8
     372    344.6 |     382.3 |     603.3
     373    344.8 |     383.4 |     605.4
     374    350.8 |     385.8 |     605.5
     375    352.8 |     386.6 |     605.6
     376    355.6 |     386.6 |     605.8
     377    356.5 |     387.5 |     607.0
     378    358.2 |     389.5 |     607.1
     379    358.7 |     390.8 |     607.7
     380    358.8 |     391.5 |     608.1
     381    358.9 |     391.7 |     608.1
     382    359.1 |     391.7 |     609.4
     383    359.1 |     392.0 |     609.6
     384    360.2 |     392.4 |     611.1
     385    360.5 |     393.0 |     614.6
     386    360.8 |     393.2 |     615.5
     387    361.0 |     394.1 |     615.5
     388    361.3 |     394.3 |     616.2
     389    361.4 |     394.3 |     617.1
     390    361.4 |     395.2 |     621.2
     391    362.2 |     395.4 |     624.8
     392    362.4 |     395.5 |     624.8
     393    362.5 |     395.9 |     625.0
     394    363.2 |     396.6 |     625.5
     395    364.3 |     396.9 |     626.1
     396    365.2 |     399.4 |     626.6
     397    366.6 |     399.5 |     628.1
     398    367.3 |     402.4 |     629.4
     399    370.9 |     402.4 |     632.2
     400    371.2 |     402.6 |     634.5
     401    371.6 |     403.0 |     635.0
     402    371.7 |     403.3 |     635.8
     403    373.2 |     404.0 |     637.3
     404    373.2 |     406.5 |     638.5
     405    373.4 |     406.9 |     641.0
     406    373.7 |     408.3 |     642.3
     407    374.0 |     408.4 |     642.5
     408    374.0 |     408.4 |     643.1
     409    374.1 |     408.6 |     643.3
     410    374.1 |     408.8 |     643.4
     411    374.8 |     408.9 |     646.3
     412    375.1 |     410.6 |     647.8
     413    375.4 |     410.8 |     647.8
     414    375.9 |     410.9 |     647.9
     415    376.3 |     411.1 |     650.4
     416    376.4 |     411.2 |     651.8
     417    376.8 |     412.3 |     654.7
     418    379.3 |     412.3 |     658.7
     419    380.0 |     413.3 |     659.2
     420    383.7 |     414.0 |     659.5
     421    384.4 |     414.5 |     661.1
     422    384.8 |     415.3 |     662.0
     423    384.9 |     415.3 |     662.0
     424    385.3 |     416.2 |     665.0
     425    385.4 |     416.4 |     666.2
     426    385.8 |     416.8 |     670.3
     427    385.9 |     420.3 |     677.3
     428    386.3 |     420.3 |     677.6
     429    386.4 |     420.5 |     677.9
     430    387.0 |     421.4 |     679.8
     431    387.6 |     421.7 |     680.5
     432    388.2 |     424.5 |     680.6
     433    388.4 |     425.0 |     682.3
     434    388.7 |     425.0 |     685.8
     435    389.7 |     427.1 |     686.8
     436    389.8 |     430.2 |     687.9
     437    391.5 |     430.9 |     688.8
     438    391.8 |     431.1 |     688.9
     439    392.1 |     434.5 |     689.0
     440    395.3 |     434.5 |     689.1
     441    397.7 |     435.1 |     689.2
     442    397.8 |     435.7 |     690.4
     443    397.9 |     436.2 |     690.6
     444    400.7 |     439.0 |     691.3
     445    401.2 |     441.2 |     692.5
     446    402.3 |     441.6 |     692.6
     447    403.1 |     441.7 |     692.6
     448    407.8 |     442.1 |     693.4
     449    409.0 |     443.2 |     693.6
     450    423.3 |     444.9 |     693.7
     451    423.8 |     446.9 |     693.8
     452    424.0 |     447.0 |     694.7
     453    424.8 |     449.2 |     695.3
     454    425.4 |     451.2 |     695.5
     455    426.4 |     453.0 |     696.0
     456    427.0 |     453.2 |     696.7
     457    427.1 |     454.0 |     699.2
     458    427.9 |     460.6 |     701.9
     459    429.2 |     462.5 |     703.2
     460    446.6 |     464.9 |     704.6
     461    448.1 |     465.1 |     705.2
     462    448.3 |     468.1 |     705.6
     463    449.3 |     468.2 |     706.0
     464    449.7 |     468.8 |     707.4
     465    450.3 |     471.4 |     710.0
     466    450.5 |     475.1 |     710.2
     467    450.8 |     475.4 |     710.3
     468    451.9 |     475.5 |     711.2
     469    452.1 |     476.3 |     712.1
     470    454.9 |     476.6 |     723.5
     471    455.2 |     477.1 |     723.8
     472    455.2 |     477.2 |     724.3
     473    456.4 |     485.3 |     725.7
     474    456.7 |     489.1 |     726.3
     475    456.8 |     490.3 |     726.8
     476    456.8 |     490.7 |     727.9
     477    456.9 |     490.8 |     728.2
     478    457.0 |     495.8 |     728.2
     479    457.0 |     496.8 |     728.3
     480    457.3 |     496.9 |     728.3
     481    457.4 |     513.2 |     728.4
     482    457.7 |     516.8 |     729.2
     483    457.8 |     521.1 |     730.4
     484    458.1 |     525.3 |     731.7
     485    458.4 |     526.6 |     731.8
     486    458.7 |     537.5 |     732.1
     487    459.2 |     542.4 |     732.3
     488    460.0 |     543.2 |     732.3
     489    460.4 |     547.8 |     732.3
     490    460.6 |     548.8 |     733.0
     491    461.2 |     554.5 |     733.0
     492    462.2 |     559.0 |     733.1
     493    462.8 |     560.5 |     733.1
     494    462.8 |     561.7 |     733.2
     495    463.5 |     567.0 |     733.5
     496    463.7 |     570.0 |     737.5
     497    463.9 |     570.4 |     738.9
     498    464.1 |     570.8 |     739.9
     499    464.3 |     570.9 |     740.0
     500    481.0 |     570.9 |     740.4
     501    481.2 |     571.0 |     741.1
     502    481.7 |     571.0 |     741.1
     503    481.8 |     571.1 |     741.2
     504    482.0 |     571.2 |     742.7
     505    482.1 |     571.2 |     743.1
     506    483.1 |     576.6 |     743.1
     507    483.2 |     584.3 |     743.2
     508    483.7 |     584.7 |     743.3
     509    483.9 |     585.3 |     743.4
     510    484.3 |     589.4 |     743.7
     511    485.6 |     594.2 |     743.7
     512    487.4 |     598.6 |     743.7
     513    488.9 |     601.3 |     743.9
     514    491.8 |     603.8 |     744.7
     515    494.2 |     615.0 |     745.0
     516    494.6 |     616.0 |     746.2
     517    496.5 |     624.4 |     746.5
     518    497.6 |     628.1 |     747.8
     519    499.3 |     630.4 |     749.9
     520    683.5 |     636.7 |     750.3
     521    684.3 |     641.8 |     750.7
     522    686.4 |     642.0 |     751.5
     523    689.7 |     642.0 |     751.9
     524    691.3 |     642.0 |     752.0
     525    692.5 |     642.2 |     752.4
     526    693.8 |     642.3 |     753.9
     527    694.5 |     644.2 |     754.7
     528    697.4 |     645.5 |     755.5
     529    698.7 |     650.3 |     755.6
     530    700.1 |     657.5 |     755.7
     531    707.3 |     661.8 |     755.9
     532    713.5 |     679.3 |     756.1
     533    714.1 |     682.8 |     756.5
     534    715.2 |     690.5 |     758.1
     535    718.6 |     701.7 |     759.9
     536    719.1 |     706.8 |     761.4
     537    720.6 |     736.3 |     763.5
     538    720.6 |     736.3 |     765.6
     539    723.4 |     736.4 |     772.1
     540    728.1 |     737.4 |     773.4
     541    734.7 |     737.8 |     773.7
     542    741.4 |     738.4 |     776.0
     543    742.6 |     738.8 |     776.1
     544    743.8 |     738.9 |     777.8
     545    746.2 |     740.4 |     789.6
     546    747.4 |     741.0 |     791.6
     547    747.9 |     761.5 |     792.3
     548    749.7 |     791.8 |     793.2
     549    753.1 |     803.1 |     794.9
     550    754.5 |     803.9 |     794.9
     551    754.6 |     809.9 |     796.0
     552    754.9 |     815.2 |     796.5
     553    755.7 |     818.9 |     798.7
     554    756.9 |     820.5 |     799.7
     555    758.2 |     821.4 |     800.8
     556    758.7 |     823.0 |     803.7
     557    762.4 |     826.1 |     803.8
     558    764.9 |     833.0 |     804.4
     559    765.9 |     858.2 |     811.4
     560    766.0 |     880.0 |     811.9
     561    766.3 |     906.8 |     816.5
     562    768.3 |     913.4 |     816.9
     563    773.5 |     920.9 |     817.2
     564    775.5 |     924.3 |     818.7
     565    778.7 |     924.6 |     820.0
     566    780.0 |     924.8 |     825.8
     567    788.8 |     926.1 |     826.5
     568    798.5 |     940.1 |     831.5
     569    803.6 |     944.0 |     832.9
     570    805.8 |     953.4 |     837.1
     571    807.2 |     963.4 |     842.1
     572    807.6 |     971.1 |     846.0
     573    812.4 |     977.6 |     846.4
     574    813.3 |     988.7 |     853.8
     575    814.5 |    1001.1 |     854.6
     576    815.7 |    1002.7 |     855.7
     577    816.0 |    1002.9 |     858.6
     578    818.2 |    1005.5 |     859.3
     579    818.8 |    1006.6 |     861.9
     580    818.9 |    1011.9 |     862.1
     581    820.0 |    1015.8 |     862.8
     582    820.5 |    1019.2 |     864.4
     583    821.4 |    1021.0 |     865.2
     584    821.5 |    1022.6 |     866.4
     585    823.0 |    1037.6 |     866.4
     586    823.1 |    1052.0 |     867.8
     587    823.5 |    1105.7 |     867.8
     588    823.6 |    1111.7 |     868.1
     589    825.4 |    1119.4 |     868.2
     590    825.5 |    1144.8 |     868.6
     591    826.0 |    1146.1 |     868.9
     592    826.3 |    1146.1 |     869.2
     593    827.9 |    1147.6 |     872.1
     594    829.9 |    1147.7 |     872.5
     595    831.2 |    1148.0 |     874.6
     596    831.7 |    1148.3 |     875.6
     597    832.3 |    1149.1 |     879.2
     598    833.0 |    1149.4 |     879.3
     599    833.2 |    1149.5 |     880.3
     600    833.5 |    1155.7 |     881.0
     601    838.1 |    1155.8 |     881.4
     602    838.8 |    1158.4 |     882.0
     603    839.5 |    1158.7 |     882.0
     604    840.8 |    1158.7 |     882.0
     605    842.5 |    1159.1 |     882.8
     606    843.3 |    1159.3 |     885.2
     607    844.3 |    1159.3 |     885.4
     608    844.5 |    1159.8 |     885.8
     609    846.5 |    1159.8 |     886.4
     610    848.3 |    1159.8 |     889.3
     611    848.7 |    1166.1 |     889.7
     612    854.2 |    1172.4 |     890.7
     613    854.8 |    1201.9 |     891.6
     614    855.9 |    1206.1 |     893.7
     615    856.2 |    1217.9 |     895.3
     616    856.7 |    1219.5 |     897.6
     617    857.3 |    1221.1 |     898.2
     618    857.9 |    1221.3 |     898.6
     619    858.8 |    1222.0 |     901.4
     620    859.0 |    1222.2 |     907.0
     621    861.0 |    1222.5 |     907.0
     622    862.4 |    1222.8 |     907.0
     623    864.1 |    1223.0 |     907.0
     624    865.7 |    1223.2 |     907.0
     625    866.0 |    1224.2 |     907.0
     626    867.1 |    1233.2 |     907.1
     627    867.7 |    1251.9 |     907.1
     628    867.9 |    1269.0 |     907.1
     629    868.4 |    1291.3 |     907.1
     630    872.3 |    1291.4 |     907.2
     631    872.7 |    1294.4 |     907.2
     632    874.2 |    1295.5 |     907.2
     633    874.5 |    1295.5 |     907.2
     634    874.6 |    1296.7 |     907.2
     635    875.4 |    1300.0 |     907.3
     636    876.9 |    1300.8 |     907.3
     637    877.9 |    1301.5 |     907.3
     638    878.5 |    1304.0 |     907.4
     639    881.1 |    1322.0 |     907.5
     640    881.9 |    1351.3 |     911.3
     641    882.8 |    1353.9 |     917.7
     642    884.2 |    1355.2 |     918.9
     643    886.0 |    1355.5 |     919.0
     644    886.6 |    1355.6 |     919.3
     645    886.8 |    1356.8 |     919.4
     646    887.1 |    1357.0 |     919.5
     647    888.1 |    1357.3 |     919.6
     648    892.2 |    1357.9 |     919.6
     649    897.4 |    1359.3 |     919.7
     650    899.5 |    1369.7 |     919.7
     651    906.8 |    1370.3 |     919.9
     652    908.4 |    1371.2 |     923.5
     653    917.8 |    1372.0 |     923.8
     654    918.2 |    1373.5 |     925.3
     655    918.8 |    1373.6 |     925.6
     656    920.5 |    1374.0 |     926.1
     657    921.7 |    1375.1 |     926.3
     658    922.2 |    1375.3 |     927.2
     659    922.5 |    1375.4 |     927.6
     660    923.7 |    1375.5 |     927.6
     661    924.3 |    1376.6 |     927.8
     662    924.9 |    1376.9 |     927.8
     663    927.4 |    1377.1 |     927.8
     664    927.8 |    1377.2 |     927.9
     665    927.8 |    1377.3 |     928.0
     666    928.5 |    1377.3 |     928.0
     667    928.8 |    1378.4 |     928.0
     668    931.7 |    1378.9 |     928.2
     669    932.2 |    1379.1 |     928.4
     670    933.2 |    1549.9 |     930.8
     671    935.0 |    1550.4 |     943.6
     672    938.5 |    1550.6 |     943.8
     673    941.5 |    1550.7 |     944.5
     674    944.9 |    1551.0 |     944.6
     675    980.7 |    1551.3 |     944.6
     676   1006.2 |    1551.7 |     944.7
     677   1011.5 |    1551.9 |     945.1
     678   1018.9 |    1552.6 |     945.2
     679   1020.1 |    1552.6 |     945.4
     680   1028.5 |    1581.4 |     945.5
     681   1029.1 |    1590.9 |     946.9
     682   1040.7 |    1599.7 |     948.2
     683   1047.5 |    1600.8 |     956.8
     684   1057.1 |    1606.8 |     957.7
     685   1057.1 |    1615.2 |     957.8
     686   1057.9 |    1626.1 |     957.8
     687   1064.4 |    1627.8 |     957.8
     688   1124.2 |    1634.6 |     957.8
     689   1133.9 |    1637.9 |     958.1
     690   1143.0 |    1736.3 |     958.1
     691   1148.0 |    1749.2 |     958.2
     692   1153.6 |    1761.7 |     958.2
     693   1154.6 |    1772.2 |     958.5
     694   1156.6 |    1794.1 |     966.4
     695   1157.1 |    1795.9 |     966.6
     696   1157.5 |    1796.7 |     966.8
     697   1157.6 |    1797.3 |     966.8
     698   1160.1 |    1800.1 |     966.9
     699   1160.3 |    1800.2 |     966.9
     700   1162.6 |    1800.3 |     967.0
     701   1167.7 |    1800.6 |     967.0
     702   1168.2 |    1800.7 |     967.4
     703   1168.9 |    1801.6 |     967.5
     704   1170.1 |    1802.0 |     979.4
     705   1172.7 |    1803.0 |     983.5
     706   1173.3 |    1803.1 |     984.1
     707   1173.9 |    1804.1 |     985.5
     708   1175.1 |    1804.4 |     985.5
     709   1175.3 |    1805.0 |     985.6
     710   1176.4 |    1805.0 |     985.6
     711   1176.7 |    1805.1 |     985.6
     712   1177.4 |    1805.5 |     985.7
     713   1177.7 |    1806.7 |     986.0
     714   1179.6 |    1807.9 |     986.0
     715   1179.8 |    1810.1 |     986.0
     716   1180.1 |    1811.5 |     986.1
     717   1181.5 |    1812.3 |     986.1
     718   1181.6 |    1814.6 |     986.3
     719   1184.5 |    1815.8 |     989.6
     720   1185.5 |    1816.6 |     989.7
     721   1185.6 |    1817.1 |     989.7
     722   1186.7 |    1817.5 |     989.8
     723   1187.5 |    1817.9 |     990.0
     724   1193.7 |    1818.5 |     990.0
     725   1193.8 |    1819.1 |     990.1
     726   1197.3 |    1819.3 |     990.1
     727   1199.2 |    1819.9 |     990.1
     728   1199.5 |    1822.9 |     990.3
     729   1203.1 |    1965.9 |     990.8
     730   1203.6 |    1966.3 |     991.4
     731   1203.9 |    1966.8 |     991.4
     732   1203.9 |    1967.0 |     992.7
     733   1205.7 |    1967.4 |     992.9
     734   1205.9 |    1969.1 |     994.4
     735   1207.0 |    1969.2 |    1007.2
     736   1208.2 |    1970.0 |    1007.7
     737   1208.5 |    1970.1 |    1008.1
     738   1208.5 |    1970.7 |    1008.5
     739   1208.6 |    2006.7 |    1008.6
     740   1208.8 |    2008.8 |    1008.8
     741   1209.8 |    2008.9 |    1009.1
     742   1210.0 |    2009.4 |    1009.2
     743   1210.3 |    2009.6 |    1009.3
     744   1210.6 |    2011.3 |    1010.2
     745   1211.2 |    2011.6 |    1011.2
     746   1211.4 |    2012.0 |    1016.5
     747   1211.6 |    2012.2 |    1031.9
     748   1212.7 |    2015.1 |    1032.3
     749   1213.4 |    2015.7 |    1039.8
     750   1214.5 |    2880.0 |    1041.8
     751   1215.6 |    2880.3 |    1049.3
     752   1216.5 |    2883.0 |    1050.2
     753   1216.6 |    2885.9 |    1062.0
     754   1216.8 |    2921.6 |    1062.0
     755   1217.0 |    2928.1 |    1096.2
     756   1218.3 |    3007.3 |    1104.6
     757   1218.3 |    3008.5 |    1111.1
     758   1219.6 |    3019.4 |    1139.8
     759   1219.7 |    3020.9 |    1144.2
     760   1220.0 |    3021.5 |    1154.9
     761   1220.0 |    3021.5 |    1157.2
     762   1220.8 |    3022.8 |    1158.0
     763   1221.8 |    3023.3 |    1158.2
     764   1222.2 |    3023.5 |    1162.8
     765   1223.9 |    3023.7 |    1163.0
     766   1224.0 |    3025.9 |    1163.2
     767   1224.5 |    3025.9 |    1164.4
     768   1224.6 |    3025.9 |    1164.7
     769   1225.7 |    3026.3 |    1165.1
     770   1225.7 |    3068.1 |    1165.2
     771   1226.2 |    3069.0 |    1167.2
     772   1226.8 |    3069.4 |    1170.2
     773   1227.4 |    3069.5 |    1251.6
     774   1228.4 |    3070.1 |    1289.4
     775   1228.5 |    3070.2 |    1313.5
     776   1228.7 |    3070.4 |    1381.4
     777   1230.4 |    3070.5 |    1383.0
     778   1230.6 |    3070.6 |    1388.0
     779   1230.8 |    3075.0 |    1388.6
     780   1232.6 |    3109.2 |    1389.4
     781   1232.8 |    3109.4 |    1391.3
     782   1232.9 |    3109.7 |    1397.9
     783   1233.0 |    3110.0 |    1399.7
     784   1233.4 |    3110.7 |    1401.5
     785   1233.9 |    3110.8 |    1405.6
     786   1234.7 |    3112.9 |    1607.1
     787   1234.8 |    3113.1 |    1608.3
     788   1235.4 |    3113.4 |    1612.3
     789   1236.9 |    3113.5 |    1617.8
     790   1237.5 |    3113.6 |    1618.5
     791   1237.8 |    3117.8 |    1624.6
     792   1237.8 |    3119.1 |    1625.7
     793   1238.5 |    3119.3 |    1626.1
     794   1238.9 |    3119.5 |    1634.8
     795   1239.3 |    3119.5 |    1891.2
     796   1239.4 |    3119.9 |    1891.5
     797   1240.1 |    3121.0 |    1892.0
     798   1243.7 |    3123.1 |    1892.1
     799   1244.5 |    3123.1 |    1893.1
     800   1245.4 |    3125.6 |    1893.3
     801   1246.1 |    3126.6 |    1893.4
     802   1247.4 |    3128.5 |    1893.4
     803   1247.4 |    3128.7 |    1893.7
     804   1248.1 |    3129.2 |    1893.7
     805   1248.2 |    3129.5 |    1894.9
     806   1248.6 |    3132.9 |    1895.3
     807   1250.7 |    3133.5 |    1896.0
     808   1254.7 |    3135.5 |    1896.0
     809   1254.9 |    3137.1 |    1914.8
     810   1256.1 |    3138.9 |    1916.5
     811   1257.1 |    3139.6 |    1916.6
     812   1257.2 |    3141.0 |    1916.7
     813   1259.0 |    3141.0 |    1916.7
     814   1261.7 |    3141.7 |    1916.9
     815   1264.0 |    3142.4 |    1917.1
     816   1266.9 |    3143.8 |    1917.6
     817   1269.1 |    3145.5 |    1917.7
     818   1269.4 |    3147.8 |    1918.0
     819   1270.0 |    3148.3 |    1919.2
     820   1271.7 |    3151.0 |    1931.2
     821   1273.3 |    3154.9 |    1931.2
     822   1274.4 |    3156.9 |    1931.6
     823   1274.9 |    3162.5 |    1931.7
     824   1275.0 |    3163.4 |    1931.8
     825   1276.3 |    3165.3 |    1931.8
     826   1279.6 |    3166.2 |    1931.8
     827   1283.7 |    3167.3 |    1931.8
     828   1283.9 |    3170.7 |    1931.9
     829   1294.5 |    3170.9 |    1931.9
     830   1298.6 |    3170.9 |    1932.2
     831   1301.5 |    3171.0 |    1933.1
     832   1303.9 |    3171.0 |    1934.5
     833   1303.9 |    3171.5 |    1935.1
     834   1305.0 |    3171.8 |    1935.2
     835   1306.5 |    3172.3 |    1935.5
     836   1308.7 |    3172.4 |    1936.2
     837   1309.7 |    3172.6 |    1937.0
     838   1311.5 |    3172.6 |    1938.3
     839   1315.5 |    3173.4 |    1938.8
     840   1318.3 |    3176.5 |    1939.0
     841   1319.4 |    3177.1 |    1939.0
     842   1319.4 |    3177.5 |    1939.3
     843   1320.8 |    3177.8 |    1939.5
     844   1323.7 |    3177.9 |    1940.9
     845   1327.2 |    3179.3 |    1941.1
     846   1332.3 |    3180.3 |    1942.9
     847   1334.0 |    3180.5 |    1947.8
     848   1344.9 |    3182.2 |    1949.3
     849   1350.2 |    3183.2 |    1949.4
     850   1371.7 |    3183.2 |    1949.6
     851   1377.8 |    3183.5 |    1949.9
     852   1382.6 |    3183.5 |    1949.9
     853   1384.2 |    3183.5 |    1950.0
     854   1408.6 |    3183.5 |    1950.7
     855   1415.8 |    3184.4 |    1950.8
     856   1419.8 |    3186.0 |    1951.0
     857   1422.1 |    3186.9 |    1951.6
     858   1424.5 |    3188.9 |    1951.8
     859   1425.3 |    3190.4 |    1951.8
     860   1425.5 |    3190.6 |    1952.0
     861   1428.2 |    3191.0 |    1952.1
     862   1431.0 |    3191.6 |    1952.2
     863   1432.5 |    3191.7 |    1952.3
     864   1432.8 |    3191.7 |    1952.4
     865   1433.0 |    3191.9 |    1952.5
     866   1434.8 |    3192.5 |    1952.5
     867   1435.0 |    3193.3 |    1952.5
     868   1435.3 |    3193.5 |    1952.6
     869   1435.7 |    3194.8 |    1952.7
     870   1436.3 |    3195.7 |    1952.7
     871   1440.5 |    3196.0 |    1952.7
     872   1440.6 |    3204.7 |    1952.8
     873   1443.1 |    3204.7 |    1953.0
     874   1443.6 |    3204.7 |    1953.1
     875   1444.7 |    3205.0 |    1953.1
     876   1445.3 |    3205.1 |    1953.4
     877   1445.6 |    3205.2 |    1953.4
     878   1445.9 |    3205.2 |    1953.6
     879   1447.0 |    3205.2 |    1953.7
     880   1447.8 |    3205.5 |    1954.0
     881   1450.1 |    3206.2 |    1954.2
     882   1450.8 |    3206.9 |    1954.3
     883   1451.8 |    3208.7 |    1954.3
     884   1452.0 |    3211.3 |    1954.4
     885   1453.8 |    3211.3 |    1954.4
     886   1454.5 |    3212.1 |    1954.4
     887   1456.5 |    3212.2 |    1954.7
     888   1456.8 |    3212.3 |    1954.8
     889   1458.7 |    3212.4 |    1955.2
     890   1458.8 |    3212.7 |    1955.4
     891   1461.7 |    3212.7 |    1955.6
     892   1464.9 |    3212.9 |    1955.6
     893   1465.0 |    3213.1 |    1955.8
     894   1465.3 |    3213.2 |    1956.0
     895   1468.1 |    3213.5 |    1956.4
     896   1469.3 |    3213.7 |    1956.9
     897   1473.6 |    3213.8 |    1957.7
     898   1480.6 |    3214.1 |    1957.8
     899   1481.7 |    3215.2 |    1958.0
     900   1497.1 |    3216.6 |    1958.0
     901   2777.4 |    3216.8 |    1958.2
     902   2785.2 |    3217.2 |    1958.3
     903   2806.3 |    3218.0 |    1958.3
     904   2823.5 |    3218.0 |    1958.4
     905   2915.8 |    3218.6 |    1958.4
     906   2920.3 |    3218.8 |    1958.5
     907   2936.9 |    3218.9 |    1958.5
     908   2942.5 |    3219.3 |    1958.6
     909   2944.0 |    3219.5 |    1958.6
     910   2947.3 |    3221.0 |    1958.8
     911   2948.1 |    3221.5 |    1958.9
     912   2949.1 |    3223.7 |    1958.9
     913   2949.9 |    3224.1 |    1959.0
     914   2951.6 |    3225.1 |    1959.0
     915   2952.2 |    3225.2 |    1959.2
     916   2953.0 |    3225.2 |    1959.2
     917   2954.4 |    3225.2 |    1959.2
     918   2955.5 |    3225.2 |    1959.3
     919   2955.8 |    3225.3 |    1960.3
     920   2960.5 |    3225.5 |    1960.4
     921   2963.6 |    3226.0 |    1960.5
     922   2963.7 |    3226.3 |    1960.5
     923   2964.2 |    3226.7 |    1960.6
     924   2964.8 |    3232.4 |    1960.7
     925   2967.9 |    3232.4 |    1961.0
     926   2968.5 |    3232.7 |    1961.0
     927   2971.4 |    3232.7 |    1961.0
     928   2972.8 |    3232.8 |    1961.1
     929   2976.6 |    3232.8 |    1961.1
     930   2980.1 |    3233.0 |    1961.1
     931   2982.1 |    3233.5 |    1961.1
     932   2982.3 |    3233.5 |    1961.2
     933   2982.9 |    3234.0 |    1961.9
     934   2988.6 |    3241.0 |    1961.9
     935   2989.3 |    3241.0 |    1961.9
     936   2995.3 |    3241.3 |    1962.0
     937   2998.2 |    3241.7 |    1962.0
     938   3001.0 |    3241.8 |    1962.1
     939   3002.5 |    3242.0 |    1962.1
     940   3004.0 |    3242.3 |    1962.1
     941   3005.3 |    3242.4 |    1962.2
     942   3008.1 |    3242.7 |    1962.2
     943   3009.5 |    3243.5 |    1963.3
     944   3009.9 |    3257.4 |    1963.7
     945   3011.5 |    3259.1 |    1964.0
     946   3018.5 |    3260.7 |    1964.2
     947   3024.8 |    3262.3 |    1964.2
  ----------------------------------------------------
    RMSD          |     764.4 |     332.3
     MAE          |     423.3 |     227.7
======================================================



=======================================
  TIMING [JAX (gpu) + MM3 + Optax Adam]
=======================================
  Optimization S               366.87 s
  Function Evaluations             2001
  Per Evaluation S             183.3 ms
=======================================


