
======================================================
  SUMMARY [JAX (gpu) + MM3 + Optax Adam+cosine]
======================================================
  RMSD (cm⁻¹):       645.7 → 325.4
  Score:             439.090698 → 147.431702  (+66.4%)
  Function evals:    2001
  Wall time:         433.6s
  Scipy converged:   False
  Scipy message:     Max steps (2000) reached
======================================================



=============================================================
  FREQUENCY PROGRESSION [JAX (gpu) + MM3 + Optax Adam+cosine]
=============================================================
    Mode   QM ref |   QFUERZA | Optimized
  -----------------------------------------------------------
       1     51.4 |      51.0 |      50.4
       2     51.4 |      51.8 |      50.6
       3     51.8 |      52.4 |      53.7
       4     52.1 |      52.7 |      54.2
       5     52.4 |      53.8 |      54.3
       6     53.2 |      54.0 |      54.6
       7     53.9 |      54.1 |      55.6
       8     55.7 |      54.2 |      56.0
       9     55.8 |      54.3 |      58.5
      10     56.9 |      55.8 |      58.6
      11     57.5 |      57.5 |      61.1
      12     58.9 |      58.1 |      61.9
      13     58.9 |      58.8 |      62.0
      14     59.5 |      59.3 |      65.5
      15     59.6 |      59.9 |      67.9
      16     59.6 |      61.9 |      68.5
      17     59.8 |      62.3 |      69.2
      18     59.9 |      62.5 |      72.7
      19     60.3 |      62.6 |      74.8
      20     61.1 |      63.6 |      75.8
      21     61.9 |      64.1 |      76.0
      22     62.7 |      64.3 |      76.3
      23     62.9 |      65.1 |      79.3
      24     62.9 |      66.2 |      80.8
      25     62.9 |      66.4 |      82.6
      26     63.4 |      67.1 |      82.9
      27     63.7 |      68.0 |      89.8
      28     64.1 |      68.7 |      90.0
      29     64.4 |      69.2 |      90.3
      30     64.7 |      69.6 |      91.2
      31     66.0 |      70.1 |      91.4
      32     66.2 |      70.9 |      97.2
      33     66.4 |      72.4 |      98.6
      34     66.5 |      72.5 |      99.1
      35     67.5 |      72.6 |     101.3
      36     67.7 |      73.1 |     103.4
      37     67.9 |      74.1 |     104.5
      38     69.2 |      74.4 |     104.8
      39     70.1 |      74.4 |     107.0
      40     70.3 |      74.9 |     107.1
      41     71.1 |      75.0 |     107.6
      42     71.7 |      76.2 |     108.1
      43     71.9 |      76.4 |     112.3
      44     72.5 |      77.5 |     112.4
      45     73.1 |      78.0 |     112.9
      46     73.3 |      79.9 |     114.4
      47     74.6 |      80.6 |     116.0
      48     75.6 |      80.6 |     117.2
      49     76.4 |      82.8 |     117.8
      50     76.4 |      84.0 |     117.9
      51     77.9 |      84.9 |     121.0
      52     77.9 |      85.3 |     121.7
      53     78.6 |      85.5 |     123.0
      54     79.6 |      86.7 |     125.2
      55     82.5 |      88.8 |     126.0
      56     82.6 |      91.9 |     126.1
      57     82.7 |      93.0 |     127.7
      58     82.8 |      94.1 |     127.7
      59     83.4 |      94.5 |     127.9
      60     86.0 |      94.7 |     128.2
      61     88.7 |      95.0 |     130.9
      62     88.9 |      95.9 |     132.1
      63     91.1 |      98.3 |     132.6
      64     92.7 |      98.6 |     132.6
      65     92.8 |      98.7 |     133.1
      66     93.6 |      99.1 |     133.3
      67     94.2 |     100.5 |     133.9
      68     94.4 |     100.9 |     133.9
      69     95.9 |     102.4 |     135.3
      70     96.0 |     103.6 |     136.6
      71     96.0 |     103.6 |     136.8
      72     97.5 |     106.1 |     137.1
      73     97.5 |     107.5 |     137.7
      74     98.1 |     108.8 |     137.8
      75     98.3 |     109.0 |     140.2
      76     99.1 |     110.8 |     140.3
      77     99.1 |     111.1 |     143.1
      78     99.4 |     111.4 |     143.8
      79     99.5 |     112.5 |     144.3
      80     99.9 |     113.0 |     144.8
      81    100.6 |     113.0 |     144.8
      82    101.7 |     113.7 |     146.3
      83    102.0 |     114.0 |     149.1
      84    103.2 |     114.6 |     149.9
      85    103.3 |     114.7 |     156.1
      86    103.4 |     114.7 |     156.8
      87    104.1 |     115.3 |     158.4
      88    104.3 |     116.6 |     159.7
      89    106.5 |     116.9 |     161.4
      90    106.5 |     117.9 |     161.6
      91    108.3 |     118.2 |     161.8
      92    108.9 |     119.3 |     162.4
      93    109.1 |     119.5 |     163.3
      94    109.3 |     120.9 |     164.1
      95    112.6 |     121.0 |     164.9
      96    113.0 |     121.4 |     167.1
      97    113.1 |     122.3 |     171.8
      98    113.2 |     122.3 |     172.7
      99    113.4 |     122.8 |     173.2
     100    113.9 |     123.3 |     173.7
     101    114.3 |     123.3 |     174.8
     102    114.4 |     123.6 |     175.6
     103    116.3 |     123.7 |     177.5
     104    116.3 |     124.3 |     178.0
     105    116.7 |     125.4 |     178.7
     106    117.7 |     125.5 |     182.0
     107    119.6 |     126.2 |     182.1
     108    119.7 |     126.3 |     184.5
     109    123.3 |     126.8 |     185.2
     110    123.8 |     127.3 |     187.7
     111    125.4 |     127.5 |     188.9
     112    125.8 |     127.8 |     189.4
     113    128.4 |     128.1 |     191.2
     114    128.6 |     128.2 |     192.0
     115    129.5 |     129.1 |     195.1
     116    130.1 |     129.6 |     202.5
     117    131.5 |     129.9 |     202.9
     118    131.7 |     129.9 |     204.5
     119    132.1 |     130.0 |     204.9
     120    132.3 |     130.1 |     205.9
     121    132.5 |     130.3 |     208.9
     122    132.9 |     130.8 |     210.5
     123    133.6 |     131.3 |     211.3
     124    133.8 |     131.9 |     211.9
     125    134.4 |     132.4 |     212.2
     126    134.7 |     132.6 |     213.1
     127    134.8 |     133.0 |     213.4
     128    135.0 |     133.3 |     216.1
     129    135.1 |     133.5 |     217.0
     130    135.2 |     133.6 |     217.2
     131    135.8 |     133.7 |     218.9
     132    135.9 |     134.4 |     219.3
     133    136.2 |     135.5 |     219.5
     134    136.6 |     136.3 |     221.8
     135    136.9 |     136.5 |     222.9
     136    138.1 |     136.8 |     222.9
     137    138.9 |     137.8 |     223.2
     138    140.9 |     138.3 |     223.4
     139    143.5 |     140.3 |     223.5
     140    144.9 |     140.5 |     225.1
     141    146.1 |     140.8 |     226.3
     142    147.6 |     141.2 |     226.9
     143    147.7 |     141.6 |     227.4
     144    148.8 |     141.7 |     227.5
     145    149.7 |     141.7 |     227.7
     146    151.4 |     142.2 |     228.9
     147    151.6 |     143.6 |     229.0
     148    151.9 |     143.8 |     229.0
     149    153.2 |     144.7 |     230.4
     150    153.6 |     146.6 |     231.0
     151    154.0 |     146.7 |     231.2
     152    154.1 |     146.9 |     231.9
     153    155.2 |     148.5 |     234.6
     154    155.8 |     149.0 |     237.3
     155    155.9 |     149.3 |     237.6
     156    157.2 |     151.7 |     238.0
     157    157.3 |     152.9 |     239.8
     158    158.4 |     153.7 |     240.2
     159    158.9 |     155.6 |     241.2
     160    159.2 |     155.7 |     243.8
     161    161.0 |     155.7 |     246.2
     162    161.2 |     157.5 |     246.4
     163    162.3 |     157.9 |     251.0
     164    164.2 |     157.9 |     251.5
     165    165.3 |     158.1 |     252.3
     166    166.0 |     159.3 |     254.1
     167    168.1 |     159.4 |     254.3
     168    169.0 |     161.5 |     255.4
     169    170.7 |     161.6 |     256.2
     170    171.1 |     162.1 |     257.0
     171    174.6 |     162.4 |     257.2
     172    175.7 |     162.7 |     258.5
     173    175.9 |     163.4 |     262.3
     174    176.6 |     164.0 |     265.5
     175    178.2 |     165.5 |     271.4
     176    178.3 |     165.5 |     271.7
     177    178.9 |     166.5 |     272.1
     178    179.1 |     167.3 |     272.2
     179    179.6 |     167.7 |     273.1
     180    179.7 |     168.2 |     273.4
     181    179.7 |     169.3 |     273.7
     182    180.5 |     171.0 |     273.9
     183    181.2 |     172.7 |     275.2
     184    181.4 |     173.0 |     275.9
     185    181.8 |     173.3 |     276.8
     186    182.5 |     174.4 |     277.1
     187    182.7 |     175.2 |     277.4
     188    183.1 |     175.2 |     279.1
     189    183.5 |     176.3 |     279.8
     190    183.7 |     176.8 |     280.7
     191    183.8 |     177.0 |     280.9
     192    184.0 |     179.0 |     281.2
     193    184.1 |     179.5 |     282.5
     194    184.2 |     180.2 |     283.6
     195    184.4 |     180.4 |     285.1
     196    184.4 |     181.2 |     285.3
     197    184.8 |     181.5 |     285.3
     198    185.2 |     181.7 |     285.4
     199    185.5 |     181.7 |     285.8
     200    186.0 |     181.9 |     286.1
     201    186.2 |     181.9 |     286.5
     202    186.9 |     182.1 |     286.8
     203    187.4 |     182.4 |     287.1
     204    187.5 |     182.8 |     287.1
     205    187.6 |     184.4 |     287.5
     206    187.7 |     184.9 |     288.0
     207    187.8 |     184.9 |     290.8
     208    188.4 |     186.9 |     292.2
     209    188.6 |     187.1 |     293.0
     210    188.6 |     187.2 |     294.0
     211    189.1 |     189.0 |     300.8
     212    189.8 |     190.0 |     301.2
     213    190.3 |     190.8 |     306.5
     214    191.1 |     190.8 |     311.4
     215    191.2 |     192.0 |     313.9
     216    191.2 |     192.2 |     314.4
     217    191.4 |     193.7 |     317.0
     218    192.5 |     194.0 |     317.4
     219    192.6 |     194.4 |     318.4
     220    193.8 |     194.5 |     326.0
     221    194.9 |     194.9 |     329.9
     222    194.9 |     195.6 |     334.5
     223    197.7 |     195.9 |     346.5
     224    198.5 |     196.9 |     351.7
     225    200.8 |     197.2 |     355.8
     226    202.0 |     198.5 |     356.3
     227    203.0 |     198.7 |     356.9
     228    205.0 |     199.1 |     357.3
     229    205.5 |     199.2 |     358.5
     230    206.5 |     199.6 |     360.0
     231    208.0 |     200.2 |     362.3
     232    210.9 |     200.5 |     366.6
     233    211.7 |     200.9 |     367.3
     234    212.3 |     201.6 |     371.5
     235    212.4 |     201.8 |     373.8
     236    212.7 |     202.5 |     377.7
     237    213.1 |     202.9 |     378.1
     238    213.3 |     203.2 |     380.4
     239    213.4 |     204.1 |     384.3
     240    214.3 |     204.2 |     386.2
     241    215.9 |     205.2 |     386.3
     242    215.9 |     205.4 |     387.2
     243    216.9 |     206.2 |     394.1
     244    217.1 |     206.3 |     397.5
     245    217.2 |     206.8 |     397.6
     246    218.4 |     206.8 |     398.3
     247    220.1 |     207.4 |     399.0
     248    221.1 |     209.0 |     400.9
     249    222.1 |     209.5 |     402.0
     250    225.4 |     209.6 |     405.1
     251    225.5 |     210.0 |     405.3
     252    227.3 |     210.2 |     407.0
     253    229.8 |     210.5 |     408.5
     254    236.1 |     210.6 |     409.9
     255    238.6 |     212.0 |     411.8
     256    239.3 |     212.4 |     417.3
     257    241.4 |     212.7 |     417.5
     258    242.3 |     213.4 |     418.2
     259    242.7 |     214.2 |     419.0
     260    243.8 |     214.8 |     420.7
     261    244.2 |     215.5 |     422.1
     262    246.9 |     216.0 |     422.2
     263    250.5 |     217.2 |     422.5
     264    252.1 |     218.7 |     422.5
     265    256.2 |     219.1 |     426.8
     266    265.1 |     220.9 |     433.1
     267    271.3 |     222.2 |     433.8
     268    278.3 |     224.0 |     437.9
     269    282.4 |     224.9 |     440.8
     270    284.7 |     225.3 |     445.4
     271    286.1 |     226.6 |     447.9
     272    289.4 |     227.4 |     450.4
     273    289.8 |     227.7 |     462.1
     274    290.2 |     227.8 |     462.3
     275    290.5 |     229.1 |     468.9
     276    290.7 |     229.8 |     470.3
     277    291.5 |     232.0 |     472.0
     278    291.6 |     232.4 |     473.7
     279    291.9 |     232.5 |     490.4
     280    292.6 |     232.5 |     491.0
     281    292.6 |     233.4 |     494.0
     282    293.1 |     236.0 |     494.5
     283    293.5 |     237.7 |     498.9
     284    293.7 |     237.7 |     500.4
     285    294.8 |     238.1 |     502.1
     286    295.0 |     241.0 |     505.2
     287    296.1 |     241.9 |     506.6
     288    299.0 |     242.6 |     507.5
     289    299.7 |     244.1 |     507.6
     290    299.9 |     246.5 |     508.4
     291    300.0 |     247.3 |     509.7
     292    300.1 |     250.6 |     513.4
     293    301.4 |     251.8 |     515.7
     294    301.9 |     252.0 |     518.3
     295    302.4 |     252.2 |     521.6
     296    302.5 |     254.7 |     525.6
     297    302.9 |     255.9 |     526.8
     298    303.5 |     256.2 |     529.0
     299    304.0 |     256.6 |     539.2
     300    304.2 |     259.0 |     553.4
     301    304.6 |     260.2 |     554.2
     302    306.7 |     261.1 |     555.3
     303    308.3 |     262.2 |     555.8
     304    309.0 |     263.5 |     556.3
     305    309.7 |     263.9 |     556.5
     306    309.8 |     264.0 |     557.2
     307    310.0 |     265.4 |     557.6
     308    310.2 |     265.9 |     558.3
     309    310.8 |     265.9 |     558.6
     310    311.1 |     266.6 |     558.8
     311    311.3 |     267.8 |     559.0
     312    311.6 |     270.6 |     559.9
     313    313.9 |     271.3 |     560.8
     314    314.1 |     275.0 |     562.7
     315    314.2 |     277.1 |     563.2
     316    315.1 |     278.5 |     563.8
     317    316.9 |     278.7 |     564.9
     318    318.6 |     280.5 |     566.7
     319    319.4 |     281.5 |     567.4
     320    325.6 |     281.9 |     568.1
     321    327.5 |     282.9 |     569.4
     322    331.2 |     283.4 |     570.1
     323    332.4 |     283.7 |     570.1
     324    333.0 |     287.9 |     572.6
     325    337.1 |     288.0 |     573.5
     326    341.8 |     288.9 |     574.3
     327    341.9 |     289.6 |     574.4
     328    342.6 |     291.7 |     575.8
     329    343.5 |     292.6 |     577.0
     330    345.1 |     293.3 |     577.6
     331    350.9 |     293.9 |     577.7
     332    351.7 |     294.6 |     578.0
     333    356.3 |     295.5 |     578.7
     334    356.5 |     295.9 |     580.2
     335    356.7 |     295.9 |     580.4
     336    356.8 |     296.2 |     581.7
     337    358.0 |     298.0 |     583.3
     338    358.7 |     298.6 |     583.7
     339    358.9 |     298.9 |     584.1
     340    359.4 |     299.1 |     585.4
     341    360.3 |     299.6 |     587.3
     342    362.9 |     300.4 |     588.4
     343    363.3 |     301.4 |     592.6
     344    363.6 |     302.2 |     593.7
     345    365.1 |     305.0 |     594.0
     346    365.7 |     308.6 |     594.2
     347    366.2 |     310.2 |     594.7
     348    367.4 |     310.3 |     595.6
     349    367.5 |     317.5 |     595.9
     350    368.0 |     325.6 |     596.2
     351    368.3 |     326.1 |     596.6
     352    368.9 |     334.5 |     596.9
     353    369.2 |     338.0 |     597.0
     354    369.2 |     339.2 |     597.0
     355    369.5 |     340.5 |     597.1
     356    370.8 |     340.9 |     597.8
     357    371.8 |     345.0 |     598.2
     358    372.2 |     349.2 |     598.2
     359    372.5 |     350.8 |     598.6
     360    372.6 |     350.9 |     599.0
     361    372.6 |     357.2 |     599.2
     362    372.8 |     359.9 |     599.3
     363    372.9 |     360.2 |     599.5
     364    374.3 |     360.3 |     600.3
     365    374.7 |     362.1 |     600.6
     366    375.2 |     362.2 |     600.7
     367    376.3 |     364.1 |     601.6
     368    376.6 |     365.0 |     602.2
     369    378.2 |     371.0 |     602.4
     370    378.7 |     371.3 |     602.9
     371    378.9 |     372.0 |     603.4
     372    379.1 |     378.8 |     605.6
     373    379.3 |     379.3 |     605.8
     374    379.4 |     379.9 |     607.7
     375    380.7 |     382.7 |     608.1
     376    382.4 |     384.0 |     608.1
     377    382.7 |     386.6 |     608.2
     378    385.1 |     387.4 |     608.3
     379    385.8 |     388.8 |     608.3
     380    385.9 |     389.9 |     609.5
     381    386.0 |     390.2 |     610.3
     382    386.1 |     392.1 |     612.4
     383    386.8 |     392.8 |     612.4
     384    387.0 |     393.1 |     616.2
     385    387.3 |     394.4 |     616.3
     386    387.4 |     394.5 |     616.7
     387    387.4 |     396.7 |     616.8
     388    387.4 |     397.4 |     616.8
     389    388.3 |     398.0 |     617.8
     390    388.7 |     398.6 |     618.1
     391    389.4 |     399.6 |     619.2
     392    389.8 |     399.7 |     619.5
     393    390.4 |     400.8 |     619.6
     394    390.5 |     401.9 |     620.0
     395    390.7 |     403.3 |     620.2
     396    392.7 |     403.7 |     620.9
     397    397.9 |     404.5 |     621.4
     398    403.1 |     408.9 |     622.3
     399    408.0 |     409.8 |     623.1
     400    409.1 |     411.1 |     623.5
     401    411.5 |     413.4 |     623.9
     402    417.6 |     414.4 |     625.1
     403    420.4 |     414.9 |     625.4
     404    422.4 |     415.4 |     625.7
     405    432.9 |     415.6 |     625.8
     406    448.0 |     419.9 |     626.2
     407    449.3 |     422.8 |     627.1
     408    449.6 |     422.8 |     627.4
     409    450.4 |     423.4 |     629.1
     410    451.2 |     425.4 |     629.2
     411    451.3 |     426.4 |     631.0
     412    451.6 |     427.0 |     631.5
     413    451.8 |     428.8 |     632.6
     414    451.9 |     429.9 |     633.1
     415    452.9 |     430.3 |     634.1
     416    453.4 |     432.6 |     635.4
     417    453.5 |     433.3 |     636.2
     418    453.9 |     433.3 |     636.8
     419    453.9 |     433.6 |     637.3
     420    454.1 |     435.4 |     637.5
     421    454.3 |     436.8 |     640.6
     422    454.5 |     439.4 |     641.2
     423    454.6 |     441.9 |     644.4
     424    455.1 |     442.1 |     646.2
     425    455.7 |     445.5 |     646.4
     426    455.9 |     448.9 |     650.4
     427    456.4 |     455.4 |     650.6
     428    456.6 |     456.1 |     654.4
     429    456.8 |     458.5 |     656.2
     430    457.6 |     461.6 |     658.1
     431    458.1 |     461.9 |     664.2
     432    458.3 |     462.0 |     666.8
     433    458.8 |     462.7 |     667.1
     434    460.1 |     463.4 |     667.6
     435    461.3 |     466.9 |     668.4
     436    463.0 |     467.6 |     668.7
     437    463.5 |     469.2 |     671.3
     438    464.2 |     471.8 |     671.8
     439    464.6 |     475.6 |     675.2
     440    465.7 |     476.2 |     675.7
     441    466.9 |     477.7 |     675.8
     442    469.3 |     478.3 |     677.5
     443    470.4 |     479.6 |     680.3
     444    470.6 |     481.4 |     681.4
     445    470.8 |     481.7 |     683.7
     446    472.1 |     482.3 |     684.2
     447    473.1 |     483.0 |     687.3
     448    473.7 |     486.6 |     688.0
     449    474.0 |     487.8 |     688.0
     450    475.5 |     488.3 |     688.1
     451    477.6 |     488.5 |     688.6
     452    479.0 |     490.5 |     688.7
     453    481.2 |     491.4 |     689.0
     454    481.6 |     491.7 |     689.0
     455    482.7 |     493.0 |     689.3
     456    483.0 |     499.0 |     689.6
     457    483.3 |     499.3 |     689.9
     458    483.7 |     499.6 |     690.1
     459    484.9 |     501.1 |     691.4
     460    486.0 |     505.4 |     691.9
     461    486.1 |     506.3 |     695.3
     462    487.3 |     510.3 |     700.0
     463    488.6 |     511.5 |     704.5
     464    489.6 |     513.4 |     704.8
     465    491.6 |     514.2 |     706.0
     466    496.6 |     515.6 |     706.1
     467    505.8 |     521.5 |     706.3
     468    513.4 |     526.4 |     706.9
     469    565.4 |     529.4 |     707.0
     470    590.0 |     530.4 |     708.2
     471    594.0 |     532.6 |     708.3
     472    597.0 |     540.3 |     708.4
     473    599.3 |     541.4 |     708.6
     474    600.2 |     547.5 |     709.0
     475    602.9 |     548.6 |     710.0
     476    606.8 |     550.6 |     710.2
     477    615.2 |     554.7 |     711.0
     478    626.5 |     554.9 |     711.3
     479    648.6 |     560.0 |     711.3
     480    650.7 |     562.2 |     711.6
     481    652.8 |     563.2 |     711.7
     482    654.0 |     563.8 |     712.2
     483    654.1 |     565.7 |     713.4
     484    659.5 |     573.5 |     715.3
     485    661.3 |     574.7 |     716.1
     486    668.7 |     575.9 |     718.3
     487    674.2 |     581.6 |     719.6
     488    676.3 |     581.8 |     720.2
     489    677.2 |     582.5 |     724.5
     490    678.0 |     584.3 |     727.5
     491    679.0 |     584.6 |     727.8
     492    681.6 |     584.8 |     728.2
     493    683.7 |     585.1 |     728.3
     494    683.8 |     585.2 |     728.7
     495    685.2 |     586.1 |     729.4
     496    686.4 |     591.9 |     729.8
     497    688.7 |     592.2 |     731.4
     498    688.8 |     603.7 |     732.2
     499    692.6 |     610.5 |     732.9
     500    694.5 |     614.4 |     736.1
     501    698.9 |     616.5 |     738.0
     502    705.8 |     618.1 |     738.5
     503    710.6 |     619.0 |     739.1
     504    716.9 |     620.0 |     740.9
     505    717.3 |     623.2 |     741.9
     506    717.4 |     626.3 |     743.4
     507    724.5 |     628.9 |     744.1
     508    735.6 |     630.1 |     744.8
     509    742.4 |     636.5 |     745.8
     510    750.9 |     639.9 |     746.3
     511    751.8 |     643.5 |     748.5
     512    752.8 |     648.8 |     749.0
     513    757.5 |     649.0 |     749.7
     514    758.3 |     650.6 |     751.1
     515    759.0 |     655.1 |     751.2
     516    760.1 |     656.2 |     751.7
     517    760.6 |     656.6 |     752.2
     518    761.5 |     657.7 |     752.6
     519    763.6 |     657.7 |     755.9
     520    765.5 |     659.2 |     760.8
     521    766.6 |     659.7 |     762.3
     522    769.0 |     660.8 |     764.4
     523    771.1 |     661.5 |     764.5
     524    772.4 |     661.5 |     764.6
     525    774.0 |     661.7 |     765.8
     526    775.4 |     662.6 |     766.2
     527    777.1 |     662.8 |     766.3
     528    778.7 |     662.8 |     767.7
     529    781.3 |     667.3 |     769.4
     530    784.7 |     669.1 |     770.5
     531    787.2 |     670.7 |     773.1
     532    788.7 |     672.8 |     778.1
     533    790.3 |     673.0 |     780.7
     534    792.2 |     678.6 |     782.0
     535    792.8 |     688.6 |     784.9
     536    798.3 |     700.2 |     786.8
     537    798.8 |     719.6 |     788.9
     538    799.1 |     729.8 |     796.7
     539    799.9 |     731.6 |     797.5
     540    800.8 |     737.8 |     803.4
     541    801.1 |     740.4 |     803.9
     542    801.3 |     750.6 |     805.6
     543    801.9 |     752.5 |     807.8
     544    802.0 |     756.3 |     810.2
     545    805.6 |     759.8 |     818.9
     546    806.6 |     779.8 |     820.1
     547    806.8 |     780.7 |     821.1
     548    807.0 |     781.4 |     822.8
     549    807.8 |     781.8 |     823.7
     550    808.2 |     782.0 |     823.7
     551    808.8 |     782.4 |     824.1
     552    812.1 |     784.1 |     825.6
     553    815.3 |     789.3 |     826.1
     554    819.2 |     793.6 |     826.6
     555    821.0 |     812.8 |     827.8
     556    821.7 |     821.6 |     828.5
     557    822.7 |     830.8 |     829.2
     558    825.2 |     833.1 |     829.6
     559    826.2 |     837.6 |     832.7
     560    826.6 |     840.7 |     832.9
     561    832.1 |     841.1 |     833.7
     562    832.4 |     843.3 |     835.4
     563    832.6 |     845.6 |     838.7
     564    833.8 |     848.1 |     839.4
     565    834.0 |     850.7 |     839.9
     566    834.9 |     856.4 |     842.9
     567    835.5 |     872.4 |     843.5
     568    835.6 |     881.2 |     844.6
     569    836.8 |     883.7 |     845.8
     570    837.4 |     883.8 |     846.9
     571    837.9 |     884.0 |     847.1
     572    840.1 |     884.5 |     847.7
     573    840.1 |     885.4 |     847.8
     574    840.4 |     886.4 |     848.8
     575    842.5 |     887.2 |     849.1
     576    843.6 |     887.9 |     849.5
     577    846.5 |     892.0 |     849.5
     578    847.2 |     898.3 |     849.8
     579    847.7 |     902.6 |     849.9
     580    849.8 |     923.4 |     849.9
     581    850.8 |     924.1 |     849.9
     582    851.2 |     928.9 |     850.0
     583    853.4 |     950.4 |     850.2
     584    853.7 |     952.9 |     850.3
     585    854.4 |     954.0 |     850.3
     586    855.0 |     954.1 |     850.3
     587    855.6 |     954.3 |     850.5
     588    855.7 |     954.5 |     851.1
     589    855.8 |     954.5 |     854.0
     590    856.2 |     954.8 |     854.1
     591    856.9 |     955.2 |     858.2
     592    857.5 |     957.1 |     858.2
     593    859.1 |     957.5 |     858.4
     594    859.1 |     964.3 |     859.3
     595    860.4 |     965.0 |     859.6
     596    861.8 |     965.1 |     859.7
     597    862.3 |     965.3 |     859.9
     598    862.5 |     966.3 |     860.2
     599    865.5 |     973.2 |     861.5
     600    869.2 |     973.6 |     861.6
     601    871.5 |     979.3 |     862.9
     602    873.0 |     982.9 |     863.1
     603    874.1 |     983.7 |     863.5
     604    876.2 |     983.7 |     863.9
     605    880.0 |     989.0 |     864.9
     606    880.8 |    1005.6 |     866.3
     607    882.6 |    1010.0 |     867.4
     608    888.8 |    1016.3 |     868.6
     609    892.9 |    1018.2 |     868.9
     610    895.6 |    1018.9 |     870.3
     611    897.0 |    1023.6 |     870.4
     612    897.6 |    1029.6 |     870.8
     613    898.1 |    1033.6 |     871.0
     614    900.1 |    1044.2 |     872.0
     615    900.8 |    1081.0 |     872.1
     616    901.2 |    1086.5 |     873.7
     617    901.8 |    1145.9 |     874.3
     618    902.0 |    1158.6 |     875.2
     619    906.3 |    1162.7 |     875.2
     620    906.5 |    1164.6 |     875.5
     621    906.7 |    1166.2 |     876.7
     622    908.6 |    1166.7 |     877.3
     623    909.5 |    1171.9 |     878.5
     624    911.1 |    1172.7 |     879.4
     625    911.9 |    1185.4 |     880.9
     626    912.5 |    1185.5 |     885.3
     627    913.6 |    1197.3 |     887.3
     628    915.4 |    1203.8 |     887.7
     629    915.5 |    1205.2 |     888.0
     630    917.7 |    1215.9 |     888.1
     631    918.0 |    1216.2 |     890.0
     632    918.8 |    1217.1 |     890.2
     633    920.7 |    1220.7 |     890.9
     634    921.9 |    1231.1 |     891.6
     635    922.3 |    1233.8 |     891.7
     636    922.3 |    1236.0 |     894.9
     637    922.8 |    1237.5 |     895.4
     638    924.4 |    1238.6 |     897.6
     639    925.2 |    1238.9 |     898.1
     640    925.3 |    1239.7 |     898.2
     641    927.1 |    1239.7 |     898.6
     642    927.5 |    1240.0 |     898.6
     643    927.9 |    1240.3 |     899.3
     644    928.5 |    1243.2 |     899.4
     645    928.7 |    1246.5 |     900.2
     646    929.9 |    1247.7 |     901.5
     647    930.7 |    1250.7 |     901.7
     648    931.9 |    1251.4 |     904.2
     649    939.8 |    1255.2 |     905.2
     650    954.6 |    1256.2 |     905.2
     651    959.2 |    1259.2 |     908.0
     652   1008.7 |    1260.3 |     908.2
     653   1017.6 |    1262.5 |     908.6
     654   1029.9 |    1268.0 |     909.0
     655   1033.5 |    1268.8 |     909.5
     656   1038.7 |    1278.0 |     910.6
     657   1045.0 |    1282.3 |     912.5
     658   1045.6 |    1283.1 |     914.4
     659   1051.8 |    1283.4 |     915.6
     660   1059.6 |    1283.6 |     917.6
     661   1062.9 |    1285.9 |     921.5
     662   1066.0 |    1287.1 |     921.7
     663   1071.8 |    1303.7 |     922.0
     664   1072.6 |    1305.2 |     922.1
     665   1080.5 |    1314.5 |     922.7
     666   1083.8 |    1317.7 |     924.3
     667   1086.4 |    1317.9 |     929.2
     668   1086.6 |    1319.1 |     930.4
     669   1087.2 |    1320.7 |     933.4
     670   1089.4 |    1323.5 |     936.1
     671   1090.5 |    1332.7 |     938.4
     672   1091.4 |    1346.3 |     941.1
     673   1091.9 |    1352.6 |     942.0
     674   1095.4 |    1358.5 |     942.5
     675   1096.7 |    1376.3 |     942.8
     676   1097.0 |    1380.4 |     942.9
     677   1097.4 |    1381.3 |     943.0
     678   1097.6 |    1382.4 |     943.2
     679   1098.0 |    1382.4 |     943.5
     680   1099.5 |    1382.7 |     944.2
     681   1100.5 |    1383.3 |     944.9
     682   1102.3 |    1383.4 |     945.1
     683   1105.4 |    1383.5 |     945.7
     684   1105.5 |    1383.6 |     945.8
     685   1105.7 |    1384.1 |     946.0
     686   1109.0 |    1384.4 |     946.2
     687   1109.1 |    1385.6 |     946.2
     688   1109.7 |    1389.7 |     946.2
     689   1110.1 |    1389.8 |     946.5
     690   1111.4 |    1391.2 |     946.6
     691   1113.4 |    1392.9 |     947.9
     692   1113.6 |    1394.0 |     948.2
     693   1123.4 |    1395.5 |     948.2
     694   1125.8 |    1395.7 |     948.3
     695   1128.9 |    1396.6 |     949.0
     696   1129.8 |    1397.1 |     949.7
     697   1136.9 |    1397.5 |     953.5
     698   1157.1 |    1399.4 |     954.1
     699   1157.7 |    1417.0 |     954.6
     700   1158.5 |    1430.9 |     961.8
     701   1159.9 |    1439.1 |     964.2
     702   1160.6 |    1447.9 |     968.1
     703   1163.2 |    1455.8 |     985.1
     704   1166.3 |    1455.8 |     987.9
     705   1167.2 |    1456.0 |     995.7
     706   1167.6 |    1456.2 |     996.4
     707   1168.7 |    1456.6 |     998.4
     708   1169.0 |    1457.7 |    1002.3
     709   1169.7 |    1464.8 |    1011.1
     710   1170.2 |    1465.7 |    1011.6
     711   1170.9 |    1478.9 |    1011.9
     712   1171.0 |    1480.1 |    1012.3
     713   1171.5 |    1489.4 |    1013.4
     714   1173.0 |    2174.9 |    1015.3
     715   1175.2 |    2229.8 |    1016.0
     716   1176.0 |    2420.2 |    1019.0
     717   1176.1 |    2425.6 |    1026.7
     718   1177.0 |    2430.5 |    1031.9
     719   1177.3 |    2432.9 |    1032.3
     720   1181.4 |    2433.7 |    1034.9
     721   1183.0 |    2436.1 |    1037.1
     722   1183.5 |    2441.0 |    1037.2
     723   1184.1 |    2441.6 |    1038.4
     724   1184.3 |    2441.7 |    1039.2
     725   1184.9 |    2445.2 |    1042.2
     726   1184.9 |    2449.4 |    1046.4
     727   1187.4 |    2451.8 |    1047.6
     728   1188.7 |    2452.1 |    1056.6
     729   1197.6 |    2453.5 |    1057.7
     730   1200.2 |    2460.9 |    1059.3
     731   1200.4 |    2462.3 |    1059.5
     732   1201.2 |    2463.3 |    1069.3
     733   1201.7 |    2464.7 |    1072.2
     734   1202.7 |    2467.0 |    1073.3
     735   1204.7 |    2467.3 |    1076.5
     736   1206.7 |    2469.8 |    1077.5
     737   1207.0 |    2469.8 |    1079.1
     738   1207.1 |    2470.8 |    1086.9
     739   1208.7 |    2470.9 |    1090.6
     740   1209.0 |    2472.0 |    1107.6
     741   1209.1 |    2478.3 |    1110.4
     742   1209.3 |    2480.4 |    1114.8
     743   1210.4 |    2502.4 |    1116.1
     744   1210.9 |    2506.0 |    1118.6
     745   1211.6 |    2588.6 |    1119.2
     746   1213.3 |    2741.1 |    1126.2
     747   1213.3 |    2754.2 |    1132.4
     748   1213.4 |    2764.5 |    1134.5
     749   1213.6 |    2796.1 |    1147.4
     750   1214.1 |    2811.8 |    1150.6
     751   1216.0 |    2812.1 |    1186.1
     752   1216.1 |    2825.0 |    1229.6
     753   1216.4 |    2829.8 |    1239.8
     754   1217.5 |    2862.6 |    1303.5
     755   1217.9 |    2979.8 |    1427.3
     756   1218.7 |    2982.0 |    1491.6
     757   1220.4 |    2991.9 |    1492.6
     758   1221.0 |    2996.4 |    1496.2
     759   1221.2 |    2996.6 |    1497.1
     760   1222.4 |    2998.7 |    1497.4
     761   1222.6 |    2999.7 |    1497.5
     762   1224.3 |    3002.2 |    1497.5
     763   1224.5 |    3017.2 |    1498.4
     764   1225.2 |    3089.2 |    1499.4
     765   1225.9 |    3091.7 |    1499.4
     766   1226.5 |    3094.4 |    1500.0
     767   1226.7 |    3094.8 |    1500.3
     768   1227.8 |    3096.9 |    1501.7
     769   1228.8 |    3097.5 |    1502.4
     770   1229.2 |    3098.7 |    1502.8
     771   1229.4 |    3100.8 |    1503.1
     772   1230.4 |    3103.9 |    1505.6
     773   1231.7 |    3104.1 |    1505.9
     774   1232.1 |    3104.2 |    1506.4
     775   1232.4 |    3104.7 |    1506.6
     776   1232.5 |    3104.8 |    1507.8
     777   1232.6 |    3105.0 |    1508.1
     778   1233.7 |    3105.2 |    1508.3
     779   1234.2 |    3105.2 |    1509.7
     780   1236.0 |    3106.0 |    1510.0
     781   1238.3 |    3106.5 |    1513.8
     782   1238.7 |    3107.2 |    1515.8
     783   1241.0 |    3108.7 |    1516.8
     784   1242.9 |    3111.9 |    1902.9
     785   1245.9 |    3114.7 |    1906.5
     786   1249.1 |    3117.6 |    1915.8
     787   1249.5 |    3117.9 |    1918.2
     788   1251.0 |    3118.8 |    1921.1
     789   1251.0 |    3120.1 |    1921.8
     790   1251.7 |    3121.7 |    1922.1
     791   1252.6 |    3123.0 |    1931.8
     792   1252.7 |    3123.1 |    1932.0
     793   1253.9 |    3123.4 |    1933.0
     794   1254.4 |    3123.6 |    1933.4
     795   1255.9 |    3124.0 |    1935.3
     796   1256.0 |    3124.9 |    1935.6
     797   1257.3 |    3125.3 |    1938.2
     798   1263.0 |    3126.2 |    1939.4
     799   1266.4 |    3127.5 |    1945.3
     800   1276.6 |    3128.7 |    1962.1
     801   1277.4 |    3129.1 |    1982.2
     802   1284.3 |    3129.5 |    1982.8
     803   1285.3 |    3129.9 |    1983.6
     804   1288.8 |    3129.9 |    1987.6
     805   1290.2 |    3131.2 |    1989.0
     806   1294.6 |    3131.3 |    1989.6
     807   1299.6 |    3131.6 |    1990.8
     808   1307.1 |    3131.7 |    1991.5
     809   1318.1 |    3131.9 |    1991.7
     810   1322.6 |    3132.2 |    1992.8
     811   1326.0 |    3132.7 |    1994.0
     812   1333.1 |    3132.7 |    1994.4
     813   1344.5 |    3133.0 |    1995.2
     814   1344.7 |    3133.2 |    1995.3
     815   1345.0 |    3133.3 |    1995.3
     816   1357.8 |    3133.4 |    1995.4
     817   1365.6 |    3135.5 |    1995.7
     818   1366.6 |    3135.7 |    1995.9
     819   1371.3 |    3135.9 |    1997.5
     820   1373.2 |    3137.9 |    1997.8
     821   1381.6 |    3137.9 |    1997.8
     822   1387.2 |    3138.0 |    1998.1
     823   1387.8 |    3138.7 |    1998.1
     824   1405.5 |    3139.3 |    1998.2
     825   1410.7 |    3139.7 |    1998.2
     826   1415.0 |    3139.8 |    1998.4
     827   1418.3 |    3140.1 |    2000.0
     828   1429.6 |    3141.1 |    2000.5
     829   1431.0 |    3141.2 |    2000.6
     830   1434.5 |    3141.6 |    2000.6
     831   1437.0 |    3142.1 |    2000.7
     832   1442.6 |    3142.3 |    2001.1
     833   1443.2 |    3143.4 |    2001.3
     834   1444.8 |    3144.2 |    2001.4
     835   1453.1 |    3144.3 |    2001.4
     836   1453.7 |    3144.8 |    2002.1
     837   1454.1 |    3145.0 |    2002.2
     838   1457.7 |    3146.2 |    2002.2
     839   1461.0 |    3146.4 |    2002.3
     840   1467.2 |    3146.6 |    2002.5
     841   1480.5 |    3146.6 |    2002.5
     842   1491.0 |    3148.0 |    2002.6
     843   2371.8 |    3148.7 |    2002.7
     844   2376.0 |    3149.3 |    2003.1
     845   2384.9 |    3150.5 |    2003.1
     846   2387.3 |    3151.1 |    2003.3
     847   2392.4 |    3151.6 |    2003.6
     848   2393.7 |    3152.0 |    2003.6
     849   2398.7 |    3153.5 |    2003.8
     850   2400.0 |    3157.4 |    2004.0
     851   2400.2 |    3157.6 |    2004.0
     852   2400.8 |    3160.0 |    2004.8
     853   2401.1 |    3160.8 |    2005.3
     854   2407.3 |    3161.5 |    2005.3
     855   2408.9 |    3162.4 |    2005.4
     856   2411.4 |    3165.8 |    2005.4
     857   2411.6 |    3167.8 |    2005.4
     858   2412.7 |    3168.0 |    2005.8
     859   2413.7 |    3168.1 |    2006.0
     860   2419.5 |    3168.1 |    2006.6
     861   2419.7 |    3168.2 |    2006.7
     862   2420.1 |    3168.7 |    2006.8
     863   2420.9 |    3168.7 |    2007.0
     864   2422.3 |    3169.2 |    2007.1
     865   2440.5 |    3170.1 |    2007.3
     866   2451.8 |    3170.3 |    2007.4
     867   2733.0 |    3170.4 |    2007.4
     868   2755.7 |    3170.6 |    2007.6
     869   2755.8 |    3170.7 |    2007.7
     870   2759.4 |    3171.4 |    2007.8
     871   2791.4 |    3171.5 |    2008.1
     872   2904.8 |    3171.5 |    2008.4
     873   2912.4 |    3171.6 |    2008.8
     874   2922.5 |    3171.7 |    2009.3
     875   2944.4 |    3172.7 |    2009.8
     876   2945.8 |    3173.3 |    2009.8
     877   2949.2 |    3173.9 |    2010.0
     878   2949.7 |    3174.4 |    2010.2
     879   2957.9 |    3174.6 |    2011.0
     880   2962.0 |    3176.8 |    2011.2
     881   2964.9 |    3177.9 |    2011.4
     882   2967.3 |    3178.0 |    2011.5
     883   2968.8 |    3178.5 |    2011.9
     884   2971.1 |    3178.9 |    2012.0
     885   2973.0 |    3179.8 |    2012.8
     886   2975.4 |    3180.1 |    2014.3
     887   2977.0 |    3180.8 |    2015.0
     888   2980.7 |    3181.7 |    2015.8
     889   2981.3 |    3182.6 |    2016.3
     890   2981.4 |    3184.2 |    2016.4
     891   2981.4 |    3184.3 |    2017.3
     892   2985.1 |    3184.6 |    2017.8
     893   2986.0 |    3184.8 |    2018.0
     894   2986.2 |    3185.2 |    2018.0
     895   2987.1 |    3185.2 |    2018.1
     896   2988.7 |    3185.3 |    2018.1
     897   2988.9 |    3185.4 |    2018.2
     898   2989.7 |    3185.5 |    2018.5
     899   2990.8 |    3185.8 |    2018.6
     900   2995.5 |    3186.1 |    2018.6
     901   2995.5 |    3186.2 |    2018.7
     902   2997.8 |    3186.3 |    2018.7
     903   3000.1 |    3186.8 |    2018.8
     904   3002.2 |    3188.2 |    2019.1
     905   3002.5 |    3188.4 |    2019.2
     906   3002.6 |    3191.5 |    2019.2
     907   3004.1 |    3191.5 |    2019.5
     908   3005.6 |    3192.3 |    2019.6
     909   3006.9 |    3194.0 |    2019.8
     910   3008.0 |    3197.2 |    2019.8
     911   3008.9 |    3197.3 |    2020.2
     912   3013.2 |    3200.5 |    2020.4
     913   3013.6 |    3201.3 |    2020.8
     914   3016.2 |    3207.1 |    2021.1
     915   3016.5 |    3208.4 |    2021.7
     916   3019.0 |    3209.0 |    2021.8
     917   3019.3 |    3210.1 |    2022.0
     918   3022.3 |    3212.4 |    2022.5
     919   3022.5 |    3213.1 |    2022.7
     920   3031.2 |    3219.6 |    2022.7
     921   3031.3 |    3225.3 |    2022.9
     922   3033.6 |    3231.0 |    2023.5
     923   3036.6 |    3236.0 |    2023.5
     924   3039.2 |    3251.8 |    2023.6
     925   3044.2 |    3435.1 |    2023.7
  -----------------------------------------------------------
    RMSD          |     645.7 |     325.4
     MAE          |     314.6 |     210.8
=============================================================



==============================================
  TIMING [JAX (gpu) + MM3 + Optax Adam+cosine]
==============================================
  Optimization S               433.61 s
  Function Evaluations             2001
  Per Evaluation S             216.7 ms
==============================================


