
========================================================
  SUMMARY [JAX (gpu) + MM3 + Optax Adam+cosine]
========================================================
  RMSD (cm⁻¹):       1592.4 → 162.5
  Score:             3879.418905 → 1207.340053  (+68.9%)
  Function evals:    2001
  Wall time:         1054.2s
  Scipy converged:   False
  Scipy message:     Max steps (2000) reached
========================================================



=============================================================
  FREQUENCY PROGRESSION [JAX (gpu) + MM3 + Optax Adam+cosine]
=============================================================
    Mode   QM ref |   QFUERZA | Optimized
  -----------------------------------------------------------
       1     50.4 |      51.1 |      50.6
       2     50.5 |      52.2 |      51.8
       3     51.1 |      53.0 |      52.7
       4     55.7 |      53.6 |      53.2
       5     56.1 |      54.2 |      53.2
       6     56.9 |      55.0 |      53.3
       7     57.1 |      55.7 |      53.9
       8     57.2 |      55.7 |      55.3
       9     57.2 |      56.2 |      55.5
      10     59.1 |      57.6 |      55.8
      11     59.1 |      58.2 |      56.0
      12     59.6 |      58.5 |      56.3
      13     59.7 |      58.9 |      56.5
      14     59.9 |      59.6 |      56.6
      15     60.0 |      60.5 |      57.0
      16     60.5 |      60.9 |      57.2
      17     60.9 |      61.3 |      57.4
      18     61.0 |      61.8 |      57.8
      19     61.4 |      62.2 |      58.2
      20     61.4 |      62.6 |      58.8
      21     61.5 |      63.3 |      60.5
      22     62.0 |      63.4 |      60.7
      23     62.0 |      63.5 |      61.0
      24     62.4 |      66.4 |      61.5
      25     63.6 |      68.0 |      61.8
      26     63.6 |      68.4 |      62.7
      27     63.6 |      68.7 |      63.6
      28     63.8 |      69.0 |      63.6
      29     63.8 |      69.7 |      63.9
      30     63.9 |      69.9 |      64.0
      31     64.0 |      70.1 |      65.4
      32     64.1 |      70.4 |      67.7
      33     64.2 |      73.2 |      67.8
      34     64.2 |      73.7 |      67.8
      35     64.2 |      73.8 |      67.9
      36     64.4 |      74.6 |      68.3
      37     64.6 |      74.6 |      69.5
      38     64.7 |      74.8 |      70.3
      39     64.8 |      75.4 |      70.5
      40     64.8 |      75.6 |      70.7
      41     65.2 |      76.3 |      70.8
      42     65.2 |      77.9 |      71.3
      43     65.2 |      78.5 |      71.3
      44     65.6 |      79.4 |      71.6
      45     65.6 |      79.7 |      71.7
      46     65.7 |      79.8 |      72.4
      47     65.7 |      79.8 |      72.5
      48     65.8 |      79.9 |      72.5
      49     65.9 |      82.3 |      72.8
      50     66.0 |      83.1 |      73.6
      51     66.1 |      83.5 |      74.3
      52     66.2 |      83.9 |      74.9
      53     66.2 |      83.9 |      75.4
      54     66.3 |      87.4 |      75.7
      55     66.4 |      88.3 |      76.1
      56     66.4 |      89.3 |      76.2
      57     66.6 |      92.0 |      77.2
      58     66.9 |      92.3 |      77.7
      59     66.9 |      92.4 |      78.0
      60     67.0 |      92.4 |      79.0
      61     67.1 |      93.4 |      80.2
      62     67.1 |      93.5 |      80.6
      63     67.1 |      95.8 |      80.7
      64     67.3 |      96.1 |      81.8
      65     67.3 |      98.8 |      82.8
      66     67.4 |     100.7 |      83.4
      67     67.4 |     101.6 |      83.4
      68     67.4 |     101.9 |      83.6
      69     67.9 |     102.1 |      83.7
      70     67.9 |     102.4 |      84.1
      71     67.9 |     103.0 |      84.4
      72     68.0 |     105.5 |      84.6
      73     68.0 |     106.6 |      85.3
      74     68.2 |     107.4 |      86.1
      75     68.2 |     107.7 |      87.5
      76     68.7 |     108.8 |      87.7
      77     69.1 |     109.8 |      88.0
      78     69.1 |     111.7 |      88.1
      79     69.2 |     111.8 |      88.1
      80     69.4 |     111.9 |      88.2
      81     70.4 |     113.5 |      88.6
      82     70.5 |     114.0 |      88.9
      83     70.6 |     115.5 |      90.1
      84     70.8 |     115.8 |      90.7
      85     70.9 |     117.5 |      90.7
      86     71.0 |     117.5 |      90.8
      87     71.1 |     117.8 |      90.9
      88     71.2 |     118.1 |      91.1
      89     71.5 |     118.2 |      91.3
      90     71.6 |     118.4 |      91.5
      91     71.6 |     118.7 |      92.1
      92     71.8 |     119.5 |      92.2
      93     71.9 |     119.8 |      92.3
      94     72.5 |     119.9 |      92.7
      95     73.0 |     120.1 |      93.4
      96     73.2 |     120.8 |      93.4
      97     73.3 |     120.9 |      93.5
      98     73.7 |     121.0 |      93.5
      99     73.7 |     121.5 |      93.5
     100     73.7 |     121.8 |      93.6
     101     73.9 |     121.8 |      93.6
     102     74.0 |     121.9 |      93.7
     103     74.3 |     122.9 |      93.8
     104     74.4 |     123.3 |      93.9
     105     74.8 |     123.3 |      94.5
     106     75.1 |     123.5 |      94.7
     107     79.3 |     124.2 |      94.7
     108     79.3 |     124.2 |      94.8
     109     79.4 |     126.1 |      95.0
     110     79.5 |     126.2 |      95.2
     111     79.6 |     126.4 |      96.3
     112     79.6 |     127.6 |      96.5
     113     79.8 |     129.2 |      96.7
     114     80.0 |     129.3 |      97.0
     115     80.3 |     129.6 |      97.5
     116     80.4 |     129.8 |      97.6
     117     85.4 |     129.9 |      97.7
     118     86.0 |     130.3 |      97.7
     119     86.3 |     131.0 |      97.8
     120     87.3 |     131.5 |      97.8
     121     87.4 |     132.5 |      98.4
     122     87.6 |     133.1 |      99.3
     123     87.8 |     135.2 |      99.6
     124     88.1 |     136.4 |     100.6
     125     88.2 |     136.9 |     100.9
     126     88.2 |     138.2 |     101.1
     127     88.3 |     138.2 |     101.4
     128     89.0 |     138.8 |     102.3
     129     89.0 |     139.5 |     102.4
     130     89.1 |     140.2 |     102.9
     131     89.6 |     141.4 |     103.4
     132     90.0 |     141.6 |     104.0
     133     90.6 |     142.2 |     104.4
     134     91.9 |     142.3 |     104.6
     135     91.9 |     142.4 |     105.7
     136     92.5 |     142.9 |     106.8
     137     93.0 |     143.0 |     106.9
     138     93.2 |     143.2 |     107.0
     139     93.3 |     143.8 |     107.1
     140     93.5 |     144.8 |     107.1
     141     93.8 |     144.9 |     107.2
     142     93.8 |     145.3 |     107.2
     143     94.1 |     147.0 |     107.3
     144     95.5 |     147.2 |     107.9
     145     96.2 |     147.3 |     108.0
     146     98.0 |     147.6 |     109.4
     147     98.1 |     148.2 |     109.8
     148     98.3 |     148.8 |     110.4
     149     98.3 |     148.8 |     111.8
     150     98.5 |     150.0 |     111.9
     151     98.8 |     150.1 |     112.0
     152     99.8 |     151.7 |     112.7
     153     99.9 |     151.7 |     112.8
     154     99.9 |     151.9 |     112.9
     155    100.0 |     152.3 |     113.4
     156    100.4 |     152.4 |     113.9
     157    100.5 |     153.0 |     114.4
     158    100.5 |     153.1 |     114.4
     159    101.9 |     153.4 |     115.2
     160    102.6 |     154.3 |     115.5
     161    102.8 |     154.7 |     115.7
     162    102.8 |     156.8 |     115.8
     163    103.1 |     157.1 |     116.8
     164    103.2 |     158.1 |     116.9
     165    106.1 |     158.4 |     117.2
     166    106.2 |     159.4 |     117.7
     167    107.5 |     159.5 |     118.5
     168    107.7 |     159.8 |     119.3
     169    107.8 |     160.0 |     119.7
     170    108.2 |     161.1 |     120.0
     171    108.4 |     162.1 |     120.3
     172    108.9 |     163.3 |     120.4
     173    108.9 |     163.7 |     120.7
     174    109.0 |     164.1 |     121.2
     175    109.0 |     164.2 |     121.7
     176    109.1 |     164.6 |     121.8
     177    109.3 |     165.6 |     121.9
     178    109.4 |     165.8 |     123.4
     179    109.4 |     166.1 |     123.9
     180    109.6 |     166.7 |     124.0
     181    109.9 |     166.9 |     124.4
     182    110.1 |     167.7 |     124.5
     183    111.1 |     168.1 |     125.6
     184    112.0 |     169.7 |     126.0
     185    112.5 |     170.0 |     126.2
     186    117.4 |     170.4 |     126.9
     187    117.6 |     171.1 |     127.1
     188    117.8 |     171.3 |     127.4
     189    117.9 |     171.7 |     128.3
     190    117.9 |     171.7 |     128.7
     191    118.0 |     172.1 |     129.4
     192    118.2 |     172.9 |     129.7
     193    118.3 |     173.5 |     130.1
     194    118.4 |     175.0 |     130.3
     195    118.7 |     175.1 |     130.5
     196    122.0 |     175.8 |     131.0
     197    122.5 |     176.8 |     132.7
     198    122.8 |     177.3 |     132.7
     199    122.8 |     177.8 |     133.2
     200    124.4 |     178.4 |     133.3
     201    124.9 |     178.8 |     133.4
     202    125.3 |     178.9 |     133.5
     203    125.4 |     179.6 |     133.6
     204    125.5 |     180.0 |     134.1
     205    126.3 |     180.7 |     134.6
     206    126.4 |     181.8 |     134.8
     207    126.5 |     182.1 |     135.1
     208    126.6 |     182.5 |     135.2
     209    126.7 |     182.8 |     135.2
     210    126.8 |     182.9 |     135.4
     211    127.0 |     183.1 |     135.4
     212    127.2 |     183.7 |     135.4
     213    127.2 |     183.7 |     135.5
     214    127.5 |     183.7 |     135.8
     215    129.3 |     184.4 |     135.8
     216    129.9 |     185.0 |     135.9
     217    130.0 |     185.9 |     136.0
     218    130.5 |     187.0 |     136.1
     219    131.1 |     187.5 |     136.2
     220    131.3 |     187.5 |     136.2
     221    131.3 |     187.8 |     136.5
     222    131.3 |     188.0 |     136.5
     223    131.3 |     188.6 |     136.9
     224    131.5 |     190.6 |     137.2
     225    131.5 |     193.1 |     137.6
     226    131.5 |     193.6 |     138.4
     227    131.6 |     193.9 |     138.6
     228    131.7 |     194.3 |     138.9
     229    131.7 |     195.6 |     139.6
     230    131.7 |     197.3 |     139.9
     231    131.8 |     197.6 |     140.5
     232    131.8 |     198.2 |     140.6
     233    131.8 |     199.6 |     140.6
     234    131.9 |     202.3 |     140.9
     235    132.0 |     202.4 |     141.8
     236    132.1 |     203.0 |     142.1
     237    132.1 |     207.2 |     142.2
     238    132.2 |     209.0 |     142.4
     239    132.3 |     209.3 |     142.4
     240    132.4 |     209.6 |     142.4
     241    132.8 |     209.6 |     142.4
     242    132.9 |     211.2 |     143.1
     243    133.2 |     212.0 |     143.4
     244    133.3 |     218.2 |     143.8
     245    133.6 |     221.0 |     144.3
     246    133.6 |     222.4 |     144.9
     247    133.7 |     222.6 |     145.1
     248    133.8 |     223.8 |     145.2
     249    133.8 |     224.8 |     145.9
     250    133.8 |     225.6 |     146.4
     251    133.9 |     226.3 |     146.5
     252    133.9 |     230.9 |     147.6
     253    134.0 |     233.1 |     147.8
     254    134.0 |     234.1 |     148.0
     255    134.1 |     236.1 |     148.0
     256    134.3 |     236.3 |     148.3
     257    134.4 |     236.5 |     148.3
     258    134.4 |     241.1 |     148.4
     259    134.5 |     241.5 |     148.6
     260    134.5 |     243.0 |     149.7
     261    134.5 |     243.8 |     150.4
     262    134.5 |     244.2 |     150.5
     263    134.7 |     245.3 |     150.5
     264    134.7 |     247.0 |     150.5
     265    134.7 |     248.5 |     150.6
     266    134.8 |     248.8 |     150.6
     267    134.9 |     249.2 |     150.6
     268    134.9 |     250.3 |     150.6
     269    135.0 |     250.4 |     150.7
     270    135.0 |     254.1 |     151.1
     271    135.2 |     260.6 |     151.2
     272    135.4 |     261.4 |     151.6
     273    135.5 |     262.4 |     151.7
     274    135.5 |     262.5 |     151.8
     275    135.6 |     263.8 |     151.9
     276    135.7 |     265.6 |     152.1
     277    135.7 |     265.7 |     152.3
     278    135.7 |     266.3 |     152.3
     279    135.7 |     266.3 |     152.3
     280    135.8 |     266.7 |     152.9
     281    135.9 |     268.0 |     153.0
     282    135.9 |     268.0 |     153.4
     283    136.0 |     269.3 |     153.5
     284    136.3 |     271.3 |     153.5
     285    136.3 |     273.5 |     154.8
     286    136.4 |     273.9 |     155.0
     287    136.4 |     277.3 |     155.4
     288    136.4 |     277.8 |     155.5
     289    136.6 |     277.8 |     155.8
     290    136.7 |     279.0 |     155.9
     291    137.3 |     279.4 |     156.3
     292    137.3 |     280.6 |     156.4
     293    137.4 |     281.1 |     157.0
     294    137.5 |     281.5 |     157.6
     295    137.6 |     282.1 |     159.1
     296    137.8 |     282.1 |     159.3
     297    138.0 |     286.3 |     160.6
     298    138.4 |     286.5 |     161.3
     299    138.7 |     286.7 |     161.5
     300    139.1 |     290.3 |     163.1
     301    139.4 |     290.3 |     163.2
     302    139.6 |     291.7 |     163.2
     303    142.1 |     292.8 |     163.7
     304    142.2 |     293.3 |     163.7
     305    142.5 |     294.3 |     164.1
     306    142.5 |     296.1 |     164.7
     307    142.7 |     296.5 |     164.7
     308    142.8 |     296.8 |     164.9
     309    142.9 |     297.7 |     165.0
     310    143.0 |     298.3 |     165.2
     311    143.1 |     300.4 |     165.3
     312    143.2 |     300.9 |     165.7
     313    143.5 |     301.9 |     166.0
     314    143.6 |     302.0 |     166.2
     315    145.5 |     303.2 |     166.2
     316    145.9 |     303.6 |     166.5
     317    146.1 |     308.6 |     166.7
     318    146.9 |     309.6 |     166.7
     319    146.9 |     310.2 |     167.3
     320    147.0 |     310.3 |     167.3
     321    147.0 |     311.2 |     167.4
     322    147.0 |     312.5 |     167.4
     323    147.1 |     313.0 |     167.5
     324    147.2 |     313.2 |     167.5
     325    147.3 |     313.7 |     167.8
     326    147.3 |     314.3 |     168.1
     327    147.3 |     314.5 |     168.6
     328    147.5 |     314.7 |     168.6
     329    147.5 |     314.8 |     168.7
     330    147.7 |     315.7 |     168.9
     331    147.7 |     317.6 |     169.2
     332    148.3 |     318.4 |     169.3
     333    148.7 |     318.5 |     169.3
     334    149.3 |     319.0 |     169.4
     335    151.0 |     319.3 |     169.8
     336    151.7 |     320.2 |     170.0
     337    152.1 |     320.3 |     170.0
     338    152.4 |     321.1 |     170.1
     339    153.9 |     323.3 |     170.1
     340    154.0 |     323.4 |     170.5
     341    154.4 |     324.0 |     170.6
     342    154.6 |     325.6 |     170.6
     343    154.8 |     326.4 |     170.9
     344    154.8 |     328.2 |     171.0
     345    154.9 |     329.4 |     171.1
     346    155.1 |     330.4 |     171.2
     347    155.2 |     330.8 |     171.4
     348    155.6 |     331.3 |     171.5
     349    156.0 |     332.7 |     171.5
     350    156.0 |     334.2 |     171.6
     351    156.4 |     335.7 |     171.6
     352    156.7 |     337.1 |     171.7
     353    156.9 |     338.0 |     172.0
     354    156.9 |     338.2 |     172.0
     355    157.6 |     340.5 |     172.1
     356    158.6 |     342.5 |     172.1
     357    158.6 |     342.7 |     172.2
     358    158.6 |     343.6 |     172.2
     359    159.4 |     345.7 |     172.3
     360    159.7 |     346.1 |     172.6
     361    159.8 |     346.9 |     172.6
     362    159.9 |     348.5 |     172.8
     363    160.5 |     349.5 |     173.0
     364    160.7 |     350.4 |     173.2
     365    162.2 |     351.0 |     173.3
     366    162.8 |     351.3 |     173.3
     367    162.8 |     352.5 |     173.4
     368    163.7 |     352.6 |     173.5
     369    163.9 |     353.6 |     173.6
     370    164.2 |     354.2 |     173.6
     371    164.3 |     357.3 |     173.7
     372    164.3 |     357.3 |     174.0
     373    165.4 |     361.4 |     174.0
     374    166.9 |     363.9 |     174.6
     375    171.8 |     366.2 |     174.9
     376    172.3 |     366.3 |     175.2
     377    174.6 |     366.6 |     175.2
     378    175.0 |     368.3 |     175.2
     379    176.7 |     368.4 |     175.3
     380    176.8 |     368.6 |     176.2
     381    177.0 |     368.8 |     176.5
     382    177.1 |     369.4 |     176.6
     383    177.2 |     369.4 |     177.1
     384    178.3 |     369.9 |     177.2
     385    178.5 |     371.4 |     178.4
     386    179.7 |     373.2 |     179.6
     387    182.0 |     374.1 |     179.9
     388    182.1 |     374.1 |     180.0
     389    182.1 |     374.8 |     183.1
     390    182.1 |     375.9 |     184.9
     391    182.1 |     376.4 |     185.9
     392    182.1 |     378.3 |     190.3
     393    182.1 |     378.5 |     190.6
     394    182.1 |     380.4 |     190.9
     395    182.1 |     380.8 |     194.5
     396    182.2 |     381.7 |     194.7
     397    182.2 |     382.1 |     195.1
     398    182.3 |     382.4 |     195.3
     399    182.3 |     382.5 |     196.0
     400    182.3 |     382.5 |     196.2
     401    182.4 |     383.4 |     196.4
     402    182.4 |     387.6 |     196.4
     403    182.5 |     389.7 |     197.0
     404    182.5 |     390.3 |     199.4
     405    182.5 |     391.0 |     199.7
     406    182.5 |     392.1 |     200.3
     407    182.5 |     397.2 |     200.5
     408    182.7 |     397.3 |     200.6
     409    182.8 |     398.4 |     200.8
     410    184.0 |     400.0 |     201.4
     411    184.3 |     402.3 |     201.8
     412    185.9 |     404.1 |     203.0
     413    186.0 |     411.4 |     203.9
     414    186.0 |     412.4 |     203.9
     415    186.1 |     413.0 |     204.0
     416    186.3 |     413.0 |     204.4
     417    186.4 |     415.4 |     204.5
     418    186.4 |     437.6 |     204.6
     419    186.5 |     438.0 |     204.7
     420    186.6 |     464.7 |     204.9
     421    186.6 |     466.5 |     205.3
     422    186.6 |     472.5 |     205.4
     423    186.7 |     473.6 |     205.5
     424    186.8 |     474.6 |     206.2
     425    186.8 |     476.3 |     208.0
     426    186.8 |     478.0 |     210.7
     427    186.8 |     478.7 |     210.7
     428    186.9 |     480.2 |     213.0
     429    186.9 |     480.5 |     213.2
     430    187.0 |     480.7 |     214.0
     431    187.2 |     482.0 |     214.0
     432    187.3 |     483.7 |     214.1
     433    187.4 |     484.1 |     214.3
     434    187.4 |     487.8 |     214.3
     435    187.5 |     488.3 |     214.5
     436    187.5 |     489.9 |     215.0
     437    187.5 |     491.2 |     215.4
     438    187.8 |     495.6 |     215.6
     439    188.7 |     497.7 |     216.9
     440    188.9 |     498.4 |     219.0
     441    190.2 |     500.7 |     219.5
     442    190.2 |     513.8 |     220.5
     443    190.5 |     515.1 |     222.0
     444    190.5 |     516.8 |     222.0
     445    190.6 |     517.8 |     222.1
     446    190.7 |     518.3 |     222.8
     447    190.8 |     530.7 |     224.3
     448    190.8 |     558.4 |     224.6
     449    190.8 |     559.5 |     225.6
     450    190.8 |     565.3 |     228.1
     451    190.8 |     565.5 |     228.8
     452    190.8 |     566.6 |     229.0
     453    190.9 |     567.2 |     229.4
     454    190.9 |     568.8 |     229.5
     455    191.0 |     572.6 |     229.5
     456    191.0 |     573.3 |     229.7
     457    191.1 |     579.5 |     229.8
     458    191.1 |     580.3 |     230.4
     459    191.1 |     580.8 |     230.6
     460    191.1 |     583.7 |     232.2
     461    191.2 |     584.4 |     233.2
     462    191.2 |     584.7 |     233.9
     463    191.2 |     584.7 |     235.2
     464    191.3 |     585.2 |     235.9
     465    191.3 |     585.4 |     237.1
     466    191.8 |     585.5 |     237.5
     467    191.8 |     587.0 |     237.8
     468    192.0 |     588.3 |     237.9
     469    198.4 |     592.0 |     238.3
     470    198.8 |     594.3 |     239.3
     471    201.7 |     601.9 |     239.5
     472    202.5 |     605.9 |     239.7
     473    202.7 |     622.4 |     239.7
     474    202.8 |     624.7 |     240.5
     475    202.8 |     627.2 |     241.6
     476    202.9 |     632.6 |     241.8
     477    203.2 |     645.4 |     241.9
     478    203.2 |     647.3 |     242.1
     479    203.3 |     681.6 |     242.3
     480    203.4 |     685.5 |     242.6
     481    203.4 |     687.2 |     242.7
     482    203.4 |     693.1 |     242.9
     483    203.4 |     693.1 |     242.9
     484    203.6 |     693.4 |     243.5
     485    204.1 |     693.8 |     243.7
     486    204.1 |     695.2 |     244.5
     487    204.1 |     699.9 |     244.6
     488    204.1 |     702.4 |     245.1
     489    204.2 |     703.0 |     245.1
     490    204.4 |     704.6 |     245.3
     491    204.9 |     710.4 |     245.3
     492    205.2 |     716.7 |     245.5
     493    205.2 |     719.4 |     245.6
     494    207.1 |     721.1 |     245.7
     495    207.2 |     724.7 |     245.7
     496    207.3 |     730.3 |     245.7
     497    207.3 |     731.7 |     247.0
     498    207.3 |     735.2 |     247.5
     499    207.3 |     737.6 |     247.7
     500    207.6 |     737.9 |     249.9
     501    207.6 |     738.7 |     250.5
     502    207.6 |     738.9 |     251.8
     503    207.6 |     740.8 |     252.2
     504    207.6 |     743.0 |     252.3
     505    207.7 |     751.6 |     252.8
     506    208.7 |     752.7 |     255.8
     507    209.0 |     763.2 |     257.6
     508    209.1 |     764.7 |     258.3
     509    209.2 |     771.4 |     261.3
     510    209.5 |     779.0 |     263.7
     511    210.4 |     802.2 |     265.1
     512    210.5 |     804.2 |     265.4
     513    210.5 |     806.8 |     265.5
     514    210.5 |     807.0 |     266.5
     515    210.5 |     807.3 |     267.2
     516    210.5 |     807.8 |     267.4
     517    210.7 |     807.9 |     267.8
     518    210.9 |     808.9 |     268.0
     519    211.0 |     809.2 |     268.2
     520    211.3 |     809.7 |     268.6
     521    211.3 |     809.9 |     273.9
     522    211.4 |     810.5 |     275.5
     523    211.6 |     810.6 |     275.7
     524    211.8 |     811.2 |     275.9
     525    211.8 |     811.3 |     276.9
     526    211.9 |     811.8 |     277.5
     527    211.9 |     812.1 |     277.6
     528    211.9 |     813.2 |     278.3
     529    212.0 |     816.1 |     278.5
     530    212.1 |     827.9 |     278.5
     531    212.1 |     828.8 |     278.7
     532    212.2 |     832.5 |     279.6
     533    212.3 |     835.5 |     279.7
     534    212.4 |     848.4 |     281.2
     535    212.5 |     859.9 |     281.6
     536    212.6 |     870.3 |     282.9
     537    212.8 |     881.4 |     283.5
     538    213.0 |     881.4 |     284.3
     539    213.3 |     889.6 |     284.9
     540    213.3 |     891.0 |     285.7
     541    213.5 |     922.4 |     286.9
     542    213.6 |     924.4 |     289.9
     543    213.7 |     925.1 |     290.9
     544    213.8 |     925.3 |     291.1
     545    214.1 |     925.6 |     292.0
     546    216.9 |     925.9 |     292.1
     547    216.9 |     927.0 |     294.4
     548    216.9 |     927.2 |     301.7
     549    217.0 |     927.5 |     302.0
     550    217.0 |     927.5 |     303.4
     551    217.2 |     927.6 |     304.9
     552    217.4 |     929.2 |     306.1
     553    217.4 |     931.6 |     308.0
     554    217.4 |     931.9 |     309.6
     555    217.4 |     932.0 |     312.0
     556    217.6 |     932.8 |     316.7
     557    219.2 |     942.2 |     316.9
     558    223.8 |     942.6 |     316.9
     559    224.4 |     948.3 |     317.1
     560    224.4 |     949.2 |     317.4
     561    225.1 |     952.6 |     317.4
     562    226.5 |     952.9 |     317.6
     563    226.7 |     953.7 |     317.8
     564    227.4 |     962.9 |     318.7
     565    227.8 |     963.4 |     320.0
     566    227.9 |     976.2 |     320.4
     567    227.9 |     977.3 |     320.7
     568    228.0 |     979.2 |     321.4
     569    228.0 |     985.4 |     322.1
     570    228.0 |     986.0 |     322.2
     571    228.9 |     986.1 |     323.4
     572    229.0 |     988.5 |     323.5
     573    229.1 |     994.8 |     323.7
     574    229.1 |     996.5 |     323.8
     575    229.1 |    1004.1 |     323.9
     576    229.2 |    1013.6 |     324.0
     577    229.3 |    1015.8 |     324.1
     578    229.3 |    1028.0 |     324.2
     579    229.3 |    1030.9 |     324.3
     580    229.5 |    1031.6 |     324.5
     581    229.6 |    1032.2 |     324.5
     582    229.8 |    1033.0 |     324.5
     583    229.8 |    1033.1 |     325.1
     584    230.1 |    1033.4 |     327.2
     585    230.3 |    1037.9 |     328.9
     586    230.6 |    1037.9 |     330.7
     587    230.6 |    1038.1 |     331.0
     588    230.7 |    1038.1 |     332.3
     589    230.7 |    1038.6 |     332.8
     590    230.9 |    1047.9 |     333.1
     591    231.3 |    1070.1 |     335.1
     592    231.4 |    1071.3 |     337.6
     593    231.5 |    1076.0 |     337.8
     594    232.6 |    1077.5 |     340.2
     595    234.4 |    1078.8 |     341.1
     596    239.3 |    1081.8 |     343.4
     597    239.3 |    1092.0 |     345.4
     598    239.5 |    1103.5 |     346.1
     599    239.6 |    1119.5 |     347.7
     600    239.6 |    1121.3 |     350.6
     601    239.8 |    1123.4 |     352.5
     602    239.9 |    1123.6 |     354.1
     603    240.7 |    1124.6 |     355.2
     604    244.7 |    1125.4 |     355.2
     605    245.3 |    1126.0 |     356.1
     606    249.9 |    1126.5 |     357.5
     607    251.8 |    1127.1 |     361.4
     608    251.9 |    1128.3 |     369.4
     609    253.7 |    1131.5 |     388.0
     610    255.2 |    1133.5 |     400.2
     611    256.8 |    1141.6 |     400.7
     612    256.8 |    1151.6 |     405.3
     613    258.1 |    1151.7 |     406.0
     614    258.3 |    1152.0 |     431.0
     615    258.6 |    1152.1 |     436.4
     616    258.8 |    1153.4 |     437.1
     617    258.9 |    1154.1 |     437.7
     618    259.2 |    1154.5 |     439.2
     619    259.3 |    1154.6 |     440.3
     620    259.6 |    1154.7 |     449.5
     621    259.6 |    1155.7 |     467.9
     622    259.8 |    1156.6 |     471.6
     623    259.8 |    1156.6 |     475.8
     624    260.0 |    1156.9 |     476.0
     625    260.1 |    1157.0 |     476.1
     626    260.1 |    1157.0 |     476.3
     627    260.3 |    1157.2 |     476.4
     628    260.4 |    1157.4 |     476.5
     629    260.4 |    1157.6 |     476.7
     630    260.5 |    1157.7 |     476.8
     631    260.5 |    1157.8 |     476.8
     632    260.7 |    1163.4 |     476.8
     633    260.9 |    1165.2 |     477.0
     634    261.0 |    1165.3 |     477.5
     635    261.6 |    1167.7 |     477.5
     636    262.2 |    1168.7 |     477.5
     637    264.5 |    1177.9 |     477.5
     638    264.6 |    1179.5 |     477.6
     639    267.8 |    1181.3 |     477.6
     640    268.6 |    1185.4 |     477.7
     641    269.8 |    1188.9 |     477.9
     642    273.4 |    1189.8 |     477.9
     643    274.2 |    1189.8 |     478.0
     644    274.3 |    1189.9 |     478.1
     645    274.8 |    1195.1 |     478.2
     646    275.1 |    1201.7 |     478.3
     647    275.3 |    1201.7 |     478.6
     648    275.7 |    1202.2 |     484.9
     649    277.1 |    1202.3 |     485.2
     650    277.5 |    1202.8 |     485.9
     651    277.8 |    1202.8 |     486.1
     652    277.8 |    1202.8 |     486.1
     653    277.9 |    1202.9 |     488.3
     654    278.1 |    1202.9 |     488.4
     655    278.1 |    1202.9 |     488.5
     656    278.2 |    1203.0 |     488.8
     657    278.3 |    1203.1 |     489.0
     658    278.5 |    1203.2 |     489.2
     659    279.0 |    1203.2 |     490.1
     660    279.1 |    1203.2 |     492.5
     661    279.2 |    1203.8 |     493.2
     662    279.4 |    1203.8 |     493.5
     663    279.5 |    1204.1 |     493.7
     664    279.6 |    1204.1 |     493.9
     665    279.6 |    1204.2 |     495.0
     666    279.7 |    1205.1 |     495.0
     667    280.9 |    1205.7 |     495.8
     668    281.0 |    1206.7 |     496.6
     669    281.2 |    1207.0 |     496.7
     670    281.4 |    1207.7 |     496.7
     671    283.1 |    1209.7 |     496.8
     672    284.8 |    1210.6 |     496.8
     673    285.2 |    1211.0 |     496.8
     674    285.4 |    1211.2 |     496.9
     675    285.9 |    1211.9 |     497.0
     676    286.2 |    1215.8 |     497.0
     677    286.3 |    1218.8 |     497.2
     678    288.1 |    1221.7 |     497.4
     679    290.2 |    1222.0 |     497.4
     680    290.6 |    1235.4 |     497.5
     681    290.7 |    1238.6 |     497.5
     682    290.7 |    1239.7 |     497.5
     683    290.7 |    1241.9 |     497.5
     684    290.7 |    1244.2 |     497.5
     685    290.8 |    1247.4 |     497.5
     686    291.0 |    1248.5 |     497.6
     687    291.1 |    1248.8 |     497.6
     688    291.2 |    1249.0 |     497.8
     689    291.2 |    1249.1 |     497.8
     690    291.2 |    1249.1 |     498.1
     691    291.2 |    1249.1 |     498.2
     692    291.5 |    1249.2 |     498.3
     693    291.5 |    1249.2 |     498.3
     694    291.6 |    1249.3 |     498.3
     695    291.9 |    1249.4 |     498.4
     696    291.9 |    1249.6 |     498.4
     697    291.9 |    1250.1 |     498.4
     698    291.9 |    1250.3 |     498.6
     699    291.9 |    1250.8 |     498.6
     700    291.9 |    1250.8 |     498.7
     701    292.0 |    1250.9 |     498.8
     702    292.5 |    1250.9 |     498.9
     703    292.8 |    1251.0 |     499.1
     704    293.1 |    1251.1 |     499.2
     705    293.8 |    1251.5 |     499.2
     706    293.9 |    1252.5 |     499.2
     707    294.0 |    1257.2 |     499.5
     708    294.6 |    1272.7 |     499.9
     709    294.8 |    1274.9 |     500.1
     710    295.2 |    1276.0 |     500.5
     711    295.5 |    1277.9 |     500.7
     712    295.5 |    1287.7 |     501.8
     713    295.6 |    1287.9 |     502.4
     714    295.6 |    1289.3 |     502.6
     715    295.6 |    1291.0 |     505.3
     716    295.6 |    1359.0 |     505.5
     717    295.6 |    1362.5 |     505.9
     718    295.7 |    1390.9 |     507.0
     719    295.7 |    1393.0 |     507.2
     720    295.7 |    1394.7 |     507.9
     721    295.7 |    1395.0 |     508.6
     722    295.9 |    1395.2 |     509.4
     723    295.9 |    1396.0 |     511.4
     724    295.9 |    1396.1 |     511.7
     725    295.9 |    1396.4 |     511.8
     726    296.0 |    1396.4 |     512.0
     727    296.2 |    1396.6 |     513.2
     728    296.3 |    1396.6 |     513.4
     729    296.6 |    1396.7 |     513.5
     730    296.6 |    1396.8 |     514.7
     731    297.0 |    1396.9 |     515.0
     732    297.0 |    1397.4 |     515.5
     733    297.3 |    1397.9 |     517.3
     734    297.6 |    1398.6 |     517.3
     735    298.4 |    1398.6 |     517.5
     736    298.5 |    1398.8 |     518.7
     737    298.5 |    1399.0 |     518.9
     738    298.7 |    1399.4 |     519.4
     739    298.7 |    1399.6 |     519.8
     740    299.2 |    1399.8 |     520.2
     741    301.3 |    1408.2 |     523.9
     742    301.5 |    1411.1 |     525.4
     743    301.9 |    1412.3 |     527.5
     744    302.9 |    1412.5 |     528.3
     745    303.1 |    1413.0 |     528.8
     746    303.1 |    1413.2 |     529.5
     747    303.2 |    1413.3 |     530.4
     748    303.3 |    1413.6 |     534.0
     749    304.1 |    1413.6 |     536.7
     750    304.2 |    1414.4 |     537.5
     751    304.2 |    1414.7 |     538.1
     752    304.3 |    1414.8 |     539.4
     753    304.3 |    1415.3 |     541.5
     754    304.7 |    1415.8 |     543.7
     755    304.7 |    1416.2 |     544.9
     756    304.8 |    1416.2 |     545.4
     757    304.8 |    1416.7 |     545.7
     758    304.9 |    1417.0 |     545.8
     759    304.9 |    1417.2 |     546.0
     760    305.0 |    1417.4 |     546.0
     761    305.1 |    1417.8 |     546.0
     762    305.3 |    1434.1 |     546.2
     763    305.5 |    1434.2 |     546.5
     764    305.8 |    1434.7 |     546.6
     765    305.8 |    1435.9 |     546.6
     766    306.1 |    1436.1 |     546.7
     767    306.5 |    1436.3 |     546.7
     768    306.5 |    1436.9 |     547.1
     769    306.5 |    1436.9 |     547.2
     770    306.7 |    1437.0 |     547.4
     771    306.7 |    1437.1 |     547.4
     772    306.8 |    1437.3 |     547.9
     773    307.0 |    1437.4 |     548.4
     774    307.1 |    1437.4 |     549.1
     775    307.2 |    1437.5 |     549.2
     776    307.2 |    1437.6 |     549.5
     777    307.3 |    1437.8 |     549.9
     778    307.3 |    1437.9 |     550.6
     779    307.3 |    1438.5 |     551.2
     780    307.4 |    1438.6 |     552.2
     781    307.4 |    1439.1 |     555.3
     782    307.4 |    1439.8 |     563.9
     783    307.4 |    1440.8 |     563.9
     784    307.5 |    1441.3 |     564.8
     785    307.5 |    1442.9 |     568.4
     786    307.5 |    1443.2 |     568.6
     787    307.5 |    1443.7 |     569.5
     788    307.9 |    1443.8 |     569.5
     789    308.2 |    1443.9 |     569.5
     790    308.4 |    1444.0 |     569.6
     791    308.4 |    1444.0 |     569.7
     792    308.5 |    1444.2 |     569.7
     793    308.5 |    1444.4 |     569.8
     794    308.7 |    1444.5 |     569.9
     795    308.8 |    1444.5 |     570.0
     796    310.5 |    1444.7 |     570.0
     797    312.0 |    1444.8 |     570.0
     798    313.5 |    1444.8 |     570.0
     799    313.6 |    1444.9 |     570.0
     800    313.6 |    1445.1 |     570.0
     801    313.7 |    1445.2 |     570.0
     802    313.8 |    1445.6 |     570.0
     803    313.9 |    1445.7 |     570.1
     804    314.0 |    1445.7 |     570.1
     805    314.4 |    1445.7 |     570.1
     806    314.7 |    1445.8 |     570.2
     807    314.7 |    1446.4 |     570.3
     808    314.8 |    1511.3 |     570.8
     809    314.9 |    1516.1 |     572.2
     810    315.0 |    1594.4 |     574.2
     811    315.1 |    1595.8 |     574.3
     812    315.1 |    1602.6 |     574.4
     813    315.2 |    1605.3 |     574.6
     814    315.4 |    1605.5 |     574.6
     815    315.6 |    1607.3 |     575.2
     816    315.7 |    1607.7 |     576.1
     817    315.8 |    1608.7 |     576.3
     818    315.9 |    1612.9 |     576.3
     819    315.9 |    1621.8 |     576.4
     820    321.1 |    1645.4 |     576.6
     821    321.2 |    1651.1 |     577.0
     822    321.8 |    1656.0 |     577.2
     823    322.5 |    1658.0 |     577.3
     824    329.0 |    1682.4 |     577.7
     825    329.0 |    1683.1 |     577.8
     826    329.3 |    1685.5 |     578.0
     827    329.9 |    1686.4 |     578.5
     828    330.1 |    1687.3 |     578.5
     829    330.2 |    1688.3 |     578.6
     830    330.3 |    1689.0 |     578.8
     831    330.5 |    1689.1 |     579.1
     832    330.6 |    1689.2 |     579.2
     833    330.6 |    1689.6 |     579.4
     834    330.6 |    1690.2 |     579.9
     835    330.7 |    1692.1 |     580.1
     836    330.7 |    1692.3 |     580.2
     837    330.8 |    1693.3 |     580.3
     838    331.0 |    1694.2 |     580.5
     839    331.1 |    1694.7 |     580.5
     840    331.1 |    1694.9 |     580.9
     841    331.2 |    1695.5 |     581.0
     842    331.3 |    1696.7 |     581.1
     843    331.3 |    1697.3 |     581.4
     844    331.4 |    1697.6 |     581.4
     845    331.4 |    1697.9 |     581.5
     846    331.4 |    1698.2 |     581.6
     847    331.5 |    1698.3 |     581.6
     848    331.6 |    1698.7 |     581.9
     849    331.6 |    1698.8 |     581.9
     850    331.7 |    1698.8 |     582.0
     851    331.7 |    1700.1 |     582.0
     852    331.7 |    1705.5 |     582.2
     853    331.8 |    1711.1 |     582.3
     854    333.3 |    1713.0 |     582.6
     855    334.3 |    1723.5 |     582.9
     856    334.5 |    1855.7 |     582.9
     857    335.6 |    1860.3 |     583.0
     858    335.8 |    1860.3 |     583.3
     859    337.4 |    1861.5 |     583.7
     860    337.9 |    1861.6 |     584.3
     861    339.4 |    1864.1 |     584.9
     862    339.7 |    1864.1 |     585.0
     863    340.4 |    1864.4 |     586.7
     864    340.5 |    1864.9 |     587.2
     865    340.6 |    1865.1 |     587.4
     866    341.0 |    1865.4 |     589.5
     867    341.1 |    1865.8 |     589.8
     868    341.2 |    1865.9 |     590.3
     869    341.5 |    1865.9 |     591.9
     870    342.0 |    1865.9 |     592.0
     871    342.2 |    1866.3 |     592.7
     872    342.3 |    1866.6 |     593.8
     873    342.6 |    1867.0 |     594.0
     874    343.1 |    1867.3 |     598.7
     875    343.8 |    1867.5 |     599.2
     876    343.8 |    1867.6 |     600.9
     877    344.0 |    1867.7 |     601.8
     878    344.1 |    1867.7 |     602.3
     879    344.2 |    1867.7 |     602.4
     880    344.6 |    1867.9 |     602.7
     881    347.6 |    1868.4 |     603.0
     882    347.9 |    1869.2 |     603.0
     883    351.2 |    1869.2 |     603.3
     884    352.4 |    1869.7 |     603.4
     885    352.7 |    1870.6 |     603.7
     886    352.9 |    1870.9 |     604.1
     887    354.6 |    1871.0 |     604.2
     888    361.4 |    1872.3 |     604.6
     889    362.0 |    1873.1 |     604.8
     890    362.2 |    1873.6 |     605.2
     891    362.3 |    1874.3 |     605.9
     892    362.4 |    1874.3 |     606.3
     893    362.4 |    1874.3 |     607.3
     894    362.5 |    1874.4 |     607.6
     895    362.6 |    1874.4 |     607.7
     896    362.6 |    1874.5 |     607.8
     897    362.6 |    1874.5 |     608.4
     898    362.6 |    1874.7 |     609.4
     899    362.7 |    1874.8 |     610.8
     900    362.7 |    1876.8 |     618.2
     901    362.8 |    1877.3 |     623.1
     902    362.8 |    1877.4 |     623.9
     903    362.9 |    1877.5 |     624.4
     904    362.9 |    1877.6 |     627.0
     905    363.0 |    1877.6 |     628.8
     906    363.0 |    1877.9 |     629.3
     907    363.0 |    1878.3 |     629.6
     908    363.1 |    1878.5 |     630.6
     909    363.2 |    1878.7 |     631.8
     910    363.2 |    1879.0 |     632.3
     911    363.2 |    1879.2 |     634.5
     912    363.2 |    1879.2 |     636.3
     913    363.2 |    1879.6 |     636.4
     914    363.3 |    1879.7 |     637.1
     915    363.3 |    1880.4 |     637.8
     916    363.3 |    1880.9 |     638.6
     917    363.4 |    1881.1 |     642.1
     918    363.4 |    1881.1 |     642.4
     919    363.5 |    1881.2 |     642.4
     920    363.5 |    1881.5 |     642.4
     921    363.6 |    1882.5 |     642.5
     922    364.1 |    1882.8 |     642.7
     923    364.3 |    1883.1 |     643.0
     924    364.4 |    1890.6 |     643.3
     925    364.6 |    1925.9 |     643.3
     926    364.7 |    1927.2 |     643.5
     927    364.7 |    1927.5 |     643.7
     928    364.8 |    1927.7 |     643.7
     929    364.9 |    1927.9 |     644.1
     930    364.9 |    1928.0 |     645.1
     931    365.0 |    1928.1 |     645.2
     932    365.3 |    1928.2 |     645.3
     933    365.6 |    1928.3 |     645.3
     934    374.8 |    1928.4 |     645.5
     935    374.9 |    1928.4 |     645.6
     936    375.3 |    1928.6 |     645.8
     937    375.3 |    1928.8 |     646.2
     938    375.4 |    1928.8 |     646.2
     939    375.4 |    1929.4 |     646.2
     940    375.5 |    1929.7 |     646.3
     941    375.5 |    1929.8 |     646.5
     942    375.6 |    1929.9 |     646.6
     943    375.6 |    1930.1 |     646.6
     944    375.7 |    1930.5 |     646.6
     945    375.7 |    1930.7 |     646.7
     946    375.8 |    1941.9 |     646.8
     947    375.9 |    1943.1 |     646.8
     948    376.0 |    2076.5 |     646.8
     949    376.0 |    2077.3 |     647.7
     950    376.0 |    2077.9 |     647.7
     951    376.0 |    2078.1 |     647.9
     952    376.1 |    2079.2 |     648.4
     953    376.1 |    2079.6 |     648.4
     954    376.1 |    2079.8 |     648.6
     955    376.1 |    2080.1 |     649.3
     956    376.2 |    2080.2 |     649.4
     957    377.6 |    2080.2 |     649.8
     958    377.6 |    2080.3 |     651.1
     959    377.7 |    2080.3 |     653.8
     960    377.7 |    2080.4 |     653.9
     961    377.8 |    2081.1 |     654.2
     962    377.8 |    2081.5 |     654.2
     963    377.9 |    2081.6 |     655.8
     964    377.9 |    2083.0 |     656.1
     965    378.0 |    2083.2 |     657.2
     966    378.0 |    2083.3 |     657.4
     967    378.0 |    2083.3 |     657.8
     968    378.1 |    2083.3 |     657.9
     969    378.1 |    2083.8 |     658.0
     970    378.1 |    2084.0 |     659.6
     971    378.1 |    2099.6 |     659.9
     972    378.2 |    2099.6 |     660.0
     973    378.2 |    2099.7 |     660.1
     974    378.3 |    2099.8 |     660.1
     975    378.4 |    2099.9 |     660.1
     976    378.4 |    2100.0 |     660.2
     977    378.4 |    2100.1 |     660.4
     978    381.9 |    2100.2 |     660.4
     979    383.0 |    2100.5 |     660.5
     980    387.7 |    2100.6 |     660.6
     981    387.8 |    2100.7 |     660.7
     982    387.9 |    2100.8 |     660.7
     983    388.0 |    2101.1 |     660.7
     984    388.0 |    2101.1 |     660.8
     985    388.1 |    2101.4 |     660.9
     986    388.1 |    2102.1 |     660.9
     987    388.2 |    2102.1 |     660.9
     988    388.2 |    2102.3 |     661.0
     989    388.3 |    2102.4 |     661.0
     990    388.3 |    2102.6 |     661.1
     991    388.3 |    2103.0 |     661.2
     992    388.3 |    2104.9 |     661.2
     993    388.4 |    2105.1 |     661.4
     994    388.4 |    2105.8 |     661.7
     995    388.5 |    2106.0 |     661.7
     996    388.9 |    2107.8 |     661.8
     997    388.9 |    2109.4 |     661.8
     998    388.9 |    2109.7 |     662.1
     999    389.0 |    2109.9 |     662.1
    1000    389.0 |    2110.5 |     662.1
    1001    389.1 |    2111.7 |     662.1
    1002    389.2 |    2112.6 |     662.1
    1003    389.2 |    2112.6 |     662.2
    1004    389.3 |    2113.4 |     662.2
    1005    389.3 |    2114.2 |     662.5
    1006    389.4 |    2114.5 |     662.9
    1007    389.6 |    2115.0 |     663.2
    1008    390.0 |    2121.0 |     663.2
    1009    390.1 |    2121.1 |     663.6
    1010    390.2 |    2128.1 |     664.2
    1011    390.2 |    2129.0 |     664.6
    1012    390.2 |    2129.1 |     665.0
    1013    390.5 |    2129.3 |     665.8
    1014    390.5 |    2129.5 |     665.8
    1015    390.5 |    2131.2 |     665.9
    1016    390.5 |    2137.0 |     666.5
    1017    390.6 |    2962.3 |     667.6
    1018    390.6 |    2965.2 |     667.8
    1019    390.6 |    2966.8 |     668.6
    1020    390.6 |    2967.5 |     668.7
    1021    390.7 |    2970.8 |     669.0
    1022    390.7 |    2975.9 |     669.6
    1023    390.8 |    2976.8 |     669.9
    1024    390.8 |    2985.8 |     670.0
    1025    390.8 |    2987.5 |     670.1
    1026    390.9 |    2988.9 |     670.6
    1027    390.9 |    2989.3 |     670.6
    1028    391.0 |    2990.6 |     670.8
    1029    391.1 |    2990.8 |     671.0
    1030    391.1 |    2992.4 |     671.4
    1031    391.2 |    2992.4 |     671.9
    1032    391.4 |    2993.0 |     673.3
    1033    392.8 |    2994.5 |     673.5
    1034    393.1 |    2995.3 |     674.4
    1035    393.3 |    2995.5 |     675.0
    1036    398.8 |    2995.8 |     675.0
    1037    399.4 |    2996.1 |     675.5
    1038    399.4 |    2998.3 |     675.5
    1039    399.5 |    2999.8 |     677.7
    1040    399.6 |    2999.9 |     678.8
    1041    400.0 |    3000.2 |     680.1
    1042    400.3 |    3000.4 |     680.4
    1043    400.6 |    3000.6 |     681.9
    1044    402.5 |    3000.7 |     682.1
    1045    404.1 |    3001.2 |     682.6
    1046    404.2 |    3003.1 |     683.5
    1047    404.7 |    3003.9 |     684.6
    1048    404.8 |    3004.7 |     685.0
    1049    406.6 |    3004.7 |     686.5
    1050    407.4 |    3005.0 |     686.5
    1051    421.9 |    3005.7 |     686.5
    1052    422.1 |    3008.0 |     686.9
    1053    422.2 |    3008.4 |     687.1
    1054    422.4 |    3009.2 |     687.4
    1055    422.4 |    3010.2 |     687.5
    1056    422.6 |    3011.5 |     687.5
    1057    422.9 |    3012.2 |     688.2
    1058    423.0 |    3012.4 |     688.3
    1059    423.1 |    3012.4 |     688.3
    1060    423.1 |    3013.2 |     688.3
    1061    423.3 |    3013.2 |     688.4
    1062    423.3 |    3014.2 |     689.1
    1063    423.3 |    3014.5 |     689.3
    1064    423.5 |    3014.8 |     689.5
    1065    423.6 |    3016.0 |     690.8
    1066    423.7 |    3020.9 |     691.2
    1067    423.7 |    3021.8 |     691.5
    1068    423.8 |    3025.6 |     691.5
    1069    424.0 |    3026.4 |     691.7
    1070    424.2 |    3027.1 |     691.8
    1071    424.3 |    3027.7 |     691.9
    1072    427.4 |    3029.0 |     692.2
    1073    427.7 |    3031.8 |     692.3
    1074    452.7 |    3034.7 |     692.5
    1075    453.1 |    3034.8 |     692.5
    1076    453.4 |    3035.3 |     692.8
    1077    453.5 |    3042.1 |     692.9
    1078    453.5 |    3049.2 |     693.1
    1079    453.6 |    3050.2 |     693.2
    1080    453.6 |    3051.2 |     693.2
    1081    453.7 |    3052.3 |     693.3
    1082    453.7 |    3053.0 |     694.0
    1083    453.7 |    3053.1 |     694.2
    1084    453.7 |    3054.4 |     695.5
    1085    453.7 |    3054.9 |     698.1
    1086    453.7 |    3055.9 |     698.3
    1087    453.7 |    3056.1 |     698.4
    1088    453.8 |    3056.3 |     699.1
    1089    453.8 |    3056.7 |     699.4
    1090    453.9 |    3057.2 |     699.7
    1091    453.9 |    3057.3 |     699.9
    1092    453.9 |    3057.6 |     700.5
    1093    453.9 |    3057.7 |     700.7
    1094    453.9 |    3057.8 |     701.1
    1095    453.9 |    3058.1 |     701.3
    1096    454.0 |    3058.8 |     701.4
    1097    458.2 |    3059.0 |     701.8
    1098    458.7 |    3059.1 |     701.8
    1099    458.7 |    3059.1 |     702.0
    1100    458.8 |    3060.2 |     702.1
    1101    458.8 |    3064.5 |     702.1
    1102    458.8 |    3068.9 |     702.1
    1103    458.8 |    3072.3 |     702.2
    1104    458.8 |    3074.0 |     702.2
    1105    458.9 |    3077.3 |     702.3
    1106    458.9 |    3078.8 |     702.3
    1107    458.9 |    3079.5 |     702.4
    1108    458.9 |    3079.8 |     702.4
    1109    458.9 |    3079.9 |     702.4
    1110    459.0 |    3080.4 |     702.5
    1111    459.0 |    3080.5 |     702.6
    1112    459.0 |    3082.7 |     702.6
    1113    459.0 |    3083.2 |     702.7
    1114    459.0 |    3083.7 |     702.8
    1115    459.0 |    3083.8 |     702.9
    1116    459.1 |    3084.4 |     703.3
    1117    459.2 |    3084.8 |     703.3
    1118    459.3 |    3087.6 |     703.3
    1119    459.3 |    3088.6 |     703.7
    1120    459.5 |    3088.6 |     703.8
    1121    459.5 |    3089.3 |     704.3
    1122    459.6 |    3089.4 |     704.5
    1123    460.0 |    3091.3 |     704.8
    1124    460.2 |    3091.5 |     705.4
    1125    460.4 |    3092.1 |     706.6
    1126    460.5 |    3092.5 |     706.7
    1127    460.5 |    3092.6 |     707.6
    1128    460.5 |    3093.2 |     708.0
    1129    460.5 |    3093.9 |     708.3
    1130    460.6 |    3093.9 |     708.8
    1131    460.6 |    3094.0 |     709.0
    1132    460.6 |    3094.0 |     709.0
    1133    460.6 |    3094.2 |     709.4
    1134    460.8 |    3094.2 |     709.7
    1135    460.9 |    3094.3 |     710.6
    1136    461.0 |    3094.5 |     710.9
    1137    461.3 |    3094.8 |     711.3
    1138    461.4 |    3095.1 |     711.5
    1139    461.4 |    3095.3 |     712.5
    1140    461.7 |    3095.3 |     712.5
    1141    462.5 |    3096.0 |     712.6
    1142    462.5 |    3096.0 |     712.6
    1143    462.5 |    3096.0 |     712.6
    1144    462.8 |    3096.1 |     712.8
    1145    462.9 |    3096.2 |     713.0
    1146    463.0 |    3096.5 |     713.1
    1147    463.0 |    3096.6 |     713.3
    1148    463.0 |    3096.8 |     713.3
    1149    463.0 |    3096.8 |     713.4
    1150    463.1 |    3096.9 |     713.5
    1151    463.2 |    3097.0 |     713.6
    1152    463.2 |    3098.0 |     714.1
    1153    463.2 |    3098.1 |     714.2
    1154    463.7 |    3099.0 |     714.3
    1155    463.8 |    3100.0 |     714.4
    1156    463.9 |    3100.6 |     714.5
    1157    463.9 |    3100.7 |     714.5
    1158    464.0 |    3100.7 |     714.6
    1159    464.1 |    3101.1 |     714.9
    1160    464.1 |    3101.4 |     715.3
    1161    464.3 |    3101.7 |     715.4
    1162    465.4 |    3102.1 |     715.4
    1163    465.8 |    3102.2 |     715.5
    1164    468.4 |    3102.3 |     715.5
    1165    468.7 |    3105.3 |     715.5
    1166    479.4 |    3105.4 |     715.5
    1167    479.6 |    3105.7 |     715.6
    1168    479.7 |    3105.9 |     715.7
    1169    480.7 |    3105.9 |     715.9
    1170    480.8 |    3106.1 |     715.9
    1171    480.9 |    3106.5 |     715.9
    1172    481.0 |    3106.6 |     716.0
    1173    481.1 |    3106.6 |     716.3
    1174    481.2 |    3107.0 |     716.3
    1175    481.4 |    3107.1 |     716.4
    1176    481.5 |    3107.3 |     716.7
    1177    481.6 |    3107.4 |     717.9
    1178    481.7 |    3107.6 |     718.0
    1179    482.1 |    3107.6 |     718.0
    1180    483.0 |    3107.7 |     719.3
    1181    483.1 |    3107.9 |     719.3
    1182    484.1 |    3108.0 |     719.4
    1183    484.6 |    3108.7 |     719.7
    1184    484.6 |    3108.8 |     719.8
    1185    484.7 |    3108.8 |     719.8
    1186    484.8 |    3109.0 |     719.8
    1187    484.9 |    3109.0 |     719.8
    1188    486.4 |    3109.3 |     719.9
    1189    654.5 |    3109.4 |     719.9
    1190    656.6 |    3110.1 |     720.0
    1191    656.9 |    3110.5 |     720.1
    1192    657.3 |    3110.7 |     720.1
    1193    658.6 |    3110.7 |     720.1
    1194    659.2 |    3110.9 |     720.2
    1195    659.6 |    3110.9 |     720.3
    1196    659.6 |    3111.7 |     720.3
    1197    660.9 |    3111.8 |     720.4
    1198    662.8 |    3111.9 |     720.5
    1199    682.7 |    3113.0 |     720.5
    1200    684.3 |    3113.0 |     720.5
    1201    685.6 |    3113.7 |     720.6
    1202    687.0 |    3113.7 |     720.7
    1203    687.1 |    3114.2 |     721.0
    1204    687.3 |    3115.1 |     721.0
    1205    687.3 |    3116.4 |     721.1
    1206    687.3 |    3119.0 |     721.4
    1207    687.7 |    3119.2 |     721.4
    1208    687.7 |    3120.0 |     721.4
    1209    687.8 |    3122.2 |     721.4
    1210    687.9 |    3123.2 |     721.4
    1211    688.1 |    3123.6 |     721.4
    1212    688.3 |    3124.0 |     721.4
    1213    688.3 |    3124.9 |     721.5
    1214    688.5 |    3125.3 |     721.5
    1215    688.7 |    3125.5 |     721.5
    1216    688.8 |    3125.7 |     721.5
    1217    689.0 |    3125.8 |     721.5
    1218    689.2 |    3126.1 |     721.6
    1219    689.6 |    3126.7 |     721.6
    1220    690.9 |    3126.8 |     721.7
    1221    691.2 |    3127.5 |     721.7
    1222    712.5 |    3128.0 |     721.7
    1223    712.6 |    3128.1 |     721.8
    1224    712.9 |    3130.3 |     721.9
    1225    713.4 |    3132.8 |     722.0
    1226    713.5 |    3133.5 |     722.2
    1227    713.6 |    3134.0 |     722.3
    1228    714.0 |    3137.2 |     722.5
    1229    714.2 |    3137.7 |     722.6
    1230    714.2 |    3139.2 |     722.6
    1231    714.5 |    3142.8 |     722.7
    1232    714.8 |    3143.9 |     722.7
    1233    714.8 |    3145.8 |     722.8
    1234    714.8 |    3146.5 |     722.8
    1235    715.1 |    3146.6 |     722.9
    1236    715.2 |    3147.0 |     722.9
    1237    715.4 |    3147.0 |     722.9
    1238    715.5 |    3148.0 |     723.0
    1239    716.6 |    3148.8 |     723.0
    1240    716.9 |    3148.9 |     723.1
    1241    716.9 |    3149.3 |     723.1
    1242    717.3 |    3149.5 |     723.1
    1243    717.9 |    3149.6 |     723.2
    1244    718.0 |    3149.8 |     723.2
    1245    718.3 |    3150.4 |     723.2
    1246    718.3 |    3151.5 |     723.2
    1247    718.7 |    3151.5 |     723.3
    1248    718.7 |    3152.1 |     723.5
    1249    718.8 |    3156.2 |     723.5
    1250    722.9 |    3156.7 |     723.5
    1251    723.5 |    3157.2 |     724.2
    1252    745.3 |    3158.1 |     725.4
    1253    745.5 |    3158.6 |     725.9
    1254    746.5 |    3158.7 |     725.9
    1255    746.7 |    3159.3 |     725.9
    1256    747.6 |    3159.5 |     725.9
    1257    748.9 |    3160.1 |     725.9
    1258    749.4 |    3160.2 |     725.9
    1259    749.5 |    3160.4 |     725.9
    1260    750.9 |    3160.7 |     725.9
    1261    751.2 |    3160.9 |     725.9
    1262    751.7 |    3161.2 |     725.9
    1263    751.8 |    3161.3 |     726.0
    1264    751.9 |    3161.4 |     726.0
    1265    752.5 |    3161.8 |     726.0
    1266    754.4 |    3162.2 |     726.0
    1267    754.9 |    3162.8 |     726.0
    1268    755.2 |    3163.0 |     726.0
    1269    755.2 |    3163.0 |     726.0
    1270    755.6 |    3164.3 |     726.0
    1271    755.7 |    3164.5 |     726.0
    1272    755.8 |    3164.6 |     726.1
    1273    756.2 |    3164.7 |     726.1
    1274    756.2 |    3164.8 |     726.1
    1275    756.4 |    3165.0 |     726.4
    1276    757.3 |    3165.0 |     726.7
    1277    757.7 |    3165.5 |     726.7
    1278    758.3 |    3165.6 |     726.7
    1279    758.5 |    3166.1 |     726.7
    1280    758.7 |    3166.4 |     726.8
    1281    759.2 |    3166.5 |     726.8
    1282    760.0 |    3166.5 |     726.8
    1283    760.1 |    3166.7 |     726.9
    1284    760.3 |    3166.7 |     726.9
    1285    761.3 |    3166.8 |     727.0
    1286    762.0 |    3167.3 |     727.0
    1287    762.2 |    3167.3 |     727.0
    1288    762.7 |    3167.7 |     727.0
    1289    778.1 |    3167.7 |     727.1
    1290    785.4 |    3167.7 |     727.1
    1291    786.8 |    3168.3 |     727.1
    1292    787.7 |    3168.6 |     727.2
    1293    787.7 |    3168.9 |     727.2
    1294    789.9 |    3168.9 |     727.2
    1295    790.1 |    3169.0 |     727.3
    1296    793.6 |    3169.0 |     727.3
    1297    796.1 |    3169.1 |     727.4
    1298    798.5 |    3169.1 |     727.5
    1299    799.5 |    3169.2 |     727.5
    1300    800.2 |    3169.4 |     727.5
    1301    807.4 |    3170.1 |     727.6
    1302    808.0 |    3170.2 |     727.6
    1303    808.2 |    3170.2 |     727.6
    1304    808.6 |    3170.5 |     727.6
    1305    808.8 |    3170.6 |     727.6
    1306    808.9 |    3170.7 |     727.6
    1307    811.5 |    3170.7 |     727.7
    1308    812.3 |    3170.7 |     727.7
    1309    813.9 |    3170.7 |     727.7
    1310    814.0 |    3170.8 |     727.8
    1311    814.0 |    3170.8 |     727.8
    1312    814.8 |    3171.0 |     727.8
    1313    815.2 |    3171.1 |     727.8
    1314    815.3 |    3171.5 |     727.8
    1315    815.3 |    3171.5 |     727.8
    1316    815.5 |    3171.5 |     727.9
    1317    816.0 |    3171.7 |     727.9
    1318    816.1 |    3171.9 |     728.0
    1319    816.2 |    3172.0 |     728.0
    1320    816.4 |    3172.0 |     728.1
    1321    816.5 |    3172.2 |     728.3
    1322    816.7 |    3172.3 |     728.3
    1323    816.7 |    3172.9 |     728.5
    1324    816.8 |    3173.0 |     728.8
    1325    817.1 |    3173.2 |     728.8
    1326    817.2 |    3173.7 |     728.9
    1327    817.6 |    3173.7 |     729.0
    1328    817.9 |    3174.2 |     729.2
    1329    818.2 |    3174.6 |     729.3
    1330    818.5 |    3175.6 |     729.4
    1331    818.6 |    3179.1 |     729.6
    1332    819.5 |    3179.4 |     730.1
    1333    820.1 |    3182.0 |     730.3
    1334    820.2 |    3182.2 |     730.3
    1335    820.2 |    3184.3 |     731.1
    1336    820.2 |    3184.7 |     731.6
    1337    820.4 |    3186.7 |     732.2
    1338    820.6 |    3187.1 |     732.3
    1339    820.6 |    3187.7 |     732.5
    1340    821.0 |    3187.8 |     732.8
    1341    821.0 |    3188.1 |     732.8
    1342    821.2 |    3188.1 |     733.2
    1343    821.3 |    3188.3 |     733.6
    1344    821.4 |    3188.4 |     733.9
    1345    821.4 |    3188.6 |     733.9
    1346    821.6 |    3188.6 |     733.9
    1347    821.7 |    3188.7 |     734.0
    1348    821.9 |    3188.8 |     734.1
    1349    822.1 |    3188.9 |     734.1
    1350    822.1 |    3189.0 |     734.1
    1351    822.2 |    3189.1 |     734.4
    1352    822.2 |    3189.2 |     734.5
    1353    822.5 |    3189.3 |     734.6
    1354    823.0 |    3189.4 |     736.8
    1355    823.2 |    3189.6 |     736.8
    1356    823.2 |    3189.6 |     737.1
    1357    823.3 |    3189.7 |     737.4
    1358    823.4 |    3189.7 |     738.1
    1359    823.5 |    3189.7 |     738.3
    1360    823.6 |    3189.8 |     738.4
    1361    823.6 |    3189.8 |     738.5
    1362    823.7 |    3190.1 |     738.8
    1363    823.9 |    3190.1 |     740.0
    1364    823.9 |    3190.2 |     740.2
    1365    824.1 |    3190.4 |     740.4
    1366    824.3 |    3190.4 |     740.8
    1367    826.3 |    3190.9 |     740.9
    1368    838.2 |    3191.1 |     741.1
    1369    845.5 |    3191.2 |     741.4
    1370    845.7 |    3191.3 |     741.9
    1371    846.8 |    3192.1 |     742.0
    1372    847.1 |    3192.4 |     742.0
    1373    847.5 |    3193.6 |     742.0
    1374    848.7 |    3194.0 |     742.1
    1375    849.0 |    3194.0 |     742.2
    1376    849.6 |    3194.3 |     742.2
    1377    849.9 |    3194.4 |     742.2
    1378    850.3 |    3194.9 |     742.9
    1379    852.0 |    3195.0 |     742.9
    1380    852.4 |    3195.2 |     743.0
    1381    852.7 |    3195.8 |     743.0
    1382    852.8 |    3196.3 |     743.0
    1383    853.1 |    3196.4 |     743.1
    1384    853.2 |    3196.5 |     743.1
    1385    853.3 |    3196.6 |     743.1
    1386    853.3 |    3196.6 |     743.1
    1387    853.4 |    3196.6 |     743.1
    1388    853.8 |    3196.6 |     743.1
    1389    853.8 |    3196.8 |     743.2
    1390    854.0 |    3196.8 |     743.2
    1391    854.0 |    3196.8 |     743.3
    1392    854.1 |    3196.9 |     743.4
    1393    854.2 |    3197.2 |     743.4
    1394    854.2 |    3197.2 |     743.5
    1395    854.5 |    3197.3 |     743.6
    1396    854.5 |    3197.5 |     743.7
    1397    854.6 |    3197.5 |     743.8
    1398    854.7 |    3197.7 |     743.8
    1399    855.0 |    3197.7 |     743.9
    1400    855.0 |    3197.8 |     743.9
    1401    855.1 |    3197.8 |     743.9
    1402    855.6 |    3198.1 |     743.9
    1403    855.9 |    3198.1 |     744.0
    1404    856.2 |    3198.2 |     744.0
    1405    856.3 |    3198.2 |     744.1
    1406    856.4 |    3198.3 |     744.1
    1407    856.8 |    3198.4 |     744.2
    1408    857.1 |    3198.4 |     744.2
    1409    857.4 |    3198.5 |     744.2
    1410    858.7 |    3199.6 |     744.2
    1411    858.8 |    3200.0 |     744.3
    1412    859.4 |    3200.8 |     744.4
    1413    859.4 |    3200.9 |     744.4
    1414    859.5 |    3201.0 |     744.5
    1415    860.1 |    3201.1 |     744.5
    1416    860.2 |    3201.3 |     744.5
    1417    861.5 |    3201.3 |     744.6
    1418    861.6 |    3201.5 |     744.6
    1419    861.9 |    3201.5 |     744.7
    1420    862.1 |    3201.6 |     744.7
    1421    863.5 |    3201.7 |     744.8
    1422    863.5 |    3201.8 |     744.9
    1423    863.7 |    3201.8 |     744.9
    1424    864.2 |    3201.8 |     744.9
    1425    864.5 |    3201.9 |     745.0
    1426    864.7 |    3202.0 |     745.0
    1427    866.2 |    3202.4 |     745.1
    1428    866.5 |    3202.5 |     745.1
    1429    866.7 |    3202.6 |     745.1
    1430    867.8 |    3202.8 |     745.2
    1431    867.9 |    3203.0 |     745.2
    1432    869.1 |    3203.2 |     745.2
    1433    869.8 |    3203.4 |     745.2
    1434    870.1 |    3203.7 |     745.2
    1435    870.7 |    3204.9 |     745.2
    1436    870.9 |    3208.4 |     745.3
    1437    871.4 |    3208.7 |     745.3
    1438    871.4 |    3208.9 |     745.4
    1439    871.5 |    3208.9 |     745.5
    1440    872.1 |    3209.1 |     745.6
    1441    872.7 |    3209.1 |     745.6
    1442    872.9 |    3209.2 |     745.7
    1443    873.0 |    3209.4 |     745.7
    1444    873.5 |    3209.5 |     745.7
    1445    874.0 |    3209.6 |     745.8
    1446    874.6 |    3209.9 |     745.8
    1447    875.7 |    3210.0 |     745.8
    1448    876.0 |    3210.2 |     745.8
    1449    876.8 |    3210.4 |     745.9
    1450    876.9 |    3210.4 |     746.0
    1451    879.7 |    3210.5 |     746.1
    1452    880.2 |    3210.5 |     746.2
    1453    881.2 |    3210.5 |     746.3
    1454    882.7 |    3210.6 |     746.5
    1455    882.9 |    3210.6 |     746.7
    1456    883.1 |    3210.6 |     746.8
    1457    884.2 |    3210.7 |     746.8
    1458    885.1 |    3210.7 |     746.8
    1459    888.1 |    3212.1 |     746.9
    1460    889.7 |    3212.9 |     747.0
    1461    889.8 |    3213.9 |     747.6
    1462    890.5 |    3215.7 |     747.9
    1463    891.3 |    3215.8 |     748.3
    1464    891.5 |    3215.9 |     748.6
    1465    891.7 |    3215.9 |     749.6
    1466    893.3 |    3216.0 |     749.7
    1467    893.7 |    3216.0 |     749.9
    1468    895.5 |    3216.1 |     750.2
    1469    897.9 |    3216.2 |     750.4
    1470    898.4 |    3216.3 |     750.4
    1471    898.9 |    3216.3 |     750.8
    1472    899.0 |    3216.4 |     751.2
    1473    899.5 |    3216.4 |     751.2
    1474    899.6 |    3216.5 |     751.3
    1475    899.7 |    3216.5 |     751.4
    1476    899.9 |    3216.6 |     751.6
    1477    900.2 |    3216.7 |     751.6
    1478    900.7 |    3216.9 |     751.7
    1479    900.7 |    3216.9 |     752.3
    1480    901.9 |    3217.0 |     752.6
    1481    902.6 |    3217.9 |     752.6
    1482    903.6 |    3218.8 |     752.7
    1483    904.5 |    3219.9 |     752.8
    1484    908.8 |    3221.6 |     752.8
    1485    909.2 |    3224.7 |     753.2
    1486    909.6 |    3224.7 |     753.4
    1487    910.6 |    3224.9 |     753.5
    1488    911.3 |    3225.0 |     753.6
    1489    911.7 |    3225.1 |     753.6
    1490    913.5 |    3225.1 |     753.7
    1491    914.8 |    3225.2 |     753.7
    1492    915.9 |    3225.2 |     753.7
    1493    918.8 |    3225.2 |     753.8
    1494    919.3 |    3225.4 |     753.9
    1495    920.4 |    3225.5 |     754.0
    1496    920.7 |    3225.5 |     754.0
    1497    920.8 |    3225.5 |     754.0
    1498    920.9 |    3225.6 |     754.0
    1499    920.9 |    3225.7 |     754.2
    1500    921.1 |    3225.9 |     754.5
    1501    921.3 |    3225.9 |     755.0
    1502    921.5 |    3226.0 |     755.1
    1503    921.6 |    3226.0 |     755.3
    1504    921.7 |    3226.3 |     755.7
    1505    922.2 |    3228.5 |     755.9
    1506    922.5 |    3229.6 |     756.1
    1507    922.8 |    3231.0 |     756.4
    1508    923.3 |    3233.9 |     756.4
    1509    923.3 |    3235.8 |     756.6
    1510    923.4 |    3244.6 |     756.7
    1511    924.3 |    3245.1 |     756.7
    1512    925.7 |    3245.7 |     756.8
    1513    926.1 |    3246.1 |     756.8
    1514    926.1 |    3246.3 |     757.2
    1515    926.7 |    3247.3 |     757.3
    1516    926.8 |    3247.9 |     758.8
    1517    927.3 |    3249.8 |     758.8
    1518    927.5 |    3251.5 |     758.9
    1519    928.0 |    3252.5 |     758.9
    1520    928.7 |    3651.2 |     758.9
    1521    941.0 |    3651.7 |     759.3
    1522    944.8 |    3665.7 |     759.4
    1523    949.2 |    3666.0 |     759.7
    1524   1035.3 |    3666.2 |     759.8
    1525   1042.7 |    3666.3 |     759.8
    1526   1061.5 |    3666.6 |     760.0
    1527   1061.8 |    3666.9 |     760.0
  -----------------------------------------------------------
    RMSD          |    1592.4 |     162.5
     MAE          |    1262.3 |     125.2
=============================================================



==============================================
  TIMING [JAX (gpu) + MM3 + Optax Adam+cosine]
==============================================
  Optimization S              1054.18 s
  Function Evaluations             2001
  Per Evaluation S             526.8 ms
==============================================


