
============================================================================================================
  SUMMARY [JAX (gpu) + MM3 + JaxOpt L-BFGS]
============================================================================================================
  RMSD (cm⁻¹):       1592.4 → 1592.4
  Score:             3879.418905 → 3879.418905  (+0.0%)
  Function evals:    37
  Wall time:         1170.0s
  Scipy converged:   False
  Scipy message:     Reverted to initial params — final score (1090.3085) was worse than initial (3879.4189)
============================================================================================================



=========================================================
  FREQUENCY PROGRESSION [JAX (gpu) + MM3 + JaxOpt L-BFGS]
=========================================================
    Mode   QM ref |   QFUERZA | Optimized
  -------------------------------------------------------
       1     50.4 |      51.1 |      51.1
       2     50.5 |      52.2 |      52.2
       3     51.1 |      53.0 |      53.0
       4     55.7 |      53.6 |      53.6
       5     56.1 |      54.2 |      54.2
       6     56.9 |      55.0 |      55.0
       7     57.1 |      55.7 |      55.7
       8     57.2 |      55.7 |      55.7
       9     57.2 |      56.2 |      56.2
      10     59.1 |      57.6 |      57.6
      11     59.1 |      58.2 |      58.2
      12     59.6 |      58.5 |      58.5
      13     59.7 |      58.9 |      58.9
      14     59.9 |      59.6 |      59.6
      15     60.0 |      60.5 |      60.5
      16     60.5 |      60.9 |      60.9
      17     60.9 |      61.3 |      61.3
      18     61.0 |      61.8 |      61.8
      19     61.4 |      62.2 |      62.2
      20     61.4 |      62.6 |      62.6
      21     61.5 |      63.3 |      63.3
      22     62.0 |      63.4 |      63.4
      23     62.0 |      63.5 |      63.5
      24     62.4 |      66.4 |      66.4
      25     63.6 |      68.0 |      68.0
      26     63.6 |      68.4 |      68.4
      27     63.6 |      68.7 |      68.7
      28     63.8 |      69.0 |      69.0
      29     63.8 |      69.7 |      69.7
      30     63.9 |      69.9 |      69.9
      31     64.0 |      70.1 |      70.1
      32     64.1 |      70.4 |      70.4
      33     64.2 |      73.2 |      73.2
      34     64.2 |      73.7 |      73.7
      35     64.2 |      73.8 |      73.8
      36     64.4 |      74.6 |      74.6
      37     64.6 |      74.6 |      74.6
      38     64.7 |      74.8 |      74.8
      39     64.8 |      75.4 |      75.4
      40     64.8 |      75.6 |      75.6
      41     65.2 |      76.3 |      76.3
      42     65.2 |      77.9 |      77.9
      43     65.2 |      78.5 |      78.5
      44     65.6 |      79.4 |      79.4
      45     65.6 |      79.7 |      79.7
      46     65.7 |      79.8 |      79.8
      47     65.7 |      79.8 |      79.8
      48     65.8 |      79.9 |      79.9
      49     65.9 |      82.3 |      82.3
      50     66.0 |      83.1 |      83.1
      51     66.1 |      83.5 |      83.5
      52     66.2 |      83.9 |      83.9
      53     66.2 |      83.9 |      83.9
      54     66.3 |      87.4 |      87.4
      55     66.4 |      88.3 |      88.3
      56     66.4 |      89.3 |      89.3
      57     66.6 |      92.0 |      92.0
      58     66.9 |      92.3 |      92.3
      59     66.9 |      92.4 |      92.4
      60     67.0 |      92.4 |      92.4
      61     67.1 |      93.4 |      93.4
      62     67.1 |      93.5 |      93.5
      63     67.1 |      95.8 |      95.8
      64     67.3 |      96.1 |      96.1
      65     67.3 |      98.8 |      98.8
      66     67.4 |     100.7 |     100.7
      67     67.4 |     101.6 |     101.6
      68     67.4 |     101.9 |     101.9
      69     67.9 |     102.1 |     102.1
      70     67.9 |     102.4 |     102.4
      71     67.9 |     103.0 |     103.0
      72     68.0 |     105.5 |     105.5
      73     68.0 |     106.6 |     106.6
      74     68.2 |     107.4 |     107.4
      75     68.2 |     107.7 |     107.7
      76     68.7 |     108.8 |     108.8
      77     69.1 |     109.8 |     109.8
      78     69.1 |     111.7 |     111.7
      79     69.2 |     111.8 |     111.8
      80     69.4 |     111.9 |     111.9
      81     70.4 |     113.5 |     113.5
      82     70.5 |     114.0 |     114.0
      83     70.6 |     115.5 |     115.5
      84     70.8 |     115.8 |     115.8
      85     70.9 |     117.5 |     117.5
      86     71.0 |     117.5 |     117.5
      87     71.1 |     117.8 |     117.8
      88     71.2 |     118.1 |     118.1
      89     71.5 |     118.2 |     118.2
      90     71.6 |     118.4 |     118.4
      91     71.6 |     118.7 |     118.7
      92     71.8 |     119.5 |     119.5
      93     71.9 |     119.8 |     119.8
      94     72.5 |     119.9 |     119.9
      95     73.0 |     120.1 |     120.1
      96     73.2 |     120.8 |     120.8
      97     73.3 |     120.9 |     120.9
      98     73.7 |     121.0 |     121.0
      99     73.7 |     121.5 |     121.5
     100     73.7 |     121.8 |     121.8
     101     73.9 |     121.8 |     121.8
     102     74.0 |     121.9 |     121.9
     103     74.3 |     122.9 |     122.9
     104     74.4 |     123.3 |     123.3
     105     74.8 |     123.3 |     123.3
     106     75.1 |     123.5 |     123.5
     107     79.3 |     124.2 |     124.2
     108     79.3 |     124.2 |     124.2
     109     79.4 |     126.1 |     126.1
     110     79.5 |     126.2 |     126.2
     111     79.6 |     126.4 |     126.4
     112     79.6 |     127.6 |     127.6
     113     79.8 |     129.2 |     129.2
     114     80.0 |     129.3 |     129.3
     115     80.3 |     129.6 |     129.6
     116     80.4 |     129.8 |     129.8
     117     85.4 |     129.9 |     129.9
     118     86.0 |     130.3 |     130.3
     119     86.3 |     131.0 |     131.0
     120     87.3 |     131.5 |     131.5
     121     87.4 |     132.5 |     132.5
     122     87.6 |     133.1 |     133.1
     123     87.8 |     135.2 |     135.2
     124     88.1 |     136.4 |     136.4
     125     88.2 |     136.9 |     136.9
     126     88.2 |     138.2 |     138.2
     127     88.3 |     138.2 |     138.2
     128     89.0 |     138.8 |     138.8
     129     89.0 |     139.5 |     139.5
     130     89.1 |     140.2 |     140.2
     131     89.6 |     141.4 |     141.4
     132     90.0 |     141.6 |     141.6
     133     90.6 |     142.2 |     142.2
     134     91.9 |     142.3 |     142.3
     135     91.9 |     142.4 |     142.4
     136     92.5 |     142.9 |     142.9
     137     93.0 |     143.0 |     143.0
     138     93.2 |     143.2 |     143.2
     139     93.3 |     143.8 |     143.8
     140     93.5 |     144.8 |     144.8
     141     93.8 |     144.9 |     144.9
     142     93.8 |     145.3 |     145.3
     143     94.1 |     147.0 |     147.0
     144     95.5 |     147.2 |     147.2
     145     96.2 |     147.3 |     147.3
     146     98.0 |     147.6 |     147.6
     147     98.1 |     148.2 |     148.2
     148     98.3 |     148.8 |     148.8
     149     98.3 |     148.8 |     148.8
     150     98.5 |     150.0 |     150.0
     151     98.8 |     150.1 |     150.1
     152     99.8 |     151.7 |     151.7
     153     99.9 |     151.7 |     151.7
     154     99.9 |     151.9 |     151.9
     155    100.0 |     152.3 |     152.3
     156    100.4 |     152.4 |     152.4
     157    100.5 |     153.0 |     153.0
     158    100.5 |     153.1 |     153.1
     159    101.9 |     153.4 |     153.4
     160    102.6 |     154.3 |     154.3
     161    102.8 |     154.7 |     154.7
     162    102.8 |     156.8 |     156.8
     163    103.1 |     157.1 |     157.1
     164    103.2 |     158.1 |     158.1
     165    106.1 |     158.4 |     158.4
     166    106.2 |     159.4 |     159.4
     167    107.5 |     159.5 |     159.5
     168    107.7 |     159.8 |     159.8
     169    107.8 |     160.0 |     160.0
     170    108.2 |     161.1 |     161.1
     171    108.4 |     162.1 |     162.1
     172    108.9 |     163.3 |     163.3
     173    108.9 |     163.7 |     163.7
     174    109.0 |     164.1 |     164.1
     175    109.0 |     164.2 |     164.2
     176    109.1 |     164.6 |     164.6
     177    109.3 |     165.6 |     165.6
     178    109.4 |     165.8 |     165.8
     179    109.4 |     166.1 |     166.1
     180    109.6 |     166.7 |     166.7
     181    109.9 |     166.9 |     166.9
     182    110.1 |     167.7 |     167.7
     183    111.1 |     168.1 |     168.1
     184    112.0 |     169.7 |     169.7
     185    112.5 |     170.0 |     170.0
     186    117.4 |     170.4 |     170.4
     187    117.6 |     171.1 |     171.1
     188    117.8 |     171.3 |     171.3
     189    117.9 |     171.7 |     171.7
     190    117.9 |     171.7 |     171.7
     191    118.0 |     172.1 |     172.1
     192    118.2 |     172.9 |     172.9
     193    118.3 |     173.5 |     173.5
     194    118.4 |     175.0 |     175.0
     195    118.7 |     175.1 |     175.1
     196    122.0 |     175.8 |     175.8
     197    122.5 |     176.8 |     176.8
     198    122.8 |     177.3 |     177.3
     199    122.8 |     177.8 |     177.8
     200    124.4 |     178.4 |     178.4
     201    124.9 |     178.8 |     178.8
     202    125.3 |     178.9 |     178.9
     203    125.4 |     179.6 |     179.6
     204    125.5 |     180.0 |     180.0
     205    126.3 |     180.7 |     180.7
     206    126.4 |     181.8 |     181.8
     207    126.5 |     182.1 |     182.1
     208    126.6 |     182.5 |     182.5
     209    126.7 |     182.8 |     182.8
     210    126.8 |     182.9 |     182.9
     211    127.0 |     183.1 |     183.1
     212    127.2 |     183.7 |     183.7
     213    127.2 |     183.7 |     183.7
     214    127.5 |     183.7 |     183.7
     215    129.3 |     184.4 |     184.4
     216    129.9 |     185.0 |     185.0
     217    130.0 |     185.9 |     185.9
     218    130.5 |     187.0 |     187.0
     219    131.1 |     187.5 |     187.5
     220    131.3 |     187.5 |     187.5
     221    131.3 |     187.8 |     187.8
     222    131.3 |     188.0 |     188.0
     223    131.3 |     188.6 |     188.6
     224    131.5 |     190.6 |     190.6
     225    131.5 |     193.1 |     193.1
     226    131.5 |     193.6 |     193.6
     227    131.6 |     193.9 |     193.9
     228    131.7 |     194.3 |     194.3
     229    131.7 |     195.6 |     195.6
     230    131.7 |     197.3 |     197.3
     231    131.8 |     197.6 |     197.6
     232    131.8 |     198.2 |     198.2
     233    131.8 |     199.6 |     199.6
     234    131.9 |     202.3 |     202.3
     235    132.0 |     202.4 |     202.4
     236    132.1 |     203.0 |     203.0
     237    132.1 |     207.2 |     207.2
     238    132.2 |     209.0 |     209.0
     239    132.3 |     209.3 |     209.3
     240    132.4 |     209.6 |     209.6
     241    132.8 |     209.6 |     209.6
     242    132.9 |     211.2 |     211.2
     243    133.2 |     212.0 |     212.0
     244    133.3 |     218.2 |     218.2
     245    133.6 |     221.0 |     221.0
     246    133.6 |     222.4 |     222.4
     247    133.7 |     222.6 |     222.6
     248    133.8 |     223.8 |     223.8
     249    133.8 |     224.8 |     224.8
     250    133.8 |     225.6 |     225.6
     251    133.9 |     226.3 |     226.3
     252    133.9 |     230.9 |     230.9
     253    134.0 |     233.1 |     233.1
     254    134.0 |     234.1 |     234.1
     255    134.1 |     236.1 |     236.1
     256    134.3 |     236.3 |     236.3
     257    134.4 |     236.5 |     236.5
     258    134.4 |     241.1 |     241.1
     259    134.5 |     241.5 |     241.5
     260    134.5 |     243.0 |     243.0
     261    134.5 |     243.8 |     243.8
     262    134.5 |     244.2 |     244.2
     263    134.7 |     245.3 |     245.3
     264    134.7 |     247.0 |     247.0
     265    134.7 |     248.5 |     248.5
     266    134.8 |     248.8 |     248.8
     267    134.9 |     249.2 |     249.2
     268    134.9 |     250.3 |     250.3
     269    135.0 |     250.4 |     250.4
     270    135.0 |     254.1 |     254.1
     271    135.2 |     260.6 |     260.6
     272    135.4 |     261.4 |     261.4
     273    135.5 |     262.4 |     262.4
     274    135.5 |     262.5 |     262.5
     275    135.6 |     263.8 |     263.8
     276    135.7 |     265.6 |     265.6
     277    135.7 |     265.7 |     265.7
     278    135.7 |     266.3 |     266.3
     279    135.7 |     266.3 |     266.3
     280    135.8 |     266.7 |     266.7
     281    135.9 |     268.0 |     268.0
     282    135.9 |     268.0 |     268.0
     283    136.0 |     269.3 |     269.3
     284    136.3 |     271.3 |     271.3
     285    136.3 |     273.5 |     273.5
     286    136.4 |     273.9 |     273.9
     287    136.4 |     277.3 |     277.3
     288    136.4 |     277.8 |     277.8
     289    136.6 |     277.8 |     277.8
     290    136.7 |     279.0 |     279.0
     291    137.3 |     279.4 |     279.4
     292    137.3 |     280.6 |     280.6
     293    137.4 |     281.1 |     281.1
     294    137.5 |     281.5 |     281.5
     295    137.6 |     282.1 |     282.1
     296    137.8 |     282.1 |     282.1
     297    138.0 |     286.3 |     286.3
     298    138.4 |     286.5 |     286.5
     299    138.7 |     286.7 |     286.7
     300    139.1 |     290.3 |     290.3
     301    139.4 |     290.3 |     290.3
     302    139.6 |     291.7 |     291.7
     303    142.1 |     292.8 |     292.8
     304    142.2 |     293.3 |     293.3
     305    142.5 |     294.3 |     294.3
     306    142.5 |     296.1 |     296.1
     307    142.7 |     296.5 |     296.5
     308    142.8 |     296.8 |     296.8
     309    142.9 |     297.7 |     297.7
     310    143.0 |     298.3 |     298.3
     311    143.1 |     300.4 |     300.4
     312    143.2 |     300.9 |     300.9
     313    143.5 |     301.9 |     301.9
     314    143.6 |     302.0 |     302.0
     315    145.5 |     303.2 |     303.2
     316    145.9 |     303.6 |     303.6
     317    146.1 |     308.6 |     308.6
     318    146.9 |     309.6 |     309.6
     319    146.9 |     310.2 |     310.2
     320    147.0 |     310.3 |     310.3
     321    147.0 |     311.2 |     311.2
     322    147.0 |     312.5 |     312.5
     323    147.1 |     313.0 |     313.0
     324    147.2 |     313.2 |     313.2
     325    147.3 |     313.7 |     313.7
     326    147.3 |     314.3 |     314.3
     327    147.3 |     314.5 |     314.5
     328    147.5 |     314.7 |     314.7
     329    147.5 |     314.8 |     314.8
     330    147.7 |     315.7 |     315.7
     331    147.7 |     317.6 |     317.6
     332    148.3 |     318.4 |     318.4
     333    148.7 |     318.5 |     318.5
     334    149.3 |     319.0 |     319.0
     335    151.0 |     319.3 |     319.3
     336    151.7 |     320.2 |     320.2
     337    152.1 |     320.3 |     320.3
     338    152.4 |     321.1 |     321.1
     339    153.9 |     323.3 |     323.3
     340    154.0 |     323.4 |     323.4
     341    154.4 |     324.0 |     324.0
     342    154.6 |     325.6 |     325.6
     343    154.8 |     326.4 |     326.4
     344    154.8 |     328.2 |     328.2
     345    154.9 |     329.4 |     329.4
     346    155.1 |     330.4 |     330.4
     347    155.2 |     330.8 |     330.8
     348    155.6 |     331.3 |     331.3
     349    156.0 |     332.7 |     332.7
     350    156.0 |     334.2 |     334.2
     351    156.4 |     335.7 |     335.7
     352    156.7 |     337.1 |     337.1
     353    156.9 |     338.0 |     338.0
     354    156.9 |     338.2 |     338.2
     355    157.6 |     340.5 |     340.5
     356    158.6 |     342.5 |     342.5
     357    158.6 |     342.7 |     342.7
     358    158.6 |     343.6 |     343.6
     359    159.4 |     345.7 |     345.7
     360    159.7 |     346.1 |     346.1
     361    159.8 |     346.9 |     346.9
     362    159.9 |     348.5 |     348.5
     363    160.5 |     349.5 |     349.5
     364    160.7 |     350.4 |     350.4
     365    162.2 |     351.0 |     351.0
     366    162.8 |     351.3 |     351.3
     367    162.8 |     352.5 |     352.5
     368    163.7 |     352.6 |     352.6
     369    163.9 |     353.6 |     353.6
     370    164.2 |     354.2 |     354.2
     371    164.3 |     357.3 |     357.3
     372    164.3 |     357.3 |     357.3
     373    165.4 |     361.4 |     361.4
     374    166.9 |     363.9 |     363.9
     375    171.8 |     366.2 |     366.2
     376    172.3 |     366.3 |     366.3
     377    174.6 |     366.6 |     366.6
     378    175.0 |     368.3 |     368.3
     379    176.7 |     368.4 |     368.4
     380    176.8 |     368.6 |     368.6
     381    177.0 |     368.8 |     368.8
     382    177.1 |     369.4 |     369.4
     383    177.2 |     369.4 |     369.4
     384    178.3 |     369.9 |     369.9
     385    178.5 |     371.4 |     371.4
     386    179.7 |     373.2 |     373.2
     387    182.0 |     374.1 |     374.1
     388    182.1 |     374.1 |     374.1
     389    182.1 |     374.8 |     374.8
     390    182.1 |     375.9 |     375.9
     391    182.1 |     376.4 |     376.4
     392    182.1 |     378.3 |     378.3
     393    182.1 |     378.5 |     378.5
     394    182.1 |     380.4 |     380.4
     395    182.1 |     380.8 |     380.8
     396    182.2 |     381.7 |     381.7
     397    182.2 |     382.1 |     382.1
     398    182.3 |     382.4 |     382.4
     399    182.3 |     382.5 |     382.5
     400    182.3 |     382.5 |     382.5
     401    182.4 |     383.4 |     383.4
     402    182.4 |     387.6 |     387.6
     403    182.5 |     389.7 |     389.7
     404    182.5 |     390.3 |     390.3
     405    182.5 |     391.0 |     391.0
     406    182.5 |     392.1 |     392.1
     407    182.5 |     397.2 |     397.2
     408    182.7 |     397.3 |     397.3
     409    182.8 |     398.4 |     398.4
     410    184.0 |     400.0 |     400.0
     411    184.3 |     402.3 |     402.3
     412    185.9 |     404.1 |     404.1
     413    186.0 |     411.4 |     411.4
     414    186.0 |     412.4 |     412.4
     415    186.1 |     413.0 |     413.0
     416    186.3 |     413.0 |     413.0
     417    186.4 |     415.4 |     415.4
     418    186.4 |     437.6 |     437.6
     419    186.5 |     438.0 |     438.0
     420    186.6 |     464.7 |     464.7
     421    186.6 |     466.5 |     466.5
     422    186.6 |     472.5 |     472.5
     423    186.7 |     473.6 |     473.6
     424    186.8 |     474.6 |     474.6
     425    186.8 |     476.3 |     476.3
     426    186.8 |     478.0 |     478.0
     427    186.8 |     478.7 |     478.7
     428    186.9 |     480.2 |     480.2
     429    186.9 |     480.5 |     480.5
     430    187.0 |     480.7 |     480.7
     431    187.2 |     482.0 |     482.0
     432    187.3 |     483.7 |     483.7
     433    187.4 |     484.1 |     484.1
     434    187.4 |     487.8 |     487.8
     435    187.5 |     488.3 |     488.3
     436    187.5 |     489.9 |     489.9
     437    187.5 |     491.2 |     491.2
     438    187.8 |     495.6 |     495.6
     439    188.7 |     497.7 |     497.7
     440    188.9 |     498.4 |     498.4
     441    190.2 |     500.7 |     500.7
     442    190.2 |     513.8 |     513.8
     443    190.5 |     515.1 |     515.1
     444    190.5 |     516.8 |     516.8
     445    190.6 |     517.8 |     517.8
     446    190.7 |     518.3 |     518.3
     447    190.8 |     530.7 |     530.7
     448    190.8 |     558.4 |     558.4
     449    190.8 |     559.5 |     559.5
     450    190.8 |     565.3 |     565.3
     451    190.8 |     565.5 |     565.5
     452    190.8 |     566.6 |     566.6
     453    190.9 |     567.2 |     567.2
     454    190.9 |     568.8 |     568.8
     455    191.0 |     572.6 |     572.6
     456    191.0 |     573.3 |     573.3
     457    191.1 |     579.5 |     579.5
     458    191.1 |     580.3 |     580.3
     459    191.1 |     580.8 |     580.8
     460    191.1 |     583.7 |     583.7
     461    191.2 |     584.4 |     584.4
     462    191.2 |     584.7 |     584.7
     463    191.2 |     584.7 |     584.7
     464    191.3 |     585.2 |     585.2
     465    191.3 |     585.4 |     585.4
     466    191.8 |     585.5 |     585.5
     467    191.8 |     587.0 |     587.0
     468    192.0 |     588.3 |     588.3
     469    198.4 |     592.0 |     592.0
     470    198.8 |     594.3 |     594.3
     471    201.7 |     601.9 |     601.9
     472    202.5 |     605.9 |     605.9
     473    202.7 |     622.4 |     622.4
     474    202.8 |     624.7 |     624.7
     475    202.8 |     627.2 |     627.2
     476    202.9 |     632.6 |     632.6
     477    203.2 |     645.4 |     645.4
     478    203.2 |     647.3 |     647.3
     479    203.3 |     681.6 |     681.6
     480    203.4 |     685.5 |     685.5
     481    203.4 |     687.2 |     687.2
     482    203.4 |     693.1 |     693.1
     483    203.4 |     693.1 |     693.1
     484    203.6 |     693.4 |     693.4
     485    204.1 |     693.8 |     693.8
     486    204.1 |     695.2 |     695.2
     487    204.1 |     699.9 |     699.9
     488    204.1 |     702.4 |     702.4
     489    204.2 |     703.0 |     703.0
     490    204.4 |     704.6 |     704.6
     491    204.9 |     710.4 |     710.4
     492    205.2 |     716.7 |     716.7
     493    205.2 |     719.4 |     719.4
     494    207.1 |     721.1 |     721.1
     495    207.2 |     724.7 |     724.7
     496    207.3 |     730.3 |     730.3
     497    207.3 |     731.7 |     731.7
     498    207.3 |     735.2 |     735.2
     499    207.3 |     737.6 |     737.6
     500    207.6 |     737.9 |     737.9
     501    207.6 |     738.7 |     738.7
     502    207.6 |     738.9 |     738.9
     503    207.6 |     740.8 |     740.8
     504    207.6 |     743.0 |     743.0
     505    207.7 |     751.6 |     751.6
     506    208.7 |     752.7 |     752.7
     507    209.0 |     763.2 |     763.2
     508    209.1 |     764.7 |     764.7
     509    209.2 |     771.4 |     771.4
     510    209.5 |     779.0 |     779.0
     511    210.4 |     802.2 |     802.2
     512    210.5 |     804.2 |     804.2
     513    210.5 |     806.8 |     806.8
     514    210.5 |     807.0 |     807.0
     515    210.5 |     807.3 |     807.3
     516    210.5 |     807.8 |     807.8
     517    210.7 |     807.9 |     807.9
     518    210.9 |     808.9 |     808.9
     519    211.0 |     809.2 |     809.2
     520    211.3 |     809.7 |     809.7
     521    211.3 |     809.9 |     809.9
     522    211.4 |     810.5 |     810.5
     523    211.6 |     810.6 |     810.6
     524    211.8 |     811.2 |     811.2
     525    211.8 |     811.3 |     811.3
     526    211.9 |     811.8 |     811.8
     527    211.9 |     812.1 |     812.1
     528    211.9 |     813.2 |     813.2
     529    212.0 |     816.1 |     816.1
     530    212.1 |     827.9 |     827.9
     531    212.1 |     828.8 |     828.8
     532    212.2 |     832.5 |     832.5
     533    212.3 |     835.5 |     835.5
     534    212.4 |     848.4 |     848.4
     535    212.5 |     859.9 |     859.9
     536    212.6 |     870.3 |     870.3
     537    212.8 |     881.4 |     881.4
     538    213.0 |     881.4 |     881.4
     539    213.3 |     889.6 |     889.6
     540    213.3 |     891.0 |     891.0
     541    213.5 |     922.4 |     922.4
     542    213.6 |     924.4 |     924.4
     543    213.7 |     925.1 |     925.1
     544    213.8 |     925.3 |     925.3
     545    214.1 |     925.6 |     925.6
     546    216.9 |     925.9 |     925.9
     547    216.9 |     927.0 |     927.0
     548    216.9 |     927.2 |     927.2
     549    217.0 |     927.5 |     927.5
     550    217.0 |     927.5 |     927.5
     551    217.2 |     927.6 |     927.6
     552    217.4 |     929.2 |     929.2
     553    217.4 |     931.6 |     931.6
     554    217.4 |     931.9 |     931.9
     555    217.4 |     932.0 |     932.0
     556    217.6 |     932.8 |     932.8
     557    219.2 |     942.2 |     942.2
     558    223.8 |     942.6 |     942.6
     559    224.4 |     948.3 |     948.3
     560    224.4 |     949.2 |     949.2
     561    225.1 |     952.6 |     952.6
     562    226.5 |     952.9 |     952.9
     563    226.7 |     953.7 |     953.7
     564    227.4 |     962.9 |     962.9
     565    227.8 |     963.4 |     963.4
     566    227.9 |     976.2 |     976.2
     567    227.9 |     977.3 |     977.3
     568    228.0 |     979.2 |     979.2
     569    228.0 |     985.4 |     985.4
     570    228.0 |     986.0 |     986.0
     571    228.9 |     986.1 |     986.1
     572    229.0 |     988.5 |     988.5
     573    229.1 |     994.8 |     994.8
     574    229.1 |     996.5 |     996.5
     575    229.1 |    1004.1 |    1004.1
     576    229.2 |    1013.6 |    1013.6
     577    229.3 |    1015.8 |    1015.8
     578    229.3 |    1028.0 |    1028.0
     579    229.3 |    1030.9 |    1030.9
     580    229.5 |    1031.6 |    1031.6
     581    229.6 |    1032.2 |    1032.2
     582    229.8 |    1033.0 |    1033.0
     583    229.8 |    1033.1 |    1033.1
     584    230.1 |    1033.4 |    1033.4
     585    230.3 |    1037.9 |    1037.9
     586    230.6 |    1037.9 |    1037.9
     587    230.6 |    1038.1 |    1038.1
     588    230.7 |    1038.1 |    1038.1
     589    230.7 |    1038.6 |    1038.6
     590    230.9 |    1047.9 |    1047.9
     591    231.3 |    1070.1 |    1070.1
     592    231.4 |    1071.3 |    1071.3
     593    231.5 |    1076.0 |    1076.0
     594    232.6 |    1077.5 |    1077.5
     595    234.4 |    1078.8 |    1078.8
     596    239.3 |    1081.8 |    1081.8
     597    239.3 |    1092.0 |    1092.0
     598    239.5 |    1103.5 |    1103.5
     599    239.6 |    1119.5 |    1119.5
     600    239.6 |    1121.3 |    1121.3
     601    239.8 |    1123.4 |    1123.4
     602    239.9 |    1123.6 |    1123.6
     603    240.7 |    1124.6 |    1124.6
     604    244.7 |    1125.4 |    1125.4
     605    245.3 |    1126.0 |    1126.0
     606    249.9 |    1126.5 |    1126.5
     607    251.8 |    1127.1 |    1127.1
     608    251.9 |    1128.3 |    1128.3
     609    253.7 |    1131.5 |    1131.5
     610    255.2 |    1133.5 |    1133.5
     611    256.8 |    1141.6 |    1141.6
     612    256.8 |    1151.6 |    1151.6
     613    258.1 |    1151.7 |    1151.7
     614    258.3 |    1152.0 |    1152.0
     615    258.6 |    1152.1 |    1152.1
     616    258.8 |    1153.4 |    1153.4
     617    258.9 |    1154.1 |    1154.1
     618    259.2 |    1154.5 |    1154.5
     619    259.3 |    1154.6 |    1154.6
     620    259.6 |    1154.7 |    1154.7
     621    259.6 |    1155.7 |    1155.7
     622    259.8 |    1156.6 |    1156.6
     623    259.8 |    1156.6 |    1156.6
     624    260.0 |    1156.9 |    1156.9
     625    260.1 |    1157.0 |    1157.0
     626    260.1 |    1157.0 |    1157.0
     627    260.3 |    1157.2 |    1157.2
     628    260.4 |    1157.4 |    1157.4
     629    260.4 |    1157.6 |    1157.6
     630    260.5 |    1157.7 |    1157.7
     631    260.5 |    1157.8 |    1157.8
     632    260.7 |    1163.4 |    1163.4
     633    260.9 |    1165.2 |    1165.2
     634    261.0 |    1165.3 |    1165.3
     635    261.6 |    1167.7 |    1167.7
     636    262.2 |    1168.7 |    1168.7
     637    264.5 |    1177.9 |    1177.9
     638    264.6 |    1179.5 |    1179.5
     639    267.8 |    1181.3 |    1181.3
     640    268.6 |    1185.4 |    1185.4
     641    269.8 |    1188.9 |    1188.9
     642    273.4 |    1189.8 |    1189.8
     643    274.2 |    1189.8 |    1189.8
     644    274.3 |    1189.9 |    1189.9
     645    274.8 |    1195.1 |    1195.1
     646    275.1 |    1201.7 |    1201.7
     647    275.3 |    1201.7 |    1201.7
     648    275.7 |    1202.2 |    1202.2
     649    277.1 |    1202.3 |    1202.3
     650    277.5 |    1202.8 |    1202.8
     651    277.8 |    1202.8 |    1202.8
     652    277.8 |    1202.8 |    1202.8
     653    277.9 |    1202.9 |    1202.9
     654    278.1 |    1202.9 |    1202.9
     655    278.1 |    1202.9 |    1202.9
     656    278.2 |    1203.0 |    1203.0
     657    278.3 |    1203.1 |    1203.1
     658    278.5 |    1203.2 |    1203.2
     659    279.0 |    1203.2 |    1203.2
     660    279.1 |    1203.2 |    1203.2
     661    279.2 |    1203.8 |    1203.8
     662    279.4 |    1203.8 |    1203.8
     663    279.5 |    1204.1 |    1204.1
     664    279.6 |    1204.1 |    1204.1
     665    279.6 |    1204.2 |    1204.2
     666    279.7 |    1205.1 |    1205.1
     667    280.9 |    1205.7 |    1205.7
     668    281.0 |    1206.7 |    1206.7
     669    281.2 |    1207.0 |    1207.0
     670    281.4 |    1207.7 |    1207.7
     671    283.1 |    1209.7 |    1209.7
     672    284.8 |    1210.6 |    1210.6
     673    285.2 |    1211.0 |    1211.0
     674    285.4 |    1211.2 |    1211.2
     675    285.9 |    1211.9 |    1211.9
     676    286.2 |    1215.8 |    1215.8
     677    286.3 |    1218.8 |    1218.8
     678    288.1 |    1221.7 |    1221.7
     679    290.2 |    1222.0 |    1222.0
     680    290.6 |    1235.4 |    1235.4
     681    290.7 |    1238.6 |    1238.6
     682    290.7 |    1239.7 |    1239.7
     683    290.7 |    1241.9 |    1241.9
     684    290.7 |    1244.2 |    1244.2
     685    290.8 |    1247.4 |    1247.4
     686    291.0 |    1248.5 |    1248.5
     687    291.1 |    1248.8 |    1248.8
     688    291.2 |    1249.0 |    1249.0
     689    291.2 |    1249.1 |    1249.1
     690    291.2 |    1249.1 |    1249.1
     691    291.2 |    1249.1 |    1249.1
     692    291.5 |    1249.2 |    1249.2
     693    291.5 |    1249.2 |    1249.2
     694    291.6 |    1249.3 |    1249.3
     695    291.9 |    1249.4 |    1249.4
     696    291.9 |    1249.6 |    1249.6
     697    291.9 |    1250.1 |    1250.1
     698    291.9 |    1250.3 |    1250.3
     699    291.9 |    1250.8 |    1250.8
     700    291.9 |    1250.8 |    1250.8
     701    292.0 |    1250.9 |    1250.9
     702    292.5 |    1250.9 |    1250.9
     703    292.8 |    1251.0 |    1251.0
     704    293.1 |    1251.1 |    1251.1
     705    293.8 |    1251.5 |    1251.5
     706    293.9 |    1252.5 |    1252.5
     707    294.0 |    1257.2 |    1257.2
     708    294.6 |    1272.7 |    1272.7
     709    294.8 |    1274.9 |    1274.9
     710    295.2 |    1276.0 |    1276.0
     711    295.5 |    1277.9 |    1277.9
     712    295.5 |    1287.7 |    1287.7
     713    295.6 |    1287.9 |    1287.9
     714    295.6 |    1289.3 |    1289.3
     715    295.6 |    1291.0 |    1291.0
     716    295.6 |    1359.0 |    1359.0
     717    295.6 |    1362.5 |    1362.5
     718    295.7 |    1390.9 |    1390.9
     719    295.7 |    1393.0 |    1393.0
     720    295.7 |    1394.7 |    1394.7
     721    295.7 |    1395.0 |    1395.0
     722    295.9 |    1395.2 |    1395.2
     723    295.9 |    1396.0 |    1396.0
     724    295.9 |    1396.1 |    1396.1
     725    295.9 |    1396.4 |    1396.4
     726    296.0 |    1396.4 |    1396.4
     727    296.2 |    1396.6 |    1396.6
     728    296.3 |    1396.6 |    1396.6
     729    296.6 |    1396.7 |    1396.7
     730    296.6 |    1396.8 |    1396.8
     731    297.0 |    1396.9 |    1396.9
     732    297.0 |    1397.4 |    1397.4
     733    297.3 |    1397.9 |    1397.9
     734    297.6 |    1398.6 |    1398.6
     735    298.4 |    1398.6 |    1398.6
     736    298.5 |    1398.8 |    1398.8
     737    298.5 |    1399.0 |    1399.0
     738    298.7 |    1399.4 |    1399.4
     739    298.7 |    1399.6 |    1399.6
     740    299.2 |    1399.8 |    1399.8
     741    301.3 |    1408.2 |    1408.2
     742    301.5 |    1411.1 |    1411.1
     743    301.9 |    1412.3 |    1412.3
     744    302.9 |    1412.5 |    1412.5
     745    303.1 |    1413.0 |    1413.0
     746    303.1 |    1413.2 |    1413.2
     747    303.2 |    1413.3 |    1413.3
     748    303.3 |    1413.6 |    1413.6
     749    304.1 |    1413.6 |    1413.6
     750    304.2 |    1414.4 |    1414.4
     751    304.2 |    1414.7 |    1414.7
     752    304.3 |    1414.8 |    1414.8
     753    304.3 |    1415.3 |    1415.3
     754    304.7 |    1415.8 |    1415.8
     755    304.7 |    1416.2 |    1416.2
     756    304.8 |    1416.2 |    1416.2
     757    304.8 |    1416.7 |    1416.7
     758    304.9 |    1417.0 |    1417.0
     759    304.9 |    1417.2 |    1417.2
     760    305.0 |    1417.4 |    1417.4
     761    305.1 |    1417.8 |    1417.8
     762    305.3 |    1434.1 |    1434.1
     763    305.5 |    1434.2 |    1434.2
     764    305.8 |    1434.7 |    1434.7
     765    305.8 |    1435.9 |    1435.9
     766    306.1 |    1436.1 |    1436.1
     767    306.5 |    1436.3 |    1436.3
     768    306.5 |    1436.9 |    1436.9
     769    306.5 |    1436.9 |    1436.9
     770    306.7 |    1437.0 |    1437.0
     771    306.7 |    1437.1 |    1437.1
     772    306.8 |    1437.3 |    1437.3
     773    307.0 |    1437.4 |    1437.4
     774    307.1 |    1437.4 |    1437.4
     775    307.2 |    1437.5 |    1437.5
     776    307.2 |    1437.6 |    1437.6
     777    307.3 |    1437.8 |    1437.8
     778    307.3 |    1437.9 |    1437.9
     779    307.3 |    1438.5 |    1438.5
     780    307.4 |    1438.6 |    1438.6
     781    307.4 |    1439.1 |    1439.1
     782    307.4 |    1439.8 |    1439.8
     783    307.4 |    1440.8 |    1440.8
     784    307.5 |    1441.3 |    1441.3
     785    307.5 |    1442.9 |    1442.9
     786    307.5 |    1443.2 |    1443.2
     787    307.5 |    1443.7 |    1443.7
     788    307.9 |    1443.8 |    1443.8
     789    308.2 |    1443.9 |    1443.9
     790    308.4 |    1444.0 |    1444.0
     791    308.4 |    1444.0 |    1444.0
     792    308.5 |    1444.2 |    1444.2
     793    308.5 |    1444.4 |    1444.4
     794    308.7 |    1444.5 |    1444.5
     795    308.8 |    1444.5 |    1444.5
     796    310.5 |    1444.7 |    1444.7
     797    312.0 |    1444.8 |    1444.8
     798    313.5 |    1444.8 |    1444.8
     799    313.6 |    1444.9 |    1444.9
     800    313.6 |    1445.1 |    1445.1
     801    313.7 |    1445.2 |    1445.2
     802    313.8 |    1445.6 |    1445.6
     803    313.9 |    1445.7 |    1445.7
     804    314.0 |    1445.7 |    1445.7
     805    314.4 |    1445.7 |    1445.7
     806    314.7 |    1445.8 |    1445.8
     807    314.7 |    1446.4 |    1446.4
     808    314.8 |    1511.3 |    1511.3
     809    314.9 |    1516.1 |    1516.1
     810    315.0 |    1594.4 |    1594.4
     811    315.1 |    1595.8 |    1595.8
     812    315.1 |    1602.6 |    1602.6
     813    315.2 |    1605.3 |    1605.3
     814    315.4 |    1605.5 |    1605.5
     815    315.6 |    1607.3 |    1607.3
     816    315.7 |    1607.7 |    1607.7
     817    315.8 |    1608.7 |    1608.7
     818    315.9 |    1612.9 |    1612.9
     819    315.9 |    1621.8 |    1621.8
     820    321.1 |    1645.4 |    1645.4
     821    321.2 |    1651.1 |    1651.1
     822    321.8 |    1656.0 |    1656.0
     823    322.5 |    1658.0 |    1658.0
     824    329.0 |    1682.4 |    1682.4
     825    329.0 |    1683.1 |    1683.1
     826    329.3 |    1685.5 |    1685.5
     827    329.9 |    1686.4 |    1686.4
     828    330.1 |    1687.3 |    1687.3
     829    330.2 |    1688.3 |    1688.3
     830    330.3 |    1689.0 |    1689.0
     831    330.5 |    1689.1 |    1689.1
     832    330.6 |    1689.2 |    1689.2
     833    330.6 |    1689.6 |    1689.6
     834    330.6 |    1690.2 |    1690.2
     835    330.7 |    1692.1 |    1692.1
     836    330.7 |    1692.3 |    1692.3
     837    330.8 |    1693.3 |    1693.3
     838    331.0 |    1694.2 |    1694.2
     839    331.1 |    1694.7 |    1694.7
     840    331.1 |    1694.9 |    1694.9
     841    331.2 |    1695.5 |    1695.5
     842    331.3 |    1696.7 |    1696.7
     843    331.3 |    1697.3 |    1697.3
     844    331.4 |    1697.6 |    1697.6
     845    331.4 |    1697.9 |    1697.9
     846    331.4 |    1698.2 |    1698.2
     847    331.5 |    1698.3 |    1698.3
     848    331.6 |    1698.7 |    1698.7
     849    331.6 |    1698.8 |    1698.8
     850    331.7 |    1698.8 |    1698.8
     851    331.7 |    1700.1 |    1700.1
     852    331.7 |    1705.5 |    1705.5
     853    331.8 |    1711.1 |    1711.1
     854    333.3 |    1713.0 |    1713.0
     855    334.3 |    1723.5 |    1723.5
     856    334.5 |    1855.7 |    1855.7
     857    335.6 |    1860.3 |    1860.3
     858    335.8 |    1860.3 |    1860.3
     859    337.4 |    1861.5 |    1861.5
     860    337.9 |    1861.6 |    1861.6
     861    339.4 |    1864.1 |    1864.1
     862    339.7 |    1864.1 |    1864.1
     863    340.4 |    1864.4 |    1864.4
     864    340.5 |    1864.9 |    1864.9
     865    340.6 |    1865.1 |    1865.1
     866    341.0 |    1865.4 |    1865.4
     867    341.1 |    1865.8 |    1865.8
     868    341.2 |    1865.9 |    1865.9
     869    341.5 |    1865.9 |    1865.9
     870    342.0 |    1865.9 |    1865.9
     871    342.2 |    1866.3 |    1866.3
     872    342.3 |    1866.6 |    1866.6
     873    342.6 |    1867.0 |    1867.0
     874    343.1 |    1867.3 |    1867.3
     875    343.8 |    1867.5 |    1867.5
     876    343.8 |    1867.6 |    1867.6
     877    344.0 |    1867.7 |    1867.7
     878    344.1 |    1867.7 |    1867.7
     879    344.2 |    1867.7 |    1867.7
     880    344.6 |    1867.9 |    1867.9
     881    347.6 |    1868.4 |    1868.4
     882    347.9 |    1869.2 |    1869.2
     883    351.2 |    1869.2 |    1869.2
     884    352.4 |    1869.7 |    1869.7
     885    352.7 |    1870.6 |    1870.6
     886    352.9 |    1870.9 |    1870.9
     887    354.6 |    1871.0 |    1871.0
     888    361.4 |    1872.3 |    1872.3
     889    362.0 |    1873.1 |    1873.1
     890    362.2 |    1873.6 |    1873.6
     891    362.3 |    1874.3 |    1874.3
     892    362.4 |    1874.3 |    1874.3
     893    362.4 |    1874.3 |    1874.3
     894    362.5 |    1874.4 |    1874.4
     895    362.6 |    1874.4 |    1874.4
     896    362.6 |    1874.5 |    1874.5
     897    362.6 |    1874.5 |    1874.5
     898    362.6 |    1874.7 |    1874.7
     899    362.7 |    1874.8 |    1874.8
     900    362.7 |    1876.8 |    1876.8
     901    362.8 |    1877.3 |    1877.3
     902    362.8 |    1877.4 |    1877.4
     903    362.9 |    1877.5 |    1877.5
     904    362.9 |    1877.6 |    1877.6
     905    363.0 |    1877.6 |    1877.6
     906    363.0 |    1877.9 |    1877.9
     907    363.0 |    1878.3 |    1878.3
     908    363.1 |    1878.5 |    1878.5
     909    363.2 |    1878.7 |    1878.7
     910    363.2 |    1879.0 |    1879.0
     911    363.2 |    1879.2 |    1879.2
     912    363.2 |    1879.2 |    1879.2
     913    363.2 |    1879.6 |    1879.6
     914    363.3 |    1879.7 |    1879.7
     915    363.3 |    1880.4 |    1880.4
     916    363.3 |    1880.9 |    1880.9
     917    363.4 |    1881.1 |    1881.1
     918    363.4 |    1881.1 |    1881.1
     919    363.5 |    1881.2 |    1881.2
     920    363.5 |    1881.5 |    1881.5
     921    363.6 |    1882.5 |    1882.5
     922    364.1 |    1882.8 |    1882.8
     923    364.3 |    1883.1 |    1883.1
     924    364.4 |    1890.6 |    1890.6
     925    364.6 |    1925.9 |    1925.9
     926    364.7 |    1927.2 |    1927.2
     927    364.7 |    1927.5 |    1927.5
     928    364.8 |    1927.7 |    1927.7
     929    364.9 |    1927.9 |    1927.9
     930    364.9 |    1928.0 |    1928.0
     931    365.0 |    1928.1 |    1928.1
     932    365.3 |    1928.2 |    1928.2
     933    365.6 |    1928.3 |    1928.3
     934    374.8 |    1928.4 |    1928.4
     935    374.9 |    1928.4 |    1928.4
     936    375.3 |    1928.6 |    1928.6
     937    375.3 |    1928.8 |    1928.8
     938    375.4 |    1928.8 |    1928.8
     939    375.4 |    1929.4 |    1929.4
     940    375.5 |    1929.7 |    1929.7
     941    375.5 |    1929.8 |    1929.8
     942    375.6 |    1929.9 |    1929.9
     943    375.6 |    1930.1 |    1930.1
     944    375.7 |    1930.5 |    1930.5
     945    375.7 |    1930.7 |    1930.7
     946    375.8 |    1941.9 |    1941.9
     947    375.9 |    1943.1 |    1943.1
     948    376.0 |    2076.5 |    2076.5
     949    376.0 |    2077.3 |    2077.3
     950    376.0 |    2077.9 |    2077.9
     951    376.0 |    2078.1 |    2078.1
     952    376.1 |    2079.2 |    2079.2
     953    376.1 |    2079.6 |    2079.6
     954    376.1 |    2079.8 |    2079.8
     955    376.1 |    2080.1 |    2080.1
     956    376.2 |    2080.2 |    2080.2
     957    377.6 |    2080.2 |    2080.2
     958    377.6 |    2080.3 |    2080.3
     959    377.7 |    2080.3 |    2080.3
     960    377.7 |    2080.4 |    2080.4
     961    377.8 |    2081.1 |    2081.1
     962    377.8 |    2081.5 |    2081.5
     963    377.9 |    2081.6 |    2081.6
     964    377.9 |    2083.0 |    2083.0
     965    378.0 |    2083.2 |    2083.2
     966    378.0 |    2083.3 |    2083.3
     967    378.0 |    2083.3 |    2083.3
     968    378.1 |    2083.3 |    2083.3
     969    378.1 |    2083.8 |    2083.8
     970    378.1 |    2084.0 |    2084.0
     971    378.1 |    2099.6 |    2099.6
     972    378.2 |    2099.6 |    2099.6
     973    378.2 |    2099.7 |    2099.7
     974    378.3 |    2099.8 |    2099.8
     975    378.4 |    2099.9 |    2099.9
     976    378.4 |    2100.0 |    2100.0
     977    378.4 |    2100.1 |    2100.1
     978    381.9 |    2100.2 |    2100.2
     979    383.0 |    2100.5 |    2100.5
     980    387.7 |    2100.6 |    2100.6
     981    387.8 |    2100.7 |    2100.7
     982    387.9 |    2100.8 |    2100.8
     983    388.0 |    2101.1 |    2101.1
     984    388.0 |    2101.1 |    2101.1
     985    388.1 |    2101.4 |    2101.4
     986    388.1 |    2102.1 |    2102.1
     987    388.2 |    2102.1 |    2102.1
     988    388.2 |    2102.3 |    2102.3
     989    388.3 |    2102.4 |    2102.4
     990    388.3 |    2102.6 |    2102.6
     991    388.3 |    2103.0 |    2103.0
     992    388.3 |    2104.9 |    2104.9
     993    388.4 |    2105.1 |    2105.1
     994    388.4 |    2105.8 |    2105.8
     995    388.5 |    2106.0 |    2106.0
     996    388.9 |    2107.8 |    2107.8
     997    388.9 |    2109.4 |    2109.4
     998    388.9 |    2109.7 |    2109.7
     999    389.0 |    2109.9 |    2109.9
    1000    389.0 |    2110.5 |    2110.5
    1001    389.1 |    2111.7 |    2111.7
    1002    389.2 |    2112.6 |    2112.6
    1003    389.2 |    2112.6 |    2112.6
    1004    389.3 |    2113.4 |    2113.4
    1005    389.3 |    2114.2 |    2114.2
    1006    389.4 |    2114.5 |    2114.5
    1007    389.6 |    2115.0 |    2115.0
    1008    390.0 |    2121.0 |    2121.0
    1009    390.1 |    2121.1 |    2121.1
    1010    390.2 |    2128.1 |    2128.1
    1011    390.2 |    2129.0 |    2129.0
    1012    390.2 |    2129.1 |    2129.1
    1013    390.5 |    2129.3 |    2129.3
    1014    390.5 |    2129.5 |    2129.5
    1015    390.5 |    2131.2 |    2131.2
    1016    390.5 |    2137.0 |    2137.0
    1017    390.6 |    2962.3 |    2962.3
    1018    390.6 |    2965.2 |    2965.2
    1019    390.6 |    2966.8 |    2966.8
    1020    390.6 |    2967.5 |    2967.5
    1021    390.7 |    2970.8 |    2970.8
    1022    390.7 |    2975.9 |    2975.9
    1023    390.8 |    2976.8 |    2976.8
    1024    390.8 |    2985.8 |    2985.8
    1025    390.8 |    2987.5 |    2987.5
    1026    390.9 |    2988.9 |    2988.9
    1027    390.9 |    2989.3 |    2989.3
    1028    391.0 |    2990.6 |    2990.6
    1029    391.1 |    2990.8 |    2990.8
    1030    391.1 |    2992.4 |    2992.4
    1031    391.2 |    2992.4 |    2992.4
    1032    391.4 |    2993.0 |    2993.0
    1033    392.8 |    2994.5 |    2994.5
    1034    393.1 |    2995.3 |    2995.3
    1035    393.3 |    2995.5 |    2995.5
    1036    398.8 |    2995.8 |    2995.8
    1037    399.4 |    2996.1 |    2996.1
    1038    399.4 |    2998.3 |    2998.3
    1039    399.5 |    2999.8 |    2999.8
    1040    399.6 |    2999.9 |    2999.9
    1041    400.0 |    3000.2 |    3000.2
    1042    400.3 |    3000.4 |    3000.4
    1043    400.6 |    3000.6 |    3000.6
    1044    402.5 |    3000.7 |    3000.7
    1045    404.1 |    3001.2 |    3001.2
    1046    404.2 |    3003.1 |    3003.1
    1047    404.7 |    3003.9 |    3003.9
    1048    404.8 |    3004.7 |    3004.7
    1049    406.6 |    3004.7 |    3004.7
    1050    407.4 |    3005.0 |    3005.0
    1051    421.9 |    3005.7 |    3005.7
    1052    422.1 |    3008.0 |    3008.0
    1053    422.2 |    3008.4 |    3008.4
    1054    422.4 |    3009.2 |    3009.2
    1055    422.4 |    3010.2 |    3010.2
    1056    422.6 |    3011.5 |    3011.5
    1057    422.9 |    3012.2 |    3012.2
    1058    423.0 |    3012.4 |    3012.4
    1059    423.1 |    3012.4 |    3012.4
    1060    423.1 |    3013.2 |    3013.2
    1061    423.3 |    3013.2 |    3013.2
    1062    423.3 |    3014.2 |    3014.2
    1063    423.3 |    3014.5 |    3014.5
    1064    423.5 |    3014.8 |    3014.8
    1065    423.6 |    3016.0 |    3016.0
    1066    423.7 |    3020.9 |    3020.9
    1067    423.7 |    3021.8 |    3021.8
    1068    423.8 |    3025.6 |    3025.6
    1069    424.0 |    3026.4 |    3026.4
    1070    424.2 |    3027.1 |    3027.1
    1071    424.3 |    3027.7 |    3027.7
    1072    427.4 |    3029.0 |    3029.0
    1073    427.7 |    3031.8 |    3031.8
    1074    452.7 |    3034.7 |    3034.7
    1075    453.1 |    3034.8 |    3034.8
    1076    453.4 |    3035.3 |    3035.3
    1077    453.5 |    3042.1 |    3042.1
    1078    453.5 |    3049.2 |    3049.2
    1079    453.6 |    3050.2 |    3050.2
    1080    453.6 |    3051.2 |    3051.2
    1081    453.7 |    3052.3 |    3052.3
    1082    453.7 |    3053.0 |    3053.0
    1083    453.7 |    3053.1 |    3053.1
    1084    453.7 |    3054.4 |    3054.4
    1085    453.7 |    3054.9 |    3054.9
    1086    453.7 |    3055.9 |    3055.9
    1087    453.7 |    3056.1 |    3056.1
    1088    453.8 |    3056.3 |    3056.3
    1089    453.8 |    3056.7 |    3056.7
    1090    453.9 |    3057.2 |    3057.2
    1091    453.9 |    3057.3 |    3057.3
    1092    453.9 |    3057.6 |    3057.6
    1093    453.9 |    3057.7 |    3057.7
    1094    453.9 |    3057.8 |    3057.8
    1095    453.9 |    3058.1 |    3058.1
    1096    454.0 |    3058.8 |    3058.8
    1097    458.2 |    3059.0 |    3059.0
    1098    458.7 |    3059.1 |    3059.1
    1099    458.7 |    3059.1 |    3059.1
    1100    458.8 |    3060.2 |    3060.2
    1101    458.8 |    3064.5 |    3064.5
    1102    458.8 |    3068.9 |    3068.9
    1103    458.8 |    3072.3 |    3072.3
    1104    458.8 |    3074.0 |    3074.0
    1105    458.9 |    3077.3 |    3077.3
    1106    458.9 |    3078.8 |    3078.8
    1107    458.9 |    3079.5 |    3079.5
    1108    458.9 |    3079.8 |    3079.8
    1109    458.9 |    3079.9 |    3079.9
    1110    459.0 |    3080.4 |    3080.4
    1111    459.0 |    3080.5 |    3080.5
    1112    459.0 |    3082.7 |    3082.7
    1113    459.0 |    3083.2 |    3083.2
    1114    459.0 |    3083.7 |    3083.7
    1115    459.0 |    3083.8 |    3083.8
    1116    459.1 |    3084.4 |    3084.4
    1117    459.2 |    3084.8 |    3084.8
    1118    459.3 |    3087.6 |    3087.6
    1119    459.3 |    3088.6 |    3088.6
    1120    459.5 |    3088.6 |    3088.6
    1121    459.5 |    3089.3 |    3089.3
    1122    459.6 |    3089.4 |    3089.4
    1123    460.0 |    3091.3 |    3091.3
    1124    460.2 |    3091.5 |    3091.5
    1125    460.4 |    3092.1 |    3092.1
    1126    460.5 |    3092.5 |    3092.5
    1127    460.5 |    3092.6 |    3092.6
    1128    460.5 |    3093.2 |    3093.2
    1129    460.5 |    3093.9 |    3093.9
    1130    460.6 |    3093.9 |    3093.9
    1131    460.6 |    3094.0 |    3094.0
    1132    460.6 |    3094.0 |    3094.0
    1133    460.6 |    3094.2 |    3094.2
    1134    460.8 |    3094.2 |    3094.2
    1135    460.9 |    3094.3 |    3094.3
    1136    461.0 |    3094.5 |    3094.5
    1137    461.3 |    3094.8 |    3094.8
    1138    461.4 |    3095.1 |    3095.1
    1139    461.4 |    3095.3 |    3095.3
    1140    461.7 |    3095.3 |    3095.3
    1141    462.5 |    3096.0 |    3096.0
    1142    462.5 |    3096.0 |    3096.0
    1143    462.5 |    3096.0 |    3096.0
    1144    462.8 |    3096.1 |    3096.1
    1145    462.9 |    3096.2 |    3096.2
    1146    463.0 |    3096.5 |    3096.5
    1147    463.0 |    3096.6 |    3096.6
    1148    463.0 |    3096.8 |    3096.8
    1149    463.0 |    3096.8 |    3096.8
    1150    463.1 |    3096.9 |    3096.9
    1151    463.2 |    3097.0 |    3097.0
    1152    463.2 |    3098.0 |    3098.0
    1153    463.2 |    3098.1 |    3098.1
    1154    463.7 |    3099.0 |    3099.0
    1155    463.8 |    3100.0 |    3100.0
    1156    463.9 |    3100.6 |    3100.6
    1157    463.9 |    3100.7 |    3100.7
    1158    464.0 |    3100.7 |    3100.7
    1159    464.1 |    3101.1 |    3101.1
    1160    464.1 |    3101.4 |    3101.4
    1161    464.3 |    3101.7 |    3101.7
    1162    465.4 |    3102.1 |    3102.1
    1163    465.8 |    3102.2 |    3102.2
    1164    468.4 |    3102.3 |    3102.3
    1165    468.7 |    3105.3 |    3105.3
    1166    479.4 |    3105.4 |    3105.4
    1167    479.6 |    3105.7 |    3105.7
    1168    479.7 |    3105.9 |    3105.9
    1169    480.7 |    3105.9 |    3105.9
    1170    480.8 |    3106.1 |    3106.1
    1171    480.9 |    3106.5 |    3106.5
    1172    481.0 |    3106.6 |    3106.6
    1173    481.1 |    3106.6 |    3106.6
    1174    481.2 |    3107.0 |    3107.0
    1175    481.4 |    3107.1 |    3107.1
    1176    481.5 |    3107.3 |    3107.3
    1177    481.6 |    3107.4 |    3107.4
    1178    481.7 |    3107.6 |    3107.6
    1179    482.1 |    3107.6 |    3107.6
    1180    483.0 |    3107.7 |    3107.7
    1181    483.1 |    3107.9 |    3107.9
    1182    484.1 |    3108.0 |    3108.0
    1183    484.6 |    3108.7 |    3108.7
    1184    484.6 |    3108.8 |    3108.8
    1185    484.7 |    3108.8 |    3108.8
    1186    484.8 |    3109.0 |    3109.0
    1187    484.9 |    3109.0 |    3109.0
    1188    486.4 |    3109.3 |    3109.3
    1189    654.5 |    3109.4 |    3109.4
    1190    656.6 |    3110.1 |    3110.1
    1191    656.9 |    3110.5 |    3110.5
    1192    657.3 |    3110.7 |    3110.7
    1193    658.6 |    3110.7 |    3110.7
    1194    659.2 |    3110.9 |    3110.9
    1195    659.6 |    3110.9 |    3110.9
    1196    659.6 |    3111.7 |    3111.7
    1197    660.9 |    3111.8 |    3111.8
    1198    662.8 |    3111.9 |    3111.9
    1199    682.7 |    3113.0 |    3113.0
    1200    684.3 |    3113.0 |    3113.0
    1201    685.6 |    3113.7 |    3113.7
    1202    687.0 |    3113.7 |    3113.7
    1203    687.1 |    3114.2 |    3114.2
    1204    687.3 |    3115.1 |    3115.1
    1205    687.3 |    3116.4 |    3116.4
    1206    687.3 |    3119.0 |    3119.0
    1207    687.7 |    3119.2 |    3119.2
    1208    687.7 |    3120.0 |    3120.0
    1209    687.8 |    3122.2 |    3122.2
    1210    687.9 |    3123.2 |    3123.2
    1211    688.1 |    3123.6 |    3123.6
    1212    688.3 |    3124.0 |    3124.0
    1213    688.3 |    3124.9 |    3124.9
    1214    688.5 |    3125.3 |    3125.3
    1215    688.7 |    3125.5 |    3125.5
    1216    688.8 |    3125.7 |    3125.7
    1217    689.0 |    3125.8 |    3125.8
    1218    689.2 |    3126.1 |    3126.1
    1219    689.6 |    3126.7 |    3126.7
    1220    690.9 |    3126.8 |    3126.8
    1221    691.2 |    3127.5 |    3127.5
    1222    712.5 |    3128.0 |    3128.0
    1223    712.6 |    3128.1 |    3128.1
    1224    712.9 |    3130.3 |    3130.3
    1225    713.4 |    3132.8 |    3132.8
    1226    713.5 |    3133.5 |    3133.5
    1227    713.6 |    3134.0 |    3134.0
    1228    714.0 |    3137.2 |    3137.2
    1229    714.2 |    3137.7 |    3137.7
    1230    714.2 |    3139.2 |    3139.2
    1231    714.5 |    3142.8 |    3142.8
    1232    714.8 |    3143.9 |    3143.9
    1233    714.8 |    3145.8 |    3145.8
    1234    714.8 |    3146.5 |    3146.5
    1235    715.1 |    3146.6 |    3146.6
    1236    715.2 |    3147.0 |    3147.0
    1237    715.4 |    3147.0 |    3147.0
    1238    715.5 |    3148.0 |    3148.0
    1239    716.6 |    3148.8 |    3148.8
    1240    716.9 |    3148.9 |    3148.9
    1241    716.9 |    3149.3 |    3149.3
    1242    717.3 |    3149.5 |    3149.5
    1243    717.9 |    3149.6 |    3149.6
    1244    718.0 |    3149.8 |    3149.8
    1245    718.3 |    3150.4 |    3150.4
    1246    718.3 |    3151.5 |    3151.5
    1247    718.7 |    3151.5 |    3151.5
    1248    718.7 |    3152.1 |    3152.1
    1249    718.8 |    3156.2 |    3156.2
    1250    722.9 |    3156.7 |    3156.7
    1251    723.5 |    3157.2 |    3157.2
    1252    745.3 |    3158.1 |    3158.1
    1253    745.5 |    3158.6 |    3158.6
    1254    746.5 |    3158.7 |    3158.7
    1255    746.7 |    3159.3 |    3159.3
    1256    747.6 |    3159.5 |    3159.5
    1257    748.9 |    3160.1 |    3160.1
    1258    749.4 |    3160.2 |    3160.2
    1259    749.5 |    3160.4 |    3160.4
    1260    750.9 |    3160.7 |    3160.7
    1261    751.2 |    3160.9 |    3160.9
    1262    751.7 |    3161.2 |    3161.2
    1263    751.8 |    3161.3 |    3161.3
    1264    751.9 |    3161.4 |    3161.4
    1265    752.5 |    3161.8 |    3161.8
    1266    754.4 |    3162.2 |    3162.2
    1267    754.9 |    3162.8 |    3162.8
    1268    755.2 |    3163.0 |    3163.0
    1269    755.2 |    3163.0 |    3163.0
    1270    755.6 |    3164.3 |    3164.3
    1271    755.7 |    3164.5 |    3164.5
    1272    755.8 |    3164.6 |    3164.6
    1273    756.2 |    3164.7 |    3164.7
    1274    756.2 |    3164.8 |    3164.8
    1275    756.4 |    3165.0 |    3165.0
    1276    757.3 |    3165.0 |    3165.0
    1277    757.7 |    3165.5 |    3165.5
    1278    758.3 |    3165.6 |    3165.6
    1279    758.5 |    3166.1 |    3166.1
    1280    758.7 |    3166.4 |    3166.4
    1281    759.2 |    3166.5 |    3166.5
    1282    760.0 |    3166.5 |    3166.5
    1283    760.1 |    3166.7 |    3166.7
    1284    760.3 |    3166.7 |    3166.7
    1285    761.3 |    3166.8 |    3166.8
    1286    762.0 |    3167.3 |    3167.3
    1287    762.2 |    3167.3 |    3167.3
    1288    762.7 |    3167.7 |    3167.7
    1289    778.1 |    3167.7 |    3167.7
    1290    785.4 |    3167.7 |    3167.7
    1291    786.8 |    3168.3 |    3168.3
    1292    787.7 |    3168.6 |    3168.6
    1293    787.7 |    3168.9 |    3168.9
    1294    789.9 |    3168.9 |    3168.9
    1295    790.1 |    3169.0 |    3169.0
    1296    793.6 |    3169.0 |    3169.0
    1297    796.1 |    3169.1 |    3169.1
    1298    798.5 |    3169.1 |    3169.1
    1299    799.5 |    3169.2 |    3169.2
    1300    800.2 |    3169.4 |    3169.4
    1301    807.4 |    3170.1 |    3170.1
    1302    808.0 |    3170.2 |    3170.2
    1303    808.2 |    3170.2 |    3170.2
    1304    808.6 |    3170.5 |    3170.5
    1305    808.8 |    3170.6 |    3170.6
    1306    808.9 |    3170.7 |    3170.7
    1307    811.5 |    3170.7 |    3170.7
    1308    812.3 |    3170.7 |    3170.7
    1309    813.9 |    3170.7 |    3170.7
    1310    814.0 |    3170.8 |    3170.8
    1311    814.0 |    3170.8 |    3170.8
    1312    814.8 |    3171.0 |    3171.0
    1313    815.2 |    3171.1 |    3171.1
    1314    815.3 |    3171.5 |    3171.5
    1315    815.3 |    3171.5 |    3171.5
    1316    815.5 |    3171.5 |    3171.5
    1317    816.0 |    3171.7 |    3171.7
    1318    816.1 |    3171.9 |    3171.9
    1319    816.2 |    3172.0 |    3172.0
    1320    816.4 |    3172.0 |    3172.0
    1321    816.5 |    3172.2 |    3172.2
    1322    816.7 |    3172.3 |    3172.3
    1323    816.7 |    3172.9 |    3172.9
    1324    816.8 |    3173.0 |    3173.0
    1325    817.1 |    3173.2 |    3173.2
    1326    817.2 |    3173.7 |    3173.7
    1327    817.6 |    3173.7 |    3173.7
    1328    817.9 |    3174.2 |    3174.2
    1329    818.2 |    3174.6 |    3174.6
    1330    818.5 |    3175.6 |    3175.6
    1331    818.6 |    3179.1 |    3179.1
    1332    819.5 |    3179.4 |    3179.4
    1333    820.1 |    3182.0 |    3182.0
    1334    820.2 |    3182.2 |    3182.2
    1335    820.2 |    3184.3 |    3184.3
    1336    820.2 |    3184.7 |    3184.7
    1337    820.4 |    3186.7 |    3186.7
    1338    820.6 |    3187.1 |    3187.1
    1339    820.6 |    3187.7 |    3187.7
    1340    821.0 |    3187.8 |    3187.8
    1341    821.0 |    3188.1 |    3188.1
    1342    821.2 |    3188.1 |    3188.1
    1343    821.3 |    3188.3 |    3188.3
    1344    821.4 |    3188.4 |    3188.4
    1345    821.4 |    3188.6 |    3188.6
    1346    821.6 |    3188.6 |    3188.6
    1347    821.7 |    3188.7 |    3188.7
    1348    821.9 |    3188.8 |    3188.8
    1349    822.1 |    3188.9 |    3188.9
    1350    822.1 |    3189.0 |    3189.0
    1351    822.2 |    3189.1 |    3189.1
    1352    822.2 |    3189.2 |    3189.2
    1353    822.5 |    3189.3 |    3189.3
    1354    823.0 |    3189.4 |    3189.4
    1355    823.2 |    3189.6 |    3189.6
    1356    823.2 |    3189.6 |    3189.6
    1357    823.3 |    3189.7 |    3189.7
    1358    823.4 |    3189.7 |    3189.7
    1359    823.5 |    3189.7 |    3189.7
    1360    823.6 |    3189.8 |    3189.8
    1361    823.6 |    3189.8 |    3189.8
    1362    823.7 |    3190.1 |    3190.1
    1363    823.9 |    3190.1 |    3190.1
    1364    823.9 |    3190.2 |    3190.2
    1365    824.1 |    3190.4 |    3190.4
    1366    824.3 |    3190.4 |    3190.4
    1367    826.3 |    3190.9 |    3190.9
    1368    838.2 |    3191.1 |    3191.1
    1369    845.5 |    3191.2 |    3191.2
    1370    845.7 |    3191.3 |    3191.3
    1371    846.8 |    3192.1 |    3192.1
    1372    847.1 |    3192.4 |    3192.4
    1373    847.5 |    3193.6 |    3193.6
    1374    848.7 |    3194.0 |    3194.0
    1375    849.0 |    3194.0 |    3194.0
    1376    849.6 |    3194.3 |    3194.3
    1377    849.9 |    3194.4 |    3194.4
    1378    850.3 |    3194.9 |    3194.9
    1379    852.0 |    3195.0 |    3195.0
    1380    852.4 |    3195.2 |    3195.2
    1381    852.7 |    3195.8 |    3195.8
    1382    852.8 |    3196.3 |    3196.3
    1383    853.1 |    3196.4 |    3196.4
    1384    853.2 |    3196.5 |    3196.5
    1385    853.3 |    3196.6 |    3196.6
    1386    853.3 |    3196.6 |    3196.6
    1387    853.4 |    3196.6 |    3196.6
    1388    853.8 |    3196.6 |    3196.6
    1389    853.8 |    3196.8 |    3196.8
    1390    854.0 |    3196.8 |    3196.8
    1391    854.0 |    3196.8 |    3196.8
    1392    854.1 |    3196.9 |    3196.9
    1393    854.2 |    3197.2 |    3197.2
    1394    854.2 |    3197.2 |    3197.2
    1395    854.5 |    3197.3 |    3197.3
    1396    854.5 |    3197.5 |    3197.5
    1397    854.6 |    3197.5 |    3197.5
    1398    854.7 |    3197.7 |    3197.7
    1399    855.0 |    3197.7 |    3197.7
    1400    855.0 |    3197.8 |    3197.8
    1401    855.1 |    3197.8 |    3197.8
    1402    855.6 |    3198.1 |    3198.1
    1403    855.9 |    3198.1 |    3198.1
    1404    856.2 |    3198.2 |    3198.2
    1405    856.3 |    3198.2 |    3198.2
    1406    856.4 |    3198.3 |    3198.3
    1407    856.8 |    3198.4 |    3198.4
    1408    857.1 |    3198.4 |    3198.4
    1409    857.4 |    3198.5 |    3198.5
    1410    858.7 |    3199.6 |    3199.6
    1411    858.8 |    3200.0 |    3200.0
    1412    859.4 |    3200.8 |    3200.8
    1413    859.4 |    3200.9 |    3200.9
    1414    859.5 |    3201.0 |    3201.0
    1415    860.1 |    3201.1 |    3201.1
    1416    860.2 |    3201.3 |    3201.3
    1417    861.5 |    3201.3 |    3201.3
    1418    861.6 |    3201.5 |    3201.5
    1419    861.9 |    3201.5 |    3201.5
    1420    862.1 |    3201.6 |    3201.6
    1421    863.5 |    3201.7 |    3201.7
    1422    863.5 |    3201.8 |    3201.8
    1423    863.7 |    3201.8 |    3201.8
    1424    864.2 |    3201.8 |    3201.8
    1425    864.5 |    3201.9 |    3201.9
    1426    864.7 |    3202.0 |    3202.0
    1427    866.2 |    3202.4 |    3202.4
    1428    866.5 |    3202.5 |    3202.5
    1429    866.7 |    3202.6 |    3202.6
    1430    867.8 |    3202.8 |    3202.8
    1431    867.9 |    3203.0 |    3203.0
    1432    869.1 |    3203.2 |    3203.2
    1433    869.8 |    3203.4 |    3203.4
    1434    870.1 |    3203.7 |    3203.7
    1435    870.7 |    3204.9 |    3204.9
    1436    870.9 |    3208.4 |    3208.4
    1437    871.4 |    3208.7 |    3208.7
    1438    871.4 |    3208.9 |    3208.9
    1439    871.5 |    3208.9 |    3208.9
    1440    872.1 |    3209.1 |    3209.1
    1441    872.7 |    3209.1 |    3209.1
    1442    872.9 |    3209.2 |    3209.2
    1443    873.0 |    3209.4 |    3209.4
    1444    873.5 |    3209.5 |    3209.5
    1445    874.0 |    3209.6 |    3209.6
    1446    874.6 |    3209.9 |    3209.9
    1447    875.7 |    3210.0 |    3210.0
    1448    876.0 |    3210.2 |    3210.2
    1449    876.8 |    3210.4 |    3210.4
    1450    876.9 |    3210.4 |    3210.4
    1451    879.7 |    3210.5 |    3210.5
    1452    880.2 |    3210.5 |    3210.5
    1453    881.2 |    3210.5 |    3210.5
    1454    882.7 |    3210.6 |    3210.6
    1455    882.9 |    3210.6 |    3210.6
    1456    883.1 |    3210.6 |    3210.6
    1457    884.2 |    3210.7 |    3210.7
    1458    885.1 |    3210.7 |    3210.7
    1459    888.1 |    3212.1 |    3212.1
    1460    889.7 |    3212.9 |    3212.9
    1461    889.8 |    3213.9 |    3213.9
    1462    890.5 |    3215.7 |    3215.7
    1463    891.3 |    3215.8 |    3215.8
    1464    891.5 |    3215.9 |    3215.9
    1465    891.7 |    3215.9 |    3215.9
    1466    893.3 |    3216.0 |    3216.0
    1467    893.7 |    3216.0 |    3216.0
    1468    895.5 |    3216.1 |    3216.1
    1469    897.9 |    3216.2 |    3216.2
    1470    898.4 |    3216.3 |    3216.3
    1471    898.9 |    3216.3 |    3216.3
    1472    899.0 |    3216.4 |    3216.4
    1473    899.5 |    3216.4 |    3216.4
    1474    899.6 |    3216.5 |    3216.5
    1475    899.7 |    3216.5 |    3216.5
    1476    899.9 |    3216.6 |    3216.6
    1477    900.2 |    3216.7 |    3216.7
    1478    900.7 |    3216.9 |    3216.9
    1479    900.7 |    3216.9 |    3216.9
    1480    901.9 |    3217.0 |    3217.0
    1481    902.6 |    3217.9 |    3217.9
    1482    903.6 |    3218.8 |    3218.8
    1483    904.5 |    3219.9 |    3219.9
    1484    908.8 |    3221.6 |    3221.6
    1485    909.2 |    3224.7 |    3224.7
    1486    909.6 |    3224.7 |    3224.7
    1487    910.6 |    3224.9 |    3224.9
    1488    911.3 |    3225.0 |    3225.0
    1489    911.7 |    3225.1 |    3225.1
    1490    913.5 |    3225.1 |    3225.1
    1491    914.8 |    3225.2 |    3225.2
    1492    915.9 |    3225.2 |    3225.2
    1493    918.8 |    3225.2 |    3225.2
    1494    919.3 |    3225.4 |    3225.4
    1495    920.4 |    3225.5 |    3225.5
    1496    920.7 |    3225.5 |    3225.5
    1497    920.8 |    3225.5 |    3225.5
    1498    920.9 |    3225.6 |    3225.6
    1499    920.9 |    3225.7 |    3225.7
    1500    921.1 |    3225.9 |    3225.9
    1501    921.3 |    3225.9 |    3225.9
    1502    921.5 |    3226.0 |    3226.0
    1503    921.6 |    3226.0 |    3226.0
    1504    921.7 |    3226.3 |    3226.3
    1505    922.2 |    3228.5 |    3228.5
    1506    922.5 |    3229.6 |    3229.6
    1507    922.8 |    3231.0 |    3231.0
    1508    923.3 |    3233.9 |    3233.9
    1509    923.3 |    3235.8 |    3235.8
    1510    923.4 |    3244.6 |    3244.6
    1511    924.3 |    3245.1 |    3245.1
    1512    925.7 |    3245.7 |    3245.7
    1513    926.1 |    3246.1 |    3246.1
    1514    926.1 |    3246.3 |    3246.3
    1515    926.7 |    3247.3 |    3247.3
    1516    926.8 |    3247.9 |    3247.9
    1517    927.3 |    3249.8 |    3249.8
    1518    927.5 |    3251.5 |    3251.5
    1519    928.0 |    3252.5 |    3252.5
    1520    928.7 |    3651.2 |    3651.2
    1521    941.0 |    3651.7 |    3651.7
    1522    944.8 |    3665.7 |    3665.7
    1523    949.2 |    3666.0 |    3666.0
    1524   1035.3 |    3666.2 |    3666.2
    1525   1042.7 |    3666.3 |    3666.3
    1526   1061.5 |    3666.6 |    3666.6
    1527   1061.8 |    3666.9 |    3666.9
  -------------------------------------------------------
    RMSD          |    1592.4 |    1592.4
     MAE          |    1262.3 |    1262.3
=========================================================



==========================================
  TIMING [JAX (gpu) + MM3 + JaxOpt L-BFGS]
==========================================
  Optimization S              1170.00 s
  Function Evaluations               37
  Per Evaluation S              31.62 s
==========================================


