
=============================================================
  SUMMARY [JAX (gpu) + MM3 + jaxopt:lbfgs]
=============================================================
  RMSD (cm⁻¹):       1592.4 → 106.0
  Score:             3879.418905 → 1086.917706  (+72.0%)
  Function evals:    53
  Wall time:         1025.0s
  Scipy converged:   False
  Scipy message:     Max iterations (200) reached (error=nan)
=============================================================



========================================================
  FREQUENCY PROGRESSION [JAX (gpu) + MM3 + jaxopt:lbfgs]
========================================================
    Mode   QM ref |   QFUERZA | Optimized
  ------------------------------------------------------
       1     50.4 |      51.1 |      51.0
       2     50.5 |      52.2 |      52.3
       3     51.1 |      53.0 |      52.5
       4     55.7 |      53.6 |      52.8
       5     56.1 |      54.2 |      53.0
       6     56.9 |      55.0 |      53.0
       7     57.1 |      55.7 |      53.0
       8     57.2 |      55.7 |      53.2
       9     57.2 |      56.2 |      54.5
      10     59.1 |      57.6 |      54.8
      11     59.1 |      58.2 |      54.8
      12     59.6 |      58.5 |      55.3
      13     59.7 |      58.9 |      55.6
      14     59.9 |      59.6 |      55.6
      15     60.0 |      60.5 |      55.7
      16     60.5 |      60.9 |      56.3
      17     60.9 |      61.3 |      56.6
      18     61.0 |      61.8 |      56.7
      19     61.4 |      62.2 |      57.4
      20     61.4 |      62.6 |      57.6
      21     61.5 |      63.3 |      57.7
      22     62.0 |      63.4 |      59.6
      23     62.0 |      63.5 |      60.1
      24     62.4 |      66.4 |      61.1
      25     63.6 |      68.0 |      66.2
      26     63.6 |      68.4 |      66.5
      27     63.6 |      68.7 |      66.6
      28     63.8 |      69.0 |      66.7
      29     63.8 |      69.7 |      66.8
      30     63.9 |      69.9 |      66.9
      31     64.0 |      70.1 |      67.2
      32     64.1 |      70.4 |      67.3
      33     64.2 |      73.2 |      68.5
      34     64.2 |      73.7 |      69.9
      35     64.2 |      73.8 |      70.1
      36     64.4 |      74.6 |      70.2
      37     64.6 |      74.6 |      71.0
      38     64.7 |      74.8 |      71.0
      39     64.8 |      75.4 |      71.9
      40     64.8 |      75.6 |      72.8
      41     65.2 |      76.3 |      73.1
      42     65.2 |      77.9 |      74.0
      43     65.2 |      78.5 |      74.5
      44     65.6 |      79.4 |      74.7
      45     65.6 |      79.7 |      75.6
      46     65.7 |      79.8 |      76.2
      47     65.7 |      79.8 |      76.5
      48     65.8 |      79.9 |      76.7
      49     65.9 |      82.3 |      76.9
      50     66.0 |      83.1 |      76.9
      51     66.1 |      83.5 |      77.8
      52     66.2 |      83.9 |      77.9
      53     66.2 |      83.9 |      78.0
      54     66.3 |      87.4 |      78.1
      55     66.4 |      88.3 |      78.6
      56     66.4 |      89.3 |      78.7
      57     66.6 |      92.0 |      78.9
      58     66.9 |      92.3 |      79.1
      59     66.9 |      92.4 |      79.3
      60     67.0 |      92.4 |      79.5
      61     67.1 |      93.4 |      79.8
      62     67.1 |      93.5 |      79.8
      63     67.1 |      95.8 |      80.2
      64     67.3 |      96.1 |      80.6
      65     67.3 |      98.8 |      80.7
      66     67.4 |     100.7 |      80.7
      67     67.4 |     101.6 |      81.1
      68     67.4 |     101.9 |      83.0
      69     67.9 |     102.1 |      84.1
      70     67.9 |     102.4 |      84.4
      71     67.9 |     103.0 |      84.5
      72     68.0 |     105.5 |      84.9
      73     68.0 |     106.6 |      86.4
      74     68.2 |     107.4 |      86.5
      75     68.2 |     107.7 |      88.2
      76     68.7 |     108.8 |      88.4
      77     69.1 |     109.8 |      88.8
      78     69.1 |     111.7 |      89.0
      79     69.2 |     111.8 |      89.2
      80     69.4 |     111.9 |      89.5
      81     70.4 |     113.5 |      90.5
      82     70.5 |     114.0 |      90.6
      83     70.6 |     115.5 |      93.1
      84     70.8 |     115.8 |      93.7
      85     70.9 |     117.5 |      93.7
      86     71.0 |     117.5 |      96.4
      87     71.1 |     117.8 |      98.9
      88     71.2 |     118.1 |      99.6
      89     71.5 |     118.2 |     100.1
      90     71.6 |     118.4 |     100.1
      91     71.6 |     118.7 |     100.9
      92     71.8 |     119.5 |     101.4
      93     71.9 |     119.8 |     102.8
      94     72.5 |     119.9 |     104.6
      95     73.0 |     120.1 |     106.8
      96     73.2 |     120.8 |     109.2
      97     73.3 |     120.9 |     111.4
      98     73.7 |     121.0 |     114.9
      99     73.7 |     121.5 |     116.2
     100     73.7 |     121.8 |     117.6
     101     73.9 |     121.8 |     119.1
     102     74.0 |     121.9 |     119.2
     103     74.3 |     122.9 |     120.1
     104     74.4 |     123.3 |     120.2
     105     74.8 |     123.3 |     120.3
     106     75.1 |     123.5 |     120.3
     107     79.3 |     124.2 |     120.5
     108     79.3 |     124.2 |     120.7
     109     79.4 |     126.1 |     121.2
     110     79.5 |     126.2 |     121.2
     111     79.6 |     126.4 |     121.4
     112     79.6 |     127.6 |     121.6
     113     79.8 |     129.2 |     121.7
     114     80.0 |     129.3 |     122.0
     115     80.3 |     129.6 |     122.7
     116     80.4 |     129.8 |     123.7
     117     85.4 |     129.9 |     124.2
     118     86.0 |     130.3 |     124.3
     119     86.3 |     131.0 |     124.4
     120     87.3 |     131.5 |     124.9
     121     87.4 |     132.5 |     125.1
     122     87.6 |     133.1 |     125.6
     123     87.8 |     135.2 |     125.8
     124     88.1 |     136.4 |     126.2
     125     88.2 |     136.9 |     126.4
     126     88.2 |     138.2 |     126.9
     127     88.3 |     138.2 |     127.6
     128     89.0 |     138.8 |     128.0
     129     89.0 |     139.5 |     128.1
     130     89.1 |     140.2 |     128.1
     131     89.6 |     141.4 |     128.5
     132     90.0 |     141.6 |     128.6
     133     90.6 |     142.2 |     128.8
     134     91.9 |     142.3 |     128.8
     135     91.9 |     142.4 |     129.5
     136     92.5 |     142.9 |     129.7
     137     93.0 |     143.0 |     130.0
     138     93.2 |     143.2 |     130.9
     139     93.3 |     143.8 |     131.5
     140     93.5 |     144.8 |     131.7
     141     93.8 |     144.9 |     132.1
     142     93.8 |     145.3 |     133.1
     143     94.1 |     147.0 |     133.6
     144     95.5 |     147.2 |     135.4
     145     96.2 |     147.3 |     135.7
     146     98.0 |     147.6 |     138.0
     147     98.1 |     148.2 |     138.6
     148     98.3 |     148.8 |     139.7
     149     98.3 |     148.8 |     140.7
     150     98.5 |     150.0 |     141.8
     151     98.8 |     150.1 |     142.0
     152     99.8 |     151.7 |     142.0
     153     99.9 |     151.7 |     142.7
     154     99.9 |     151.9 |     144.5
     155    100.0 |     152.3 |     144.8
     156    100.4 |     152.4 |     146.6
     157    100.5 |     153.0 |     147.3
     158    100.5 |     153.1 |     147.5
     159    101.9 |     153.4 |     148.4
     160    102.6 |     154.3 |     148.7
     161    102.8 |     154.7 |     148.8
     162    102.8 |     156.8 |     152.5
     163    103.1 |     157.1 |     153.6
     164    103.2 |     158.1 |     154.1
     165    106.1 |     158.4 |     155.5
     166    106.2 |     159.4 |     156.7
     167    107.5 |     159.5 |     158.6
     168    107.7 |     159.8 |     159.7
     169    107.8 |     160.0 |     159.9
     170    108.2 |     161.1 |     160.4
     171    108.4 |     162.1 |     161.4
     172    108.9 |     163.3 |     161.6
     173    108.9 |     163.7 |     163.3
     174    109.0 |     164.1 |     163.5
     175    109.0 |     164.2 |     163.6
     176    109.1 |     164.6 |     164.1
     177    109.3 |     165.6 |     164.4
     178    109.4 |     165.8 |     165.0
     179    109.4 |     166.1 |     165.0
     180    109.6 |     166.7 |     165.7
     181    109.9 |     166.9 |     166.1
     182    110.1 |     167.7 |     166.4
     183    111.1 |     168.1 |     166.6
     184    112.0 |     169.7 |     167.7
     185    112.5 |     170.0 |     167.7
     186    117.4 |     170.4 |     168.2
     187    117.6 |     171.1 |     168.8
     188    117.8 |     171.3 |     169.2
     189    117.9 |     171.7 |     169.5
     190    117.9 |     171.7 |     171.0
     191    118.0 |     172.1 |     172.5
     192    118.2 |     172.9 |     172.6
     193    118.3 |     173.5 |     172.9
     194    118.4 |     175.0 |     172.9
     195    118.7 |     175.1 |     173.2
     196    122.0 |     175.8 |     173.2
     197    122.5 |     176.8 |     173.3
     198    122.8 |     177.3 |     173.3
     199    122.8 |     177.8 |     173.3
     200    124.4 |     178.4 |     173.4
     201    124.9 |     178.8 |     173.4
     202    125.3 |     178.9 |     173.4
     203    125.4 |     179.6 |     173.4
     204    125.5 |     180.0 |     173.6
     205    126.3 |     180.7 |     173.7
     206    126.4 |     181.8 |     173.8
     207    126.5 |     182.1 |     173.9
     208    126.6 |     182.5 |     174.1
     209    126.7 |     182.8 |     174.2
     210    126.8 |     182.9 |     174.2
     211    127.0 |     183.1 |     174.2
     212    127.2 |     183.7 |     174.3
     213    127.2 |     183.7 |     174.3
     214    127.5 |     183.7 |     174.4
     215    129.3 |     184.4 |     174.4
     216    129.9 |     185.0 |     174.4
     217    130.0 |     185.9 |     174.7
     218    130.5 |     187.0 |     174.7
     219    131.1 |     187.5 |     175.1
     220    131.3 |     187.5 |     175.8
     221    131.3 |     187.8 |     176.1
     222    131.3 |     188.0 |     176.2
     223    131.3 |     188.6 |     176.2
     224    131.5 |     190.6 |     176.4
     225    131.5 |     193.1 |     176.7
     226    131.5 |     193.6 |     176.8
     227    131.6 |     193.9 |     176.8
     228    131.7 |     194.3 |     176.8
     229    131.7 |     195.6 |     176.9
     230    131.7 |     197.3 |     177.0
     231    131.8 |     197.6 |     177.0
     232    131.8 |     198.2 |     177.3
     233    131.8 |     199.6 |     177.4
     234    131.9 |     202.3 |     177.4
     235    132.0 |     202.4 |     177.4
     236    132.1 |     203.0 |     177.4
     237    132.1 |     207.2 |     177.5
     238    132.2 |     209.0 |     177.5
     239    132.3 |     209.3 |     177.6
     240    132.4 |     209.6 |     177.6
     241    132.8 |     209.6 |     177.7
     242    132.9 |     211.2 |     177.8
     243    133.2 |     212.0 |     177.9
     244    133.3 |     218.2 |     177.9
     245    133.6 |     221.0 |     177.9
     246    133.6 |     222.4 |     178.0
     247    133.7 |     222.6 |     178.0
     248    133.8 |     223.8 |     178.0
     249    133.8 |     224.8 |     178.0
     250    133.8 |     225.6 |     178.1
     251    133.9 |     226.3 |     178.1
     252    133.9 |     230.9 |     178.1
     253    134.0 |     233.1 |     178.2
     254    134.0 |     234.1 |     178.3
     255    134.1 |     236.1 |     178.5
     256    134.3 |     236.3 |     178.5
     257    134.4 |     236.5 |     178.6
     258    134.4 |     241.1 |     178.7
     259    134.5 |     241.5 |     178.7
     260    134.5 |     243.0 |     178.8
     261    134.5 |     243.8 |     178.9
     262    134.5 |     244.2 |     179.3
     263    134.7 |     245.3 |     179.4
     264    134.7 |     247.0 |     179.5
     265    134.7 |     248.5 |     179.6
     266    134.8 |     248.8 |     179.8
     267    134.9 |     249.2 |     180.1
     268    134.9 |     250.3 |     180.2
     269    135.0 |     250.4 |     180.3
     270    135.0 |     254.1 |     180.6
     271    135.2 |     260.6 |     180.9
     272    135.4 |     261.4 |     181.0
     273    135.5 |     262.4 |     181.1
     274    135.5 |     262.5 |     181.6
     275    135.6 |     263.8 |     182.3
     276    135.7 |     265.6 |     182.3
     277    135.7 |     265.7 |     182.6
     278    135.7 |     266.3 |     182.7
     279    135.7 |     266.3 |     182.7
     280    135.8 |     266.7 |     184.1
     281    135.9 |     268.0 |     184.3
     282    135.9 |     268.0 |     184.6
     283    136.0 |     269.3 |     188.3
     284    136.3 |     271.3 |     188.5
     285    136.3 |     273.5 |     189.0
     286    136.4 |     273.9 |     189.7
     287    136.4 |     277.3 |     190.1
     288    136.4 |     277.8 |     190.4
     289    136.6 |     277.8 |     190.7
     290    136.7 |     279.0 |     191.6
     291    137.3 |     279.4 |     191.8
     292    137.3 |     280.6 |     192.0
     293    137.4 |     281.1 |     193.5
     294    137.5 |     281.5 |     193.6
     295    137.6 |     282.1 |     193.8
     296    137.8 |     282.1 |     194.0
     297    138.0 |     286.3 |     194.1
     298    138.4 |     286.5 |     194.2
     299    138.7 |     286.7 |     194.4
     300    139.1 |     290.3 |     194.6
     301    139.4 |     290.3 |     194.6
     302    139.6 |     291.7 |     194.7
     303    142.1 |     292.8 |     194.8
     304    142.2 |     293.3 |     194.8
     305    142.5 |     294.3 |     194.9
     306    142.5 |     296.1 |     195.0
     307    142.7 |     296.5 |     195.5
     308    142.8 |     296.8 |     195.6
     309    142.9 |     297.7 |     196.0
     310    143.0 |     298.3 |     196.1
     311    143.1 |     300.4 |     196.2
     312    143.2 |     300.9 |     196.6
     313    143.5 |     301.9 |     197.6
     314    143.6 |     302.0 |     198.0
     315    145.5 |     303.2 |     198.7
     316    145.9 |     303.6 |     199.1
     317    146.1 |     308.6 |     199.3
     318    146.9 |     309.6 |     199.9
     319    146.9 |     310.2 |     200.0
     320    147.0 |     310.3 |     200.7
     321    147.0 |     311.2 |     200.9
     322    147.0 |     312.5 |     201.8
     323    147.1 |     313.0 |     201.8
     324    147.2 |     313.2 |     202.4
     325    147.3 |     313.7 |     202.5
     326    147.3 |     314.3 |     202.5
     327    147.3 |     314.5 |     202.6
     328    147.5 |     314.7 |     202.6
     329    147.5 |     314.8 |     202.7
     330    147.7 |     315.7 |     202.7
     331    147.7 |     317.6 |     202.8
     332    148.3 |     318.4 |     202.8
     333    148.7 |     318.5 |     202.9
     334    149.3 |     319.0 |     202.9
     335    151.0 |     319.3 |     203.0
     336    151.7 |     320.2 |     203.4
     337    152.1 |     320.3 |     203.4
     338    152.4 |     321.1 |     203.4
     339    153.9 |     323.3 |     203.4
     340    154.0 |     323.4 |     203.5
     341    154.4 |     324.0 |     203.5
     342    154.6 |     325.6 |     203.7
     343    154.8 |     326.4 |     203.7
     344    154.8 |     328.2 |     203.7
     345    154.9 |     329.4 |     203.8
     346    155.1 |     330.4 |     203.8
     347    155.2 |     330.8 |     204.0
     348    155.6 |     331.3 |     204.3
     349    156.0 |     332.7 |     204.4
     350    156.0 |     334.2 |     204.5
     351    156.4 |     335.7 |     205.2
     352    156.7 |     337.1 |     205.2
     353    156.9 |     338.0 |     205.5
     354    156.9 |     338.2 |     205.5
     355    157.6 |     340.5 |     206.3
     356    158.6 |     342.5 |     206.5
     357    158.6 |     342.7 |     206.6
     358    158.6 |     343.6 |     206.6
     359    159.4 |     345.7 |     206.7
     360    159.7 |     346.1 |     206.7
     361    159.8 |     346.9 |     206.8
     362    159.9 |     348.5 |     206.8
     363    160.5 |     349.5 |     206.9
     364    160.7 |     350.4 |     206.9
     365    162.2 |     351.0 |     206.9
     366    162.8 |     351.3 |     206.9
     367    162.8 |     352.5 |     206.9
     368    163.7 |     352.6 |     207.0
     369    163.9 |     353.6 |     207.0
     370    164.2 |     354.2 |     207.1
     371    164.3 |     357.3 |     207.1
     372    164.3 |     357.3 |     207.2
     373    165.4 |     361.4 |     207.2
     374    166.9 |     363.9 |     207.4
     375    171.8 |     366.2 |     207.4
     376    172.3 |     366.3 |     207.4
     377    174.6 |     366.6 |     207.4
     378    175.0 |     368.3 |     207.5
     379    176.7 |     368.4 |     207.5
     380    176.8 |     368.6 |     207.5
     381    177.0 |     368.8 |     207.7
     382    177.1 |     369.4 |     208.0
     383    177.2 |     369.4 |     208.5
     384    178.3 |     369.9 |     208.5
     385    178.5 |     371.4 |     209.0
     386    179.7 |     373.2 |     209.6
     387    182.0 |     374.1 |     209.6
     388    182.1 |     374.1 |     210.0
     389    182.1 |     374.8 |     210.7
     390    182.1 |     375.9 |     212.3
     391    182.1 |     376.4 |     215.9
     392    182.1 |     378.3 |     217.3
     393    182.1 |     378.5 |     217.9
     394    182.1 |     380.4 |     217.9
     395    182.1 |     380.8 |     218.0
     396    182.2 |     381.7 |     218.8
     397    182.2 |     382.1 |     219.7
     398    182.3 |     382.4 |     219.9
     399    182.3 |     382.5 |     220.1
     400    182.3 |     382.5 |     220.7
     401    182.4 |     383.4 |     220.8
     402    182.4 |     387.6 |     221.4
     403    182.5 |     389.7 |     221.4
     404    182.5 |     390.3 |     222.3
     405    182.5 |     391.0 |     224.7
     406    182.5 |     392.1 |     225.2
     407    182.5 |     397.2 |     225.3
     408    182.7 |     397.3 |     226.6
     409    182.8 |     398.4 |     226.7
     410    184.0 |     400.0 |     226.7
     411    184.3 |     402.3 |     227.3
     412    185.9 |     404.1 |     227.5
     413    186.0 |     411.4 |     228.0
     414    186.0 |     412.4 |     228.2
     415    186.1 |     413.0 |     228.2
     416    186.3 |     413.0 |     228.3
     417    186.4 |     415.4 |     228.4
     418    186.4 |     437.6 |     228.6
     419    186.5 |     438.0 |     228.8
     420    186.6 |     464.7 |     229.0
     421    186.6 |     466.5 |     229.2
     422    186.6 |     472.5 |     230.0
     423    186.7 |     473.6 |     230.9
     424    186.8 |     474.6 |     231.5
     425    186.8 |     476.3 |     231.6
     426    186.8 |     478.0 |     231.8
     427    186.8 |     478.7 |     233.5
     428    186.9 |     480.2 |     234.5
     429    186.9 |     480.5 |     234.5
     430    187.0 |     480.7 |     234.8
     431    187.2 |     482.0 |     235.5
     432    187.3 |     483.7 |     235.5
     433    187.4 |     484.1 |     235.9
     434    187.4 |     487.8 |     236.5
     435    187.5 |     488.3 |     238.4
     436    187.5 |     489.9 |     240.9
     437    187.5 |     491.2 |     241.8
     438    187.8 |     495.6 |     241.9
     439    188.7 |     497.7 |     243.6
     440    188.9 |     498.4 |     243.6
     441    190.2 |     500.7 |     244.1
     442    190.2 |     513.8 |     245.2
     443    190.5 |     515.1 |     245.3
     444    190.5 |     516.8 |     246.8
     445    190.6 |     517.8 |     246.9
     446    190.7 |     518.3 |     247.0
     447    190.8 |     530.7 |     247.1
     448    190.8 |     558.4 |     247.1
     449    190.8 |     559.5 |     247.2
     450    190.8 |     565.3 |     247.2
     451    190.8 |     565.5 |     247.3
     452    190.8 |     566.6 |     247.3
     453    190.9 |     567.2 |     247.3
     454    190.9 |     568.8 |     247.3
     455    191.0 |     572.6 |     247.3
     456    191.0 |     573.3 |     247.3
     457    191.1 |     579.5 |     247.3
     458    191.1 |     580.3 |     247.4
     459    191.1 |     580.8 |     247.4
     460    191.1 |     583.7 |     247.4
     461    191.2 |     584.4 |     247.4
     462    191.2 |     584.7 |     247.5
     463    191.2 |     584.7 |     247.5
     464    191.3 |     585.2 |     247.7
     465    191.3 |     585.4 |     247.9
     466    191.8 |     585.5 |     247.9
     467    191.8 |     587.0 |     248.1
     468    192.0 |     588.3 |     248.1
     469    198.4 |     592.0 |     248.6
     470    198.8 |     594.3 |     249.8
     471    201.7 |     601.9 |     250.3
     472    202.5 |     605.9 |     250.5
     473    202.7 |     622.4 |     250.5
     474    202.8 |     624.7 |     251.5
     475    202.8 |     627.2 |     255.0
     476    202.9 |     632.6 |     255.4
     477    203.2 |     645.4 |     255.5
     478    203.2 |     647.3 |     255.5
     479    203.3 |     681.6 |     255.5
     480    203.4 |     685.5 |     259.2
     481    203.4 |     687.2 |     259.4
     482    203.4 |     693.1 |     259.5
     483    203.4 |     693.1 |     259.6
     484    203.6 |     693.4 |     260.0
     485    204.1 |     693.8 |     260.1
     486    204.1 |     695.2 |     260.9
     487    204.1 |     699.9 |     260.9
     488    204.1 |     702.4 |     261.1
     489    204.2 |     703.0 |     261.1
     490    204.4 |     704.6 |     261.6
     491    204.9 |     710.4 |     261.8
     492    205.2 |     716.7 |     262.1
     493    205.2 |     719.4 |     262.5
     494    207.1 |     721.1 |     264.3
     495    207.2 |     724.7 |     265.8
     496    207.3 |     730.3 |     266.1
     497    207.3 |     731.7 |     266.5
     498    207.3 |     735.2 |     266.7
     499    207.3 |     737.6 |     267.5
     500    207.6 |     737.9 |     267.5
     501    207.6 |     738.7 |     267.5
     502    207.6 |     738.9 |     269.2
     503    207.6 |     740.8 |     269.2
     504    207.6 |     743.0 |     269.2
     505    207.7 |     751.6 |     269.5
     506    208.7 |     752.7 |     271.3
     507    209.0 |     763.2 |     271.6
     508    209.1 |     764.7 |     271.6
     509    209.2 |     771.4 |     272.0
     510    209.5 |     779.0 |     272.1
     511    210.4 |     802.2 |     273.2
     512    210.5 |     804.2 |     273.2
     513    210.5 |     806.8 |     273.5
     514    210.5 |     807.0 |     273.8
     515    210.5 |     807.3 |     273.9
     516    210.5 |     807.8 |     273.9
     517    210.7 |     807.9 |     274.0
     518    210.9 |     808.9 |     276.7
     519    211.0 |     809.2 |     276.8
     520    211.3 |     809.7 |     278.0
     521    211.3 |     809.9 |     278.4
     522    211.4 |     810.5 |     278.9
     523    211.6 |     810.6 |     279.2
     524    211.8 |     811.2 |     279.9
     525    211.8 |     811.3 |     280.1
     526    211.9 |     811.8 |     280.9
     527    211.9 |     812.1 |     281.6
     528    211.9 |     813.2 |     281.6
     529    212.0 |     816.1 |     281.6
     530    212.1 |     827.9 |     281.7
     531    212.1 |     828.8 |     281.8
     532    212.2 |     832.5 |     281.8
     533    212.3 |     835.5 |     281.9
     534    212.4 |     848.4 |     282.0
     535    212.5 |     859.9 |     282.0
     536    212.6 |     870.3 |     282.9
     537    212.8 |     881.4 |     282.9
     538    213.0 |     881.4 |     283.0
     539    213.3 |     889.6 |     283.2
     540    213.3 |     891.0 |     283.3
     541    213.5 |     922.4 |     283.5
     542    213.6 |     924.4 |     283.5
     543    213.7 |     925.1 |     283.7
     544    213.8 |     925.3 |     283.7
     545    214.1 |     925.6 |     283.8
     546    216.9 |     925.9 |     283.8
     547    216.9 |     927.0 |     284.0
     548    216.9 |     927.2 |     284.1
     549    217.0 |     927.5 |     284.2
     550    217.0 |     927.5 |     284.4
     551    217.2 |     927.6 |     284.5
     552    217.4 |     929.2 |     284.6
     553    217.4 |     931.6 |     284.7
     554    217.4 |     931.9 |     284.7
     555    217.4 |     932.0 |     284.8
     556    217.6 |     932.8 |     284.9
     557    219.2 |     942.2 |     285.0
     558    223.8 |     942.6 |     285.2
     559    224.4 |     948.3 |     285.2
     560    224.4 |     949.2 |     285.5
     561    225.1 |     952.6 |     285.5
     562    226.5 |     952.9 |     286.2
     563    226.7 |     953.7 |     286.3
     564    227.4 |     962.9 |     286.9
     565    227.8 |     963.4 |     286.9
     566    227.9 |     976.2 |     286.9
     567    227.9 |     977.3 |     287.3
     568    228.0 |     979.2 |     287.5
     569    228.0 |     985.4 |     287.6
     570    228.0 |     986.0 |     287.9
     571    228.9 |     986.1 |     288.1
     572    229.0 |     988.5 |     288.3
     573    229.1 |     994.8 |     288.4
     574    229.1 |     996.5 |     288.4
     575    229.1 |    1004.1 |     288.8
     576    229.2 |    1013.6 |     289.4
     577    229.3 |    1015.8 |     289.9
     578    229.3 |    1028.0 |     290.2
     579    229.3 |    1030.9 |     290.3
     580    229.5 |    1031.6 |     290.3
     581    229.6 |    1032.2 |     290.7
     582    229.8 |    1033.0 |     290.7
     583    229.8 |    1033.1 |     290.8
     584    230.1 |    1033.4 |     291.3
     585    230.3 |    1037.9 |     291.4
     586    230.6 |    1037.9 |     291.5
     587    230.6 |    1038.1 |     292.6
     588    230.7 |    1038.1 |     292.6
     589    230.7 |    1038.6 |     292.6
     590    230.9 |    1047.9 |     292.6
     591    231.3 |    1070.1 |     292.6
     592    231.4 |    1071.3 |     292.6
     593    231.5 |    1076.0 |     292.7
     594    232.6 |    1077.5 |     292.7
     595    234.4 |    1078.8 |     293.0
     596    239.3 |    1081.8 |     293.3
     597    239.3 |    1092.0 |     293.6
     598    239.5 |    1103.5 |     293.9
     599    239.6 |    1119.5 |     295.6
     600    239.6 |    1121.3 |     299.2
     601    239.8 |    1123.4 |     299.2
     602    239.9 |    1123.6 |     302.1
     603    240.7 |    1124.6 |     302.6
     604    244.7 |    1125.4 |     303.0
     605    245.3 |    1126.0 |     304.0
     606    249.9 |    1126.5 |     304.7
     607    251.8 |    1127.1 |     304.8
     608    251.9 |    1128.3 |     304.8
     609    253.7 |    1131.5 |     304.8
     610    255.2 |    1133.5 |     305.0
     611    256.8 |    1141.6 |     305.0
     612    256.8 |    1151.6 |     305.2
     613    258.1 |    1151.7 |     305.5
     614    258.3 |    1152.0 |     305.5
     615    258.6 |    1152.1 |     305.7
     616    258.8 |    1153.4 |     305.7
     617    258.9 |    1154.1 |     305.7
     618    259.2 |    1154.5 |     305.8
     619    259.3 |    1154.6 |     305.9
     620    259.6 |    1154.7 |     305.9
     621    259.6 |    1155.7 |     306.0
     622    259.8 |    1156.6 |     306.0
     623    259.8 |    1156.6 |     306.0
     624    260.0 |    1156.9 |     306.1
     625    260.1 |    1157.0 |     306.1
     626    260.1 |    1157.0 |     306.1
     627    260.3 |    1157.2 |     306.2
     628    260.4 |    1157.4 |     306.5
     629    260.4 |    1157.6 |     306.6
     630    260.5 |    1157.7 |     306.6
     631    260.5 |    1157.8 |     306.7
     632    260.7 |    1163.4 |     306.7
     633    260.9 |    1165.2 |     306.7
     634    261.0 |    1165.3 |     306.7
     635    261.6 |    1167.7 |     306.7
     636    262.2 |    1168.7 |     306.8
     637    264.5 |    1177.9 |     306.8
     638    264.6 |    1179.5 |     307.1
     639    267.8 |    1181.3 |     307.1
     640    268.6 |    1185.4 |     307.2
     641    269.8 |    1188.9 |     307.2
     642    273.4 |    1189.8 |     307.3
     643    274.2 |    1189.8 |     307.4
     644    274.3 |    1189.9 |     310.3
     645    274.8 |    1195.1 |     310.8
     646    275.1 |    1201.7 |     311.2
     647    275.3 |    1201.7 |     311.2
     648    275.7 |    1202.2 |     311.2
     649    277.1 |    1202.3 |     311.6
     650    277.5 |    1202.8 |     311.6
     651    277.8 |    1202.8 |     311.8
     652    277.8 |    1202.8 |     311.8
     653    277.9 |    1202.9 |     311.8
     654    278.1 |    1202.9 |     311.8
     655    278.1 |    1202.9 |     311.9
     656    278.2 |    1203.0 |     312.0
     657    278.3 |    1203.1 |     312.1
     658    278.5 |    1203.2 |     312.1
     659    279.0 |    1203.2 |     312.2
     660    279.1 |    1203.2 |     312.3
     661    279.2 |    1203.8 |     312.3
     662    279.4 |    1203.8 |     312.3
     663    279.5 |    1204.1 |     312.3
     664    279.6 |    1204.1 |     312.4
     665    279.6 |    1204.2 |     312.7
     666    279.7 |    1205.1 |     312.8
     667    280.9 |    1205.7 |     312.9
     668    281.0 |    1206.7 |     313.8
     669    281.2 |    1207.0 |     314.7
     670    281.4 |    1207.7 |     315.3
     671    283.1 |    1209.7 |     317.2
     672    284.8 |    1210.6 |     317.3
     673    285.2 |    1211.0 |     317.3
     674    285.4 |    1211.2 |     317.4
     675    285.9 |    1211.9 |     317.4
     676    286.2 |    1215.8 |     317.4
     677    286.3 |    1218.8 |     317.7
     678    288.1 |    1221.7 |     317.7
     679    290.2 |    1222.0 |     317.7
     680    290.6 |    1235.4 |     317.8
     681    290.7 |    1238.6 |     318.0
     682    290.7 |    1239.7 |     318.1
     683    290.7 |    1241.9 |     318.1
     684    290.7 |    1244.2 |     318.2
     685    290.8 |    1247.4 |     318.2
     686    291.0 |    1248.5 |     318.2
     687    291.1 |    1248.8 |     318.2
     688    291.2 |    1249.0 |     318.3
     689    291.2 |    1249.1 |     318.3
     690    291.2 |    1249.1 |     318.3
     691    291.2 |    1249.1 |     318.4
     692    291.5 |    1249.2 |     321.2
     693    291.5 |    1249.2 |     323.1
     694    291.6 |    1249.3 |     327.1
     695    291.9 |    1249.4 |     327.5
     696    291.9 |    1249.6 |     329.4
     697    291.9 |    1250.1 |     331.1
     698    291.9 |    1250.3 |     332.0
     699    291.9 |    1250.8 |     332.1
     700    291.9 |    1250.8 |     332.3
     701    292.0 |    1250.9 |     332.4
     702    292.5 |    1250.9 |     332.8
     703    292.8 |    1251.0 |     333.1
     704    293.1 |    1251.1 |     333.2
     705    293.8 |    1251.5 |     333.5
     706    293.9 |    1252.5 |     333.5
     707    294.0 |    1257.2 |     333.6
     708    294.6 |    1272.7 |     334.4
     709    294.8 |    1274.9 |     336.3
     710    295.2 |    1276.0 |     337.6
     711    295.5 |    1277.9 |     341.6
     712    295.5 |    1287.7 |     341.6
     713    295.6 |    1287.9 |     341.8
     714    295.6 |    1289.3 |     341.8
     715    295.6 |    1291.0 |     341.8
     716    295.6 |    1359.0 |     341.8
     717    295.6 |    1362.5 |     341.9
     718    295.7 |    1390.9 |     341.9
     719    295.7 |    1393.0 |     341.9
     720    295.7 |    1394.7 |     341.9
     721    295.7 |    1395.0 |     342.0
     722    295.9 |    1395.2 |     342.5
     723    295.9 |    1396.0 |     343.1
     724    295.9 |    1396.1 |     343.6
     725    295.9 |    1396.4 |     343.6
     726    296.0 |    1396.4 |     343.8
     727    296.2 |    1396.6 |     344.0
     728    296.3 |    1396.6 |     344.0
     729    296.6 |    1396.7 |     344.5
     730    296.6 |    1396.8 |     344.6
     731    297.0 |    1396.9 |     344.7
     732    297.0 |    1397.4 |     345.1
     733    297.3 |    1397.9 |     345.1
     734    297.6 |    1398.6 |     345.2
     735    298.4 |    1398.6 |     345.4
     736    298.5 |    1398.8 |     345.4
     737    298.5 |    1399.0 |     345.6
     738    298.7 |    1399.4 |     345.8
     739    298.7 |    1399.6 |     345.9
     740    299.2 |    1399.8 |     345.9
     741    301.3 |    1408.2 |     345.9
     742    301.5 |    1411.1 |     346.2
     743    301.9 |    1412.3 |     346.2
     744    302.9 |    1412.5 |     346.2
     745    303.1 |    1413.0 |     346.5
     746    303.1 |    1413.2 |     346.5
     747    303.2 |    1413.3 |     346.7
     748    303.3 |    1413.6 |     346.7
     749    304.1 |    1413.6 |     346.8
     750    304.2 |    1414.4 |     346.9
     751    304.2 |    1414.7 |     347.0
     752    304.3 |    1414.8 |     347.2
     753    304.3 |    1415.3 |     347.4
     754    304.7 |    1415.8 |     347.9
     755    304.7 |    1416.2 |     350.7
     756    304.8 |    1416.2 |     351.0
     757    304.8 |    1416.7 |     351.8
     758    304.9 |    1417.0 |     353.3
     759    304.9 |    1417.2 |     353.8
     760    305.0 |    1417.4 |     353.9
     761    305.1 |    1417.8 |     354.4
     762    305.3 |    1434.1 |     355.1
     763    305.5 |    1434.2 |     356.2
     764    305.8 |    1434.7 |     356.2
     765    305.8 |    1435.9 |     356.5
     766    306.1 |    1436.1 |     357.5
     767    306.5 |    1436.3 |     358.0
     768    306.5 |    1436.9 |     358.0
     769    306.5 |    1436.9 |     358.4
     770    306.7 |    1437.0 |     358.7
     771    306.7 |    1437.1 |     359.9
     772    306.8 |    1437.3 |     360.0
     773    307.0 |    1437.4 |     360.7
     774    307.1 |    1437.4 |     360.9
     775    307.2 |    1437.5 |     361.1
     776    307.2 |    1437.6 |     366.3
     777    307.3 |    1437.8 |     366.5
     778    307.3 |    1437.9 |     370.6
     779    307.3 |    1438.5 |     374.3
     780    307.4 |    1438.6 |     376.1
     781    307.4 |    1439.1 |     376.7
     782    307.4 |    1439.8 |     382.0
     783    307.4 |    1440.8 |     382.2
     784    307.5 |    1441.3 |     382.2
     785    307.5 |    1442.9 |     383.9
     786    307.5 |    1443.2 |     386.2
     787    307.5 |    1443.7 |     386.4
     788    307.9 |    1443.8 |     388.5
     789    308.2 |    1443.9 |     388.6
     790    308.4 |    1444.0 |     388.7
     791    308.4 |    1444.0 |     388.7
     792    308.5 |    1444.2 |     388.7
     793    308.5 |    1444.4 |     388.8
     794    308.7 |    1444.5 |     388.8
     795    308.8 |    1444.5 |     388.8
     796    310.5 |    1444.7 |     388.9
     797    312.0 |    1444.8 |     388.9
     798    313.5 |    1444.8 |     389.4
     799    313.6 |    1444.9 |     389.7
     800    313.6 |    1445.1 |     389.8
     801    313.7 |    1445.2 |     390.0
     802    313.8 |    1445.6 |     390.4
     803    313.9 |    1445.7 |     391.3
     804    314.0 |    1445.7 |     391.3
     805    314.4 |    1445.7 |     392.0
     806    314.7 |    1445.8 |     392.1
     807    314.7 |    1446.4 |     392.1
     808    314.8 |    1511.3 |     392.5
     809    314.9 |    1516.1 |     394.5
     810    315.0 |    1594.4 |     394.8
     811    315.1 |    1595.8 |     394.9
     812    315.1 |    1602.6 |     394.9
     813    315.2 |    1605.3 |     396.4
     814    315.4 |    1605.5 |     396.5
     815    315.6 |    1607.3 |     397.8
     816    315.7 |    1607.7 |     398.1
     817    315.8 |    1608.7 |     398.2
     818    315.9 |    1612.9 |     411.1
     819    315.9 |    1621.8 |     421.2
     820    321.1 |    1645.4 |     423.9
     821    321.2 |    1651.1 |     424.9
     822    321.8 |    1656.0 |     428.2
     823    322.5 |    1658.0 |     428.4
     824    329.0 |    1682.4 |     428.6
     825    329.0 |    1683.1 |     428.7
     826    329.3 |    1685.5 |     429.0
     827    329.9 |    1686.4 |     429.1
     828    330.1 |    1687.3 |     429.3
     829    330.2 |    1688.3 |     429.3
     830    330.3 |    1689.0 |     429.3
     831    330.5 |    1689.1 |     429.5
     832    330.6 |    1689.2 |     430.1
     833    330.6 |    1689.6 |     430.2
     834    330.6 |    1690.2 |     432.3
     835    330.7 |    1692.1 |     433.7
     836    330.7 |    1692.3 |     434.9
     837    330.8 |    1693.3 |     435.6
     838    331.0 |    1694.2 |     441.3
     839    331.1 |    1694.7 |     441.9
     840    331.1 |    1694.9 |     441.9
     841    331.2 |    1695.5 |     442.3
     842    331.3 |    1696.7 |     444.0
     843    331.3 |    1697.3 |     444.3
     844    331.4 |    1697.6 |     444.4
     845    331.4 |    1697.9 |     444.6
     846    331.4 |    1698.2 |     444.6
     847    331.5 |    1698.3 |     444.7
     848    331.6 |    1698.7 |     445.3
     849    331.6 |    1698.8 |     445.4
     850    331.7 |    1698.8 |     445.4
     851    331.7 |    1700.1 |     445.8
     852    331.7 |    1705.5 |     445.9
     853    331.8 |    1711.1 |     446.9
     854    333.3 |    1713.0 |     447.1
     855    334.3 |    1723.5 |     447.6
     856    334.5 |    1855.7 |     447.9
     857    335.6 |    1860.3 |     448.2
     858    335.8 |    1860.3 |     448.3
     859    337.4 |    1861.5 |     448.5
     860    337.9 |    1861.6 |     448.7
     861    339.4 |    1864.1 |     448.7
     862    339.7 |    1864.1 |     448.9
     863    340.4 |    1864.4 |     448.9
     864    340.5 |    1864.9 |     449.0
     865    340.6 |    1865.1 |     449.0
     866    341.0 |    1865.4 |     449.1
     867    341.1 |    1865.8 |     449.2
     868    341.2 |    1865.9 |     449.4
     869    341.5 |    1865.9 |     449.7
     870    342.0 |    1865.9 |     449.7
     871    342.2 |    1866.3 |     451.3
     872    342.3 |    1866.6 |     451.9
     873    342.6 |    1867.0 |     453.2
     874    343.1 |    1867.3 |     453.6
     875    343.8 |    1867.5 |     454.0
     876    343.8 |    1867.6 |     454.1
     877    344.0 |    1867.7 |     454.8
     878    344.1 |    1867.7 |     455.1
     879    344.2 |    1867.7 |     456.3
     880    344.6 |    1867.9 |     456.9
     881    347.6 |    1868.4 |     457.4
     882    347.9 |    1869.2 |     458.1
     883    351.2 |    1869.2 |     459.3
     884    352.4 |    1869.7 |     459.4
     885    352.7 |    1870.6 |     459.9
     886    352.9 |    1870.9 |     460.0
     887    354.6 |    1871.0 |     460.4
     888    361.4 |    1872.3 |     461.1
     889    362.0 |    1873.1 |     461.4
     890    362.2 |    1873.6 |     462.5
     891    362.3 |    1874.3 |     462.6
     892    362.4 |    1874.3 |     463.6
     893    362.4 |    1874.3 |     464.9
     894    362.5 |    1874.4 |     465.2
     895    362.6 |    1874.4 |     465.6
     896    362.6 |    1874.5 |     466.1
     897    362.6 |    1874.5 |     467.2
     898    362.6 |    1874.7 |     470.0
     899    362.7 |    1874.8 |     472.2
     900    362.7 |    1876.8 |     472.5
     901    362.8 |    1877.3 |     472.7
     902    362.8 |    1877.4 |     473.9
     903    362.9 |    1877.5 |     474.1
     904    362.9 |    1877.6 |     475.7
     905    363.0 |    1877.6 |     486.8
     906    363.0 |    1877.9 |     495.8
     907    363.0 |    1878.3 |     496.3
     908    363.1 |    1878.5 |     496.3
     909    363.2 |    1878.7 |     498.8
     910    363.2 |    1879.0 |     499.7
     911    363.2 |    1879.2 |     503.1
     912    363.2 |    1879.2 |     505.5
     913    363.2 |    1879.6 |     506.0
     914    363.3 |    1879.7 |     512.6
     915    363.3 |    1880.4 |     514.6
     916    363.3 |    1880.9 |     515.3
     917    363.4 |    1881.1 |     515.9
     918    363.4 |    1881.1 |     518.2
     919    363.5 |    1881.2 |     518.5
     920    363.5 |    1881.5 |     524.7
     921    363.6 |    1882.5 |     525.2
     922    364.1 |    1882.8 |     527.8
     923    364.3 |    1883.1 |     528.2
     924    364.4 |    1890.6 |     532.8
     925    364.6 |    1925.9 |     533.3
     926    364.7 |    1927.2 |     533.8
     927    364.7 |    1927.5 |     534.4
     928    364.8 |    1927.7 |     534.9
     929    364.9 |    1927.9 |     536.3
     930    364.9 |    1928.0 |     536.7
     931    365.0 |    1928.1 |     537.3
     932    365.3 |    1928.2 |     537.5
     933    365.6 |    1928.3 |     539.4
     934    374.8 |    1928.4 |     540.8
     935    374.9 |    1928.4 |     541.3
     936    375.3 |    1928.6 |     541.7
     937    375.3 |    1928.8 |     542.3
     938    375.4 |    1928.8 |     544.4
     939    375.4 |    1929.4 |     545.3
     940    375.5 |    1929.7 |     545.6
     941    375.5 |    1929.8 |     546.7
     942    375.6 |    1929.9 |     548.0
     943    375.6 |    1930.1 |     548.5
     944    375.7 |    1930.5 |     549.7
     945    375.7 |    1930.7 |     550.8
     946    375.8 |    1941.9 |     550.8
     947    375.9 |    1943.1 |     551.2
     948    376.0 |    2076.5 |     553.1
     949    376.0 |    2077.3 |     554.5
     950    376.0 |    2077.9 |     555.2
     951    376.0 |    2078.1 |     569.6
     952    376.1 |    2079.2 |     570.7
     953    376.1 |    2079.6 |     573.0
     954    376.1 |    2079.8 |     573.1
     955    376.1 |    2080.1 |     573.4
     956    376.2 |    2080.2 |     573.6
     957    377.6 |    2080.2 |     574.5
     958    377.6 |    2080.3 |     575.5
     959    377.7 |    2080.3 |     575.9
     960    377.7 |    2080.4 |     576.0
     961    377.8 |    2081.1 |     576.6
     962    377.8 |    2081.5 |     576.7
     963    377.9 |    2081.6 |     576.8
     964    377.9 |    2083.0 |     576.8
     965    378.0 |    2083.2 |     577.0
     966    378.0 |    2083.3 |     577.2
     967    378.0 |    2083.3 |     577.2
     968    378.1 |    2083.3 |     577.3
     969    378.1 |    2083.8 |     577.3
     970    378.1 |    2084.0 |     577.4
     971    378.1 |    2099.6 |     577.4
     972    378.2 |    2099.6 |     577.7
     973    378.2 |    2099.7 |     577.9
     974    378.3 |    2099.8 |     578.4
     975    378.4 |    2099.9 |     578.6
     976    378.4 |    2100.0 |     579.2
     977    378.4 |    2100.1 |     580.4
     978    381.9 |    2100.2 |     581.1
     979    383.0 |    2100.5 |     581.4
     980    387.7 |    2100.6 |     581.4
     981    387.8 |    2100.7 |     581.5
     982    387.9 |    2100.8 |     581.5
     983    388.0 |    2101.1 |     582.0
     984    388.0 |    2101.1 |     582.1
     985    388.1 |    2101.4 |     582.2
     986    388.1 |    2102.1 |     582.5
     987    388.2 |    2102.1 |     582.8
     988    388.2 |    2102.3 |     582.9
     989    388.3 |    2102.4 |     583.2
     990    388.3 |    2102.6 |     583.6
     991    388.3 |    2103.0 |     583.7
     992    388.3 |    2104.9 |     583.7
     993    388.4 |    2105.1 |     584.3
     994    388.4 |    2105.8 |     584.3
     995    388.5 |    2106.0 |     584.5
     996    388.9 |    2107.8 |     585.0
     997    388.9 |    2109.4 |     585.0
     998    388.9 |    2109.7 |     585.1
     999    389.0 |    2109.9 |     585.3
    1000    389.0 |    2110.5 |     585.8
    1001    389.1 |    2111.7 |     587.0
    1002    389.2 |    2112.6 |     589.6
    1003    389.2 |    2112.6 |     594.5
    1004    389.3 |    2113.4 |     606.6
    1005    389.3 |    2114.2 |     611.6
    1006    389.4 |    2114.5 |     611.8
    1007    389.6 |    2115.0 |     612.1
    1008    390.0 |    2121.0 |     614.0
    1009    390.1 |    2121.1 |     614.0
    1010    390.2 |    2128.1 |     620.0
    1011    390.2 |    2129.0 |     626.5
    1012    390.2 |    2129.1 |     628.3
    1013    390.5 |    2129.3 |     629.1
    1014    390.5 |    2129.5 |     629.5
    1015    390.5 |    2131.2 |     629.9
    1016    390.5 |    2137.0 |     630.0
    1017    390.6 |    2962.3 |     630.1
    1018    390.6 |    2965.2 |     630.2
    1019    390.6 |    2966.8 |     630.3
    1020    390.6 |    2967.5 |     630.3
    1021    390.7 |    2970.8 |     630.3
    1022    390.7 |    2975.9 |     630.3
    1023    390.8 |    2976.8 |     630.4
    1024    390.8 |    2985.8 |     630.4
    1025    390.8 |    2987.5 |     630.5
    1026    390.9 |    2988.9 |     630.6
    1027    390.9 |    2989.3 |     630.7
    1028    391.0 |    2990.6 |     630.7
    1029    391.1 |    2990.8 |     630.8
    1030    391.1 |    2992.4 |     630.8
    1031    391.2 |    2992.4 |     631.0
    1032    391.4 |    2993.0 |     631.1
    1033    392.8 |    2994.5 |     631.4
    1034    393.1 |    2995.3 |     631.4
    1035    393.3 |    2995.5 |     631.5
    1036    398.8 |    2995.8 |     632.6
    1037    399.4 |    2996.1 |     632.8
    1038    399.4 |    2998.3 |     633.7
    1039    399.5 |    2999.8 |     633.9
    1040    399.6 |    2999.9 |     633.9
    1041    400.0 |    3000.2 |     634.0
    1042    400.3 |    3000.4 |     634.3
    1043    400.6 |    3000.6 |     634.5
    1044    402.5 |    3000.7 |     634.6
    1045    404.1 |    3001.2 |     634.8
    1046    404.2 |    3003.1 |     637.2
    1047    404.7 |    3003.9 |     637.6
    1048    404.8 |    3004.7 |     639.9
    1049    406.6 |    3004.7 |     642.7
    1050    407.4 |    3005.0 |     643.9
    1051    421.9 |    3005.7 |     644.5
    1052    422.1 |    3008.0 |     644.9
    1053    422.2 |    3008.4 |     646.5
    1054    422.4 |    3009.2 |     647.3
    1055    422.4 |    3010.2 |     649.9
    1056    422.6 |    3011.5 |     651.5
    1057    422.9 |    3012.2 |     652.8
    1058    423.0 |    3012.4 |     652.9
    1059    423.1 |    3012.4 |     652.9
    1060    423.1 |    3013.2 |     653.1
    1061    423.3 |    3013.2 |     653.2
    1062    423.3 |    3014.2 |     653.3
    1063    423.3 |    3014.5 |     653.4
    1064    423.5 |    3014.8 |     653.7
    1065    423.6 |    3016.0 |     654.0
    1066    423.7 |    3020.9 |     654.1
    1067    423.7 |    3021.8 |     655.1
    1068    423.8 |    3025.6 |     655.2
    1069    424.0 |    3026.4 |     656.2
    1070    424.2 |    3027.1 |     656.5
    1071    424.3 |    3027.7 |     656.7
    1072    427.4 |    3029.0 |     657.3
    1073    427.7 |    3031.8 |     657.4
    1074    452.7 |    3034.7 |     657.8
    1075    453.1 |    3034.8 |     658.0
    1076    453.4 |    3035.3 |     658.2
    1077    453.5 |    3042.1 |     658.6
    1078    453.5 |    3049.2 |     659.0
    1079    453.6 |    3050.2 |     659.7
    1080    453.6 |    3051.2 |     660.0
    1081    453.7 |    3052.3 |     660.4
    1082    453.7 |    3053.0 |     660.6
    1083    453.7 |    3053.1 |     660.8
    1084    453.7 |    3054.4 |     661.0
    1085    453.7 |    3054.9 |     661.7
    1086    453.7 |    3055.9 |     662.1
    1087    453.7 |    3056.1 |     662.3
    1088    453.8 |    3056.3 |     663.3
    1089    453.8 |    3056.7 |     663.5
    1090    453.9 |    3057.2 |     664.3
    1091    453.9 |    3057.3 |     665.9
    1092    453.9 |    3057.6 |     666.8
    1093    453.9 |    3057.7 |     667.4
    1094    453.9 |    3057.8 |     668.4
    1095    453.9 |    3058.1 |     669.1
    1096    454.0 |    3058.8 |     670.5
    1097    458.2 |    3059.0 |     670.6
    1098    458.7 |    3059.1 |     670.9
    1099    458.7 |    3059.1 |     672.1
    1100    458.8 |    3060.2 |     672.2
    1101    458.8 |    3064.5 |     673.1
    1102    458.8 |    3068.9 |     674.4
    1103    458.8 |    3072.3 |     675.4
    1104    458.8 |    3074.0 |     677.0
    1105    458.9 |    3077.3 |     677.3
    1106    458.9 |    3078.8 |     677.5
    1107    458.9 |    3079.5 |     677.9
    1108    458.9 |    3079.8 |     678.0
    1109    458.9 |    3079.9 |     678.8
    1110    459.0 |    3080.4 |     680.8
    1111    459.0 |    3080.5 |     682.9
    1112    459.0 |    3082.7 |     683.2
    1113    459.0 |    3083.2 |     683.4
    1114    459.0 |    3083.7 |     684.6
    1115    459.0 |    3083.8 |     686.9
    1116    459.1 |    3084.4 |     687.7
    1117    459.2 |    3084.8 |     688.3
    1118    459.3 |    3087.6 |     688.4
    1119    459.3 |    3088.6 |     688.5
    1120    459.5 |    3088.6 |     689.4
    1121    459.5 |    3089.3 |     689.9
    1122    459.6 |    3089.4 |     690.1
    1123    460.0 |    3091.3 |     690.2
    1124    460.2 |    3091.5 |     690.4
    1125    460.4 |    3092.1 |     690.9
    1126    460.5 |    3092.5 |     691.4
    1127    460.5 |    3092.6 |     691.7
    1128    460.5 |    3093.2 |     694.6
    1129    460.5 |    3093.9 |     694.7
    1130    460.6 |    3093.9 |     694.7
    1131    460.6 |    3094.0 |     697.3
    1132    460.6 |    3094.0 |     698.8
    1133    460.6 |    3094.2 |     700.8
    1134    460.8 |    3094.2 |     700.9
    1135    460.9 |    3094.3 |     701.1
    1136    461.0 |    3094.5 |     701.3
    1137    461.3 |    3094.8 |     702.8
    1138    461.4 |    3095.1 |     703.7
    1139    461.4 |    3095.3 |     704.1
    1140    461.7 |    3095.3 |     704.3
    1141    462.5 |    3096.0 |     704.3
    1142    462.5 |    3096.0 |     704.4
    1143    462.5 |    3096.0 |     705.3
    1144    462.8 |    3096.1 |     705.4
    1145    462.9 |    3096.2 |     705.5
    1146    463.0 |    3096.5 |     705.6
    1147    463.0 |    3096.6 |     705.6
    1148    463.0 |    3096.8 |     705.7
    1149    463.0 |    3096.8 |     705.8
    1150    463.1 |    3096.9 |     705.9
    1151    463.2 |    3097.0 |     705.9
    1152    463.2 |    3098.0 |     705.9
    1153    463.2 |    3098.1 |     706.0
    1154    463.7 |    3099.0 |     706.0
    1155    463.8 |    3100.0 |     706.0
    1156    463.9 |    3100.6 |     706.1
    1157    463.9 |    3100.7 |     706.1
    1158    464.0 |    3100.7 |     706.2
    1159    464.1 |    3101.1 |     706.4
    1160    464.1 |    3101.4 |     706.4
    1161    464.3 |    3101.7 |     706.9
    1162    465.4 |    3102.1 |     707.0
    1163    465.8 |    3102.2 |     707.1
    1164    468.4 |    3102.3 |     707.1
    1165    468.7 |    3105.3 |     707.4
    1166    479.4 |    3105.4 |     707.4
    1167    479.6 |    3105.7 |     707.8
    1168    479.7 |    3105.9 |     708.2
    1169    480.7 |    3105.9 |     709.9
    1170    480.8 |    3106.1 |     710.0
    1171    480.9 |    3106.5 |     710.1
    1172    481.0 |    3106.6 |     710.3
    1173    481.1 |    3106.6 |     710.3
    1174    481.2 |    3107.0 |     710.5
    1175    481.4 |    3107.1 |     711.8
    1176    481.5 |    3107.3 |     713.7
    1177    481.6 |    3107.4 |     716.2
    1178    481.7 |    3107.6 |     719.2
    1179    482.1 |    3107.6 |     719.3
    1180    483.0 |    3107.7 |     719.3
    1181    483.1 |    3107.9 |     719.5
    1182    484.1 |    3108.0 |     719.5
    1183    484.6 |    3108.7 |     719.6
    1184    484.6 |    3108.8 |     720.4
    1185    484.7 |    3108.8 |     720.5
    1186    484.8 |    3109.0 |     720.6
    1187    484.9 |    3109.0 |     721.7
    1188    486.4 |    3109.3 |     721.8
    1189    654.5 |    3109.4 |     721.9
    1190    656.6 |    3110.1 |     722.2
    1191    656.9 |    3110.5 |     724.8
    1192    657.3 |    3110.7 |     725.0
    1193    658.6 |    3110.7 |     725.0
    1194    659.2 |    3110.9 |     725.0
    1195    659.6 |    3110.9 |     725.1
    1196    659.6 |    3111.7 |     725.1
    1197    660.9 |    3111.8 |     725.1
    1198    662.8 |    3111.9 |     725.2
    1199    682.7 |    3113.0 |     725.2
    1200    684.3 |    3113.0 |     725.2
    1201    685.6 |    3113.7 |     725.2
    1202    687.0 |    3113.7 |     725.2
    1203    687.1 |    3114.2 |     725.2
    1204    687.3 |    3115.1 |     725.4
    1205    687.3 |    3116.4 |     725.4
    1206    687.3 |    3119.0 |     725.4
    1207    687.7 |    3119.2 |     725.4
    1208    687.7 |    3120.0 |     725.5
    1209    687.8 |    3122.2 |     725.5
    1210    687.9 |    3123.2 |     725.6
    1211    688.1 |    3123.6 |     725.6
    1212    688.3 |    3124.0 |     725.6
    1213    688.3 |    3124.9 |     725.6
    1214    688.5 |    3125.3 |     725.7
    1215    688.7 |    3125.5 |     727.1
    1216    688.8 |    3125.7 |     728.8
    1217    689.0 |    3125.8 |     729.0
    1218    689.2 |    3126.1 |     729.1
    1219    689.6 |    3126.7 |     729.3
    1220    690.9 |    3126.8 |     729.4
    1221    691.2 |    3127.5 |     729.6
    1222    712.5 |    3128.0 |     729.7
    1223    712.6 |    3128.1 |     729.8
    1224    712.9 |    3130.3 |     730.1
    1225    713.4 |    3132.8 |     730.2
    1226    713.5 |    3133.5 |     730.2
    1227    713.6 |    3134.0 |     730.2
    1228    714.0 |    3137.2 |     730.3
    1229    714.2 |    3137.7 |     730.3
    1230    714.2 |    3139.2 |     730.3
    1231    714.5 |    3142.8 |     730.4
    1232    714.8 |    3143.9 |     730.5
    1233    714.8 |    3145.8 |     730.6
    1234    714.8 |    3146.5 |     730.6
    1235    715.1 |    3146.6 |     730.7
    1236    715.2 |    3147.0 |     730.7
    1237    715.4 |    3147.0 |     730.7
    1238    715.5 |    3148.0 |     731.3
    1239    716.6 |    3148.8 |     731.4
    1240    716.9 |    3148.9 |     731.6
    1241    716.9 |    3149.3 |     731.6
    1242    717.3 |    3149.5 |     731.6
    1243    717.9 |    3149.6 |     731.8
    1244    718.0 |    3149.8 |     737.6
    1245    718.3 |    3150.4 |     738.1
    1246    718.3 |    3151.5 |     738.5
    1247    718.7 |    3151.5 |     740.1
    1248    718.7 |    3152.1 |     740.7
    1249    718.8 |    3156.2 |     740.9
    1250    722.9 |    3156.7 |     741.1
    1251    723.5 |    3157.2 |     742.1
    1252    745.3 |    3158.1 |     742.3
    1253    745.5 |    3158.6 |     742.5
    1254    746.5 |    3158.7 |     745.4
    1255    746.7 |    3159.3 |     745.8
    1256    747.6 |    3159.5 |     751.8
    1257    748.9 |    3160.1 |     752.4
    1258    749.4 |    3160.2 |     754.9
    1259    749.5 |    3160.4 |     756.3
    1260    750.9 |    3160.7 |     756.5
    1261    751.2 |    3160.9 |     756.8
    1262    751.7 |    3161.2 |     756.8
    1263    751.8 |    3161.3 |     756.9
    1264    751.9 |    3161.4 |     757.2
    1265    752.5 |    3161.8 |     757.4
    1266    754.4 |    3162.2 |     757.5
    1267    754.9 |    3162.8 |     758.0
    1268    755.2 |    3163.0 |     758.1
    1269    755.2 |    3163.0 |     759.2
    1270    755.6 |    3164.3 |     759.8
    1271    755.7 |    3164.5 |     760.4
    1272    755.8 |    3164.6 |     760.8
    1273    756.2 |    3164.7 |     761.2
    1274    756.2 |    3164.8 |     762.4
    1275    756.4 |    3165.0 |     762.7
    1276    757.3 |    3165.0 |     762.8
    1277    757.7 |    3165.5 |     762.9
    1278    758.3 |    3165.6 |     763.0
    1279    758.5 |    3166.1 |     763.2
    1280    758.7 |    3166.4 |     764.0
    1281    759.2 |    3166.5 |     764.1
    1282    760.0 |    3166.5 |     764.2
    1283    760.1 |    3166.7 |     764.5
    1284    760.3 |    3166.7 |     764.6
    1285    761.3 |    3166.8 |     764.6
    1286    762.0 |    3167.3 |     765.3
    1287    762.2 |    3167.3 |     765.6
    1288    762.7 |    3167.7 |     765.7
    1289    778.1 |    3167.7 |     765.8
    1290    785.4 |    3167.7 |     766.0
    1291    786.8 |    3168.3 |     766.1
    1292    787.7 |    3168.6 |     766.6
    1293    787.7 |    3168.9 |     766.6
    1294    789.9 |    3168.9 |     766.7
    1295    790.1 |    3169.0 |     766.8
    1296    793.6 |    3169.0 |     766.9
    1297    796.1 |    3169.1 |     767.1
    1298    798.5 |    3169.1 |     767.3
    1299    799.5 |    3169.2 |     767.4
    1300    800.2 |    3169.4 |     767.6
    1301    807.4 |    3170.1 |     767.6
    1302    808.0 |    3170.2 |     767.8
    1303    808.2 |    3170.2 |     767.9
    1304    808.6 |    3170.5 |     768.0
    1305    808.8 |    3170.6 |     768.2
    1306    808.9 |    3170.7 |     770.9
    1307    811.5 |    3170.7 |     773.7
    1308    812.3 |    3170.7 |     774.8
    1309    813.9 |    3170.7 |     776.9
    1310    814.0 |    3170.8 |     783.2
    1311    814.0 |    3170.8 |     783.4
    1312    814.8 |    3171.0 |     785.2
    1313    815.2 |    3171.1 |     785.5
    1314    815.3 |    3171.5 |     786.4
    1315    815.3 |    3171.5 |     788.3
    1316    815.5 |    3171.5 |     790.3
    1317    816.0 |    3171.7 |     795.8
    1318    816.1 |    3171.9 |     796.1
    1319    816.2 |    3172.0 |     796.6
    1320    816.4 |    3172.0 |     797.2
    1321    816.5 |    3172.2 |     797.2
    1322    816.7 |    3172.3 |     799.8
    1323    816.7 |    3172.9 |     799.9
    1324    816.8 |    3173.0 |     800.3
    1325    817.1 |    3173.2 |     800.4
    1326    817.2 |    3173.7 |     800.6
    1327    817.6 |    3173.7 |     801.0
    1328    817.9 |    3174.2 |     801.2
    1329    818.2 |    3174.6 |     806.0
    1330    818.5 |    3175.6 |     806.0
    1331    818.6 |    3179.1 |     806.0
    1332    819.5 |    3179.4 |     806.2
    1333    820.1 |    3182.0 |     806.4
    1334    820.2 |    3182.2 |     806.4
    1335    820.2 |    3184.3 |     806.5
    1336    820.2 |    3184.7 |     806.5
    1337    820.4 |    3186.7 |     806.6
    1338    820.6 |    3187.1 |     806.6
    1339    820.6 |    3187.7 |     806.7
    1340    821.0 |    3187.8 |     807.8
    1341    821.0 |    3188.1 |     807.9
    1342    821.2 |    3188.1 |     808.1
    1343    821.3 |    3188.3 |     808.6
    1344    821.4 |    3188.4 |     808.7
    1345    821.4 |    3188.6 |     810.8
    1346    821.6 |    3188.6 |     810.8
    1347    821.7 |    3188.7 |     811.0
    1348    821.9 |    3188.8 |     811.2
    1349    822.1 |    3188.9 |     811.3
    1350    822.1 |    3189.0 |     811.6
    1351    822.2 |    3189.1 |     811.7
    1352    822.2 |    3189.2 |     812.4
    1353    822.5 |    3189.3 |     812.4
    1354    823.0 |    3189.4 |     812.4
    1355    823.2 |    3189.6 |     812.4
    1356    823.2 |    3189.6 |     812.5
    1357    823.3 |    3189.7 |     812.5
    1358    823.4 |    3189.7 |     812.5
    1359    823.5 |    3189.7 |     812.6
    1360    823.6 |    3189.8 |     812.7
    1361    823.6 |    3189.8 |     813.2
    1362    823.7 |    3190.1 |     813.3
    1363    823.9 |    3190.1 |     813.3
    1364    823.9 |    3190.2 |     813.5
    1365    824.1 |    3190.4 |     813.6
    1366    824.3 |    3190.4 |     813.6
    1367    826.3 |    3190.9 |     813.6
    1368    838.2 |    3191.1 |     813.6
    1369    845.5 |    3191.2 |     813.6
    1370    845.7 |    3191.3 |     813.7
    1371    846.8 |    3192.1 |     813.7
    1372    847.1 |    3192.4 |     813.7
    1373    847.5 |    3193.6 |     813.7
    1374    848.7 |    3194.0 |     813.7
    1375    849.0 |    3194.0 |     813.8
    1376    849.6 |    3194.3 |     813.9
    1377    849.9 |    3194.4 |     814.0
    1378    850.3 |    3194.9 |     814.6
    1379    852.0 |    3195.0 |     814.7
    1380    852.4 |    3195.2 |     814.8
    1381    852.7 |    3195.8 |     814.8
    1382    852.8 |    3196.3 |     814.8
    1383    853.1 |    3196.4 |     814.8
    1384    853.2 |    3196.5 |     814.9
    1385    853.3 |    3196.6 |     814.9
    1386    853.3 |    3196.6 |     815.0
    1387    853.4 |    3196.6 |     815.0
    1388    853.8 |    3196.6 |     815.0
    1389    853.8 |    3196.8 |     815.0
    1390    854.0 |    3196.8 |     815.1
    1391    854.0 |    3196.8 |     815.1
    1392    854.1 |    3196.9 |     815.2
    1393    854.2 |    3197.2 |     815.3
    1394    854.2 |    3197.2 |     815.3
    1395    854.5 |    3197.3 |     815.3
    1396    854.5 |    3197.5 |     815.4
    1397    854.6 |    3197.5 |     815.4
    1398    854.7 |    3197.7 |     815.4
    1399    855.0 |    3197.7 |     815.4
    1400    855.0 |    3197.8 |     815.5
    1401    855.1 |    3197.8 |     815.5
    1402    855.6 |    3198.1 |     815.5
    1403    855.9 |    3198.1 |     815.5
    1404    856.2 |    3198.2 |     815.6
    1405    856.3 |    3198.2 |     815.6
    1406    856.4 |    3198.3 |     815.6
    1407    856.8 |    3198.4 |     815.8
    1408    857.1 |    3198.4 |     815.9
    1409    857.4 |    3198.5 |     815.9
    1410    858.7 |    3199.6 |     815.9
    1411    858.8 |    3200.0 |     815.9
    1412    859.4 |    3200.8 |     815.9
    1413    859.4 |    3200.9 |     815.9
    1414    859.5 |    3201.0 |     816.0
    1415    860.1 |    3201.1 |     816.0
    1416    860.2 |    3201.3 |     816.1
    1417    861.5 |    3201.3 |     816.1
    1418    861.6 |    3201.5 |     816.1
    1419    861.9 |    3201.5 |     816.3
    1420    862.1 |    3201.6 |     816.4
    1421    863.5 |    3201.7 |     816.8
    1422    863.5 |    3201.8 |     816.9
    1423    863.7 |    3201.8 |     816.9
    1424    864.2 |    3201.8 |     817.0
    1425    864.5 |    3201.9 |     817.0
    1426    864.7 |    3202.0 |     817.0
    1427    866.2 |    3202.4 |     817.0
    1428    866.5 |    3202.5 |     817.0
    1429    866.7 |    3202.6 |     817.0
    1430    867.8 |    3202.8 |     817.0
    1431    867.9 |    3203.0 |     817.0
    1432    869.1 |    3203.2 |     817.0
    1433    869.8 |    3203.4 |     817.0
    1434    870.1 |    3203.7 |     817.1
    1435    870.7 |    3204.9 |     817.1
    1436    870.9 |    3208.4 |     817.1
    1437    871.4 |    3208.7 |     817.1
    1438    871.4 |    3208.9 |     817.1
    1439    871.5 |    3208.9 |     817.1
    1440    872.1 |    3209.1 |     817.1
    1441    872.7 |    3209.1 |     817.1
    1442    872.9 |    3209.2 |     817.1
    1443    873.0 |    3209.4 |     817.1
    1444    873.5 |    3209.5 |     817.1
    1445    874.0 |    3209.6 |     817.2
    1446    874.6 |    3209.9 |     817.2
    1447    875.7 |    3210.0 |     817.2
    1448    876.0 |    3210.2 |     817.2
    1449    876.8 |    3210.4 |     817.2
    1450    876.9 |    3210.4 |     817.2
    1451    879.7 |    3210.5 |     817.3
    1452    880.2 |    3210.5 |     817.3
    1453    881.2 |    3210.5 |     817.3
    1454    882.7 |    3210.6 |     817.4
    1455    882.9 |    3210.6 |     817.4
    1456    883.1 |    3210.6 |     817.4
    1457    884.2 |    3210.7 |     817.5
    1458    885.1 |    3210.7 |     817.5
    1459    888.1 |    3212.1 |     817.5
    1460    889.7 |    3212.9 |     817.5
    1461    889.8 |    3213.9 |     817.6
    1462    890.5 |    3215.7 |     817.6
    1463    891.3 |    3215.8 |     817.6
    1464    891.5 |    3215.9 |     817.6
    1465    891.7 |    3215.9 |     817.6
    1466    893.3 |    3216.0 |     817.6
    1467    893.7 |    3216.0 |     817.6
    1468    895.5 |    3216.1 |     817.6
    1469    897.9 |    3216.2 |     817.6
    1470    898.4 |    3216.3 |     817.6
    1471    898.9 |    3216.3 |     817.6
    1472    899.0 |    3216.4 |     817.6
    1473    899.5 |    3216.4 |     817.7
    1474    899.6 |    3216.5 |     817.7
    1475    899.7 |    3216.5 |     817.7
    1476    899.9 |    3216.6 |     817.7
    1477    900.2 |    3216.7 |     817.7
    1478    900.7 |    3216.9 |     817.7
    1479    900.7 |    3216.9 |     817.7
    1480    901.9 |    3217.0 |     817.7
    1481    902.6 |    3217.9 |     817.7
    1482    903.6 |    3218.8 |     817.7
    1483    904.5 |    3219.9 |     817.8
    1484    908.8 |    3221.6 |     817.8
    1485    909.2 |    3224.7 |     817.9
    1486    909.6 |    3224.7 |     817.9
    1487    910.6 |    3224.9 |     817.9
    1488    911.3 |    3225.0 |     817.9
    1489    911.7 |    3225.1 |     818.0
    1490    913.5 |    3225.1 |     818.0
    1491    914.8 |    3225.2 |     818.0
    1492    915.9 |    3225.2 |     818.0
    1493    918.8 |    3225.2 |     818.1
    1494    919.3 |    3225.4 |     818.1
    1495    920.4 |    3225.5 |     818.1
    1496    920.7 |    3225.5 |     818.1
    1497    920.8 |    3225.5 |     818.1
    1498    920.9 |    3225.6 |     818.1
    1499    920.9 |    3225.7 |     818.1
    1500    921.1 |    3225.9 |     818.1
    1501    921.3 |    3225.9 |     818.2
    1502    921.5 |    3226.0 |     818.2
    1503    921.6 |    3226.0 |     818.2
    1504    921.7 |    3226.3 |     818.2
    1505    922.2 |    3228.5 |     818.2
    1506    922.5 |    3229.6 |     818.2
    1507    922.8 |    3231.0 |     818.2
    1508    923.3 |    3233.9 |     818.2
    1509    923.3 |    3235.8 |     818.2
    1510    923.4 |    3244.6 |     818.2
    1511    924.3 |    3245.1 |     818.2
    1512    925.7 |    3245.7 |     818.2
    1513    926.1 |    3246.1 |     818.2
    1514    926.1 |    3246.3 |     818.3
    1515    926.7 |    3247.3 |     818.3
    1516    926.8 |    3247.9 |     818.3
    1517    927.3 |    3249.8 |     818.3
    1518    927.5 |    3251.5 |     818.3
    1519    928.0 |    3252.5 |     818.3
    1520    928.7 |    3651.2 |     818.3
    1521    941.0 |    3651.7 |     818.3
    1522    944.8 |    3665.7 |     818.3
    1523    949.2 |    3666.0 |     818.4
    1524   1035.3 |    3666.2 |     818.4
    1525   1042.7 |    3666.3 |     818.4
    1526   1061.5 |    3666.6 |     818.4
    1527   1061.8 |    3666.9 |     818.4
  ------------------------------------------------------
    RMSD          |    1592.4 |     106.0
     MAE          |    1262.3 |      79.9
========================================================



=========================================
  TIMING [JAX (gpu) + MM3 + jaxopt:lbfgs]
=========================================
  Optimization S              1024.96 s
  Function Evaluations               53
  Per Evaluation S              19.34 s
=========================================


