
========================================================
  SUMMARY [JAX (gpu) + MM3 + Optax Adam]
========================================================
  RMSD (cm⁻¹):       1592.4 → 209.1
  Score:             3879.418905 → 1562.724599  (+59.7%)
  Function evals:    2001
  Wall time:         1000.3s
  Scipy converged:   False
  Scipy message:     Max steps (2000) reached
========================================================



======================================================
  FREQUENCY PROGRESSION [JAX (gpu) + MM3 + Optax Adam]
======================================================
    Mode   QM ref |   QFUERZA | Optimized
  ----------------------------------------------------
       1     50.4 |      51.1 |      50.4
       2     50.5 |      52.2 |      51.2
       3     51.1 |      53.0 |      51.4
       4     55.7 |      53.6 |      53.2
       5     56.1 |      54.2 |      53.5
       6     56.9 |      55.0 |      55.7
       7     57.1 |      55.7 |      58.2
       8     57.2 |      55.7 |      58.7
       9     57.2 |      56.2 |      59.4
      10     59.1 |      57.6 |      59.6
      11     59.1 |      58.2 |      61.0
      12     59.6 |      58.5 |      61.2
      13     59.7 |      58.9 |      61.4
      14     59.9 |      59.6 |      62.0
      15     60.0 |      60.5 |      62.5
      16     60.5 |      60.9 |      63.0
      17     60.9 |      61.3 |      63.2
      18     61.0 |      61.8 |      63.3
      19     61.4 |      62.2 |      64.2
      20     61.4 |      62.6 |      64.3
      21     61.5 |      63.3 |      64.4
      22     62.0 |      63.4 |      64.5
      23     62.0 |      63.5 |      65.1
      24     62.4 |      66.4 |      65.4
      25     63.6 |      68.0 |      65.5
      26     63.6 |      68.4 |      65.9
      27     63.6 |      68.7 |      66.0
      28     63.8 |      69.0 |      66.0
      29     63.8 |      69.7 |      66.9
      30     63.9 |      69.9 |      66.9
      31     64.0 |      70.1 |      67.0
      32     64.1 |      70.4 |      67.4
      33     64.2 |      73.2 |      67.5
      34     64.2 |      73.7 |      68.4
      35     64.2 |      73.8 |      68.5
      36     64.4 |      74.6 |      69.2
      37     64.6 |      74.6 |      69.9
      38     64.7 |      74.8 |      70.2
      39     64.8 |      75.4 |      70.6
      40     64.8 |      75.6 |      70.9
      41     65.2 |      76.3 |      71.0
      42     65.2 |      77.9 |      71.6
      43     65.2 |      78.5 |      71.6
      44     65.6 |      79.4 |      72.0
      45     65.6 |      79.7 |      72.5
      46     65.7 |      79.8 |      73.3
      47     65.7 |      79.8 |      73.8
      48     65.8 |      79.9 |      74.0
      49     65.9 |      82.3 |      74.0
      50     66.0 |      83.1 |      74.6
      51     66.1 |      83.5 |      74.8
      52     66.2 |      83.9 |      74.8
      53     66.2 |      83.9 |      75.0
      54     66.3 |      87.4 |      75.3
      55     66.4 |      88.3 |      76.3
      56     66.4 |      89.3 |      76.8
      57     66.6 |      92.0 |      77.0
      58     66.9 |      92.3 |      77.7
      59     66.9 |      92.4 |      77.8
      60     67.0 |      92.4 |      78.2
      61     67.1 |      93.4 |      78.4
      62     67.1 |      93.5 |      78.5
      63     67.1 |      95.8 |      78.8
      64     67.3 |      96.1 |      79.1
      65     67.3 |      98.8 |      79.4
      66     67.4 |     100.7 |      79.4
      67     67.4 |     101.6 |      79.5
      68     67.4 |     101.9 |      80.3
      69     67.9 |     102.1 |      81.7
      70     67.9 |     102.4 |      82.3
      71     67.9 |     103.0 |      82.6
      72     68.0 |     105.5 |      83.1
      73     68.0 |     106.6 |      83.2
      74     68.2 |     107.4 |      83.2
      75     68.2 |     107.7 |      83.7
      76     68.7 |     108.8 |      84.6
      77     69.1 |     109.8 |      84.6
      78     69.1 |     111.7 |      85.2
      79     69.2 |     111.8 |      85.8
      80     69.4 |     111.9 |      86.1
      81     70.4 |     113.5 |      86.5
      82     70.5 |     114.0 |      86.5
      83     70.6 |     115.5 |      87.5
      84     70.8 |     115.8 |      88.1
      85     70.9 |     117.5 |      88.3
      86     71.0 |     117.5 |      89.1
      87     71.1 |     117.8 |      90.0
      88     71.2 |     118.1 |      90.5
      89     71.5 |     118.2 |      93.1
      90     71.6 |     118.4 |      93.2
      91     71.6 |     118.7 |      93.5
      92     71.8 |     119.5 |      93.7
      93     71.9 |     119.8 |      94.0
      94     72.5 |     119.9 |      94.1
      95     73.0 |     120.1 |      95.3
      96     73.2 |     120.8 |      96.9
      97     73.3 |     120.9 |      99.1
      98     73.7 |     121.0 |      99.4
      99     73.7 |     121.5 |      99.6
     100     73.7 |     121.8 |     100.2
     101     73.9 |     121.8 |     100.7
     102     74.0 |     121.9 |     101.0
     103     74.3 |     122.9 |     101.5
     104     74.4 |     123.3 |     104.6
     105     74.8 |     123.3 |     105.3
     106     75.1 |     123.5 |     107.7
     107     79.3 |     124.2 |     107.8
     108     79.3 |     124.2 |     108.5
     109     79.4 |     126.1 |     108.9
     110     79.5 |     126.2 |     109.1
     111     79.6 |     126.4 |     109.6
     112     79.6 |     127.6 |     113.1
     113     79.8 |     129.2 |     113.5
     114     80.0 |     129.3 |     114.9
     115     80.3 |     129.6 |     115.8
     116     80.4 |     129.8 |     115.8
     117     85.4 |     129.9 |     117.2
     118     86.0 |     130.3 |     118.3
     119     86.3 |     131.0 |     119.2
     120     87.3 |     131.5 |     120.1
     121     87.4 |     132.5 |     120.8
     122     87.6 |     133.1 |     121.1
     123     87.8 |     135.2 |     122.6
     124     88.1 |     136.4 |     123.4
     125     88.2 |     136.9 |     127.3
     126     88.2 |     138.2 |     127.3
     127     88.3 |     138.2 |     127.4
     128     89.0 |     138.8 |     128.5
     129     89.0 |     139.5 |     128.6
     130     89.1 |     140.2 |     129.5
     131     89.6 |     141.4 |     131.7
     132     90.0 |     141.6 |     131.7
     133     90.6 |     142.2 |     132.1
     134     91.9 |     142.3 |     132.1
     135     91.9 |     142.4 |     133.0
     136     92.5 |     142.9 |     133.6
     137     93.0 |     143.0 |     134.3
     138     93.2 |     143.2 |     134.4
     139     93.3 |     143.8 |     134.5
     140     93.5 |     144.8 |     134.6
     141     93.8 |     144.9 |     134.8
     142     93.8 |     145.3 |     135.5
     143     94.1 |     147.0 |     135.9
     144     95.5 |     147.2 |     137.7
     145     96.2 |     147.3 |     137.7
     146     98.0 |     147.6 |     138.1
     147     98.1 |     148.2 |     138.1
     148     98.3 |     148.8 |     139.4
     149     98.3 |     148.8 |     141.9
     150     98.5 |     150.0 |     143.0
     151     98.8 |     150.1 |     143.5
     152     99.8 |     151.7 |     144.2
     153     99.9 |     151.7 |     144.9
     154     99.9 |     151.9 |     145.8
     155    100.0 |     152.3 |     146.1
     156    100.4 |     152.4 |     146.4
     157    100.5 |     153.0 |     147.3
     158    100.5 |     153.1 |     147.4
     159    101.9 |     153.4 |     147.9
     160    102.6 |     154.3 |     148.1
     161    102.8 |     154.7 |     148.3
     162    102.8 |     156.8 |     148.4
     163    103.1 |     157.1 |     148.4
     164    103.2 |     158.1 |     148.9
     165    106.1 |     158.4 |     149.1
     166    106.2 |     159.4 |     149.5
     167    107.5 |     159.5 |     150.4
     168    107.7 |     159.8 |     150.5
     169    107.8 |     160.0 |     150.7
     170    108.2 |     161.1 |     150.7
     171    108.4 |     162.1 |     151.7
     172    108.9 |     163.3 |     152.1
     173    108.9 |     163.7 |     152.5
     174    109.0 |     164.1 |     152.6
     175    109.0 |     164.2 |     152.9
     176    109.1 |     164.6 |     153.0
     177    109.3 |     165.6 |     153.2
     178    109.4 |     165.8 |     153.4
     179    109.4 |     166.1 |     153.5
     180    109.6 |     166.7 |     153.6
     181    109.9 |     166.9 |     153.6
     182    110.1 |     167.7 |     153.8
     183    111.1 |     168.1 |     154.0
     184    112.0 |     169.7 |     155.4
     185    112.5 |     170.0 |     155.5
     186    117.4 |     170.4 |     155.9
     187    117.6 |     171.1 |     155.9
     188    117.8 |     171.3 |     156.2
     189    117.9 |     171.7 |     156.3
     190    117.9 |     171.7 |     156.4
     191    118.0 |     172.1 |     156.6
     192    118.2 |     172.9 |     156.8
     193    118.3 |     173.5 |     157.0
     194    118.4 |     175.0 |     157.1
     195    118.7 |     175.1 |     157.1
     196    122.0 |     175.8 |     157.1
     197    122.5 |     176.8 |     157.3
     198    122.8 |     177.3 |     158.0
     199    122.8 |     177.8 |     158.0
     200    124.4 |     178.4 |     159.1
     201    124.9 |     178.8 |     159.2
     202    125.3 |     178.9 |     160.0
     203    125.4 |     179.6 |     160.6
     204    125.5 |     180.0 |     160.7
     205    126.3 |     180.7 |     161.0
     206    126.4 |     181.8 |     161.1
     207    126.5 |     182.1 |     161.3
     208    126.6 |     182.5 |     161.3
     209    126.7 |     182.8 |     162.0
     210    126.8 |     182.9 |     162.2
     211    127.0 |     183.1 |     162.4
     212    127.2 |     183.7 |     163.1
     213    127.2 |     183.7 |     163.7
     214    127.5 |     183.7 |     164.1
     215    129.3 |     184.4 |     164.1
     216    129.9 |     185.0 |     164.6
     217    130.0 |     185.9 |     166.1
     218    130.5 |     187.0 |     171.0
     219    131.1 |     187.5 |     171.8
     220    131.3 |     187.5 |     174.2
     221    131.3 |     187.8 |     176.3
     222    131.3 |     188.0 |     180.4
     223    131.3 |     188.6 |     180.6
     224    131.5 |     190.6 |     181.4
     225    131.5 |     193.1 |     181.8
     226    131.5 |     193.6 |     182.0
     227    131.6 |     193.9 |     182.9
     228    131.7 |     194.3 |     184.3
     229    131.7 |     195.6 |     185.3
     230    131.7 |     197.3 |     187.5
     231    131.8 |     197.6 |     188.6
     232    131.8 |     198.2 |     189.0
     233    131.8 |     199.6 |     189.7
     234    131.9 |     202.3 |     190.5
     235    132.0 |     202.4 |     191.8
     236    132.1 |     203.0 |     192.0
     237    132.1 |     207.2 |     192.5
     238    132.2 |     209.0 |     193.1
     239    132.3 |     209.3 |     195.0
     240    132.4 |     209.6 |     195.2
     241    132.8 |     209.6 |     195.5
     242    132.9 |     211.2 |     195.7
     243    133.2 |     212.0 |     196.2
     244    133.3 |     218.2 |     196.5
     245    133.6 |     221.0 |     196.6
     246    133.6 |     222.4 |     197.5
     247    133.7 |     222.6 |     198.0
     248    133.8 |     223.8 |     199.3
     249    133.8 |     224.8 |     199.7
     250    133.8 |     225.6 |     199.7
     251    133.9 |     226.3 |     199.8
     252    133.9 |     230.9 |     199.9
     253    134.0 |     233.1 |     200.0
     254    134.0 |     234.1 |     200.3
     255    134.1 |     236.1 |     201.3
     256    134.3 |     236.3 |     201.4
     257    134.4 |     236.5 |     201.8
     258    134.4 |     241.1 |     202.1
     259    134.5 |     241.5 |     202.3
     260    134.5 |     243.0 |     203.2
     261    134.5 |     243.8 |     203.3
     262    134.5 |     244.2 |     203.8
     263    134.7 |     245.3 |     204.1
     264    134.7 |     247.0 |     204.7
     265    134.7 |     248.5 |     204.8
     266    134.8 |     248.8 |     205.1
     267    134.9 |     249.2 |     205.1
     268    134.9 |     250.3 |     205.3
     269    135.0 |     250.4 |     205.5
     270    135.0 |     254.1 |     205.6
     271    135.2 |     260.6 |     205.9
     272    135.4 |     261.4 |     206.1
     273    135.5 |     262.4 |     207.8
     274    135.5 |     262.5 |     208.1
     275    135.6 |     263.8 |     208.9
     276    135.7 |     265.6 |     209.2
     277    135.7 |     265.7 |     210.0
     278    135.7 |     266.3 |     210.0
     279    135.7 |     266.3 |     210.1
     280    135.8 |     266.7 |     210.5
     281    135.9 |     268.0 |     211.0
     282    135.9 |     268.0 |     212.2
     283    136.0 |     269.3 |     213.3
     284    136.3 |     271.3 |     213.9
     285    136.3 |     273.5 |     214.3
     286    136.4 |     273.9 |     214.5
     287    136.4 |     277.3 |     214.9
     288    136.4 |     277.8 |     214.9
     289    136.6 |     277.8 |     215.1
     290    136.7 |     279.0 |     215.2
     291    137.3 |     279.4 |     218.0
     292    137.3 |     280.6 |     218.2
     293    137.4 |     281.1 |     218.5
     294    137.5 |     281.5 |     218.6
     295    137.6 |     282.1 |     219.2
     296    137.8 |     282.1 |     219.6
     297    138.0 |     286.3 |     219.8
     298    138.4 |     286.5 |     220.7
     299    138.7 |     286.7 |     223.2
     300    139.1 |     290.3 |     225.5
     301    139.4 |     290.3 |     229.0
     302    139.6 |     291.7 |     229.3
     303    142.1 |     292.8 |     229.8
     304    142.2 |     293.3 |     230.0
     305    142.5 |     294.3 |     230.6
     306    142.5 |     296.1 |     230.9
     307    142.7 |     296.5 |     231.0
     308    142.8 |     296.8 |     231.0
     309    142.9 |     297.7 |     231.1
     310    143.0 |     298.3 |     232.2
     311    143.1 |     300.4 |     233.0
     312    143.2 |     300.9 |     233.1
     313    143.5 |     301.9 |     233.1
     314    143.6 |     302.0 |     233.1
     315    145.5 |     303.2 |     233.4
     316    145.9 |     303.6 |     233.8
     317    146.1 |     308.6 |     235.7
     318    146.9 |     309.6 |     237.0
     319    146.9 |     310.2 |     238.3
     320    147.0 |     310.3 |     239.0
     321    147.0 |     311.2 |     241.2
     322    147.0 |     312.5 |     241.9
     323    147.1 |     313.0 |     242.0
     324    147.2 |     313.2 |     243.7
     325    147.3 |     313.7 |     244.7
     326    147.3 |     314.3 |     245.2
     327    147.3 |     314.5 |     245.5
     328    147.5 |     314.7 |     247.0
     329    147.5 |     314.8 |     248.1
     330    147.7 |     315.7 |     248.4
     331    147.7 |     317.6 |     249.8
     332    148.3 |     318.4 |     250.7
     333    148.7 |     318.5 |     251.1
     334    149.3 |     319.0 |     251.3
     335    151.0 |     319.3 |     251.5
     336    151.7 |     320.2 |     252.0
     337    152.1 |     320.3 |     253.0
     338    152.4 |     321.1 |     254.1
     339    153.9 |     323.3 |     255.5
     340    154.0 |     323.4 |     256.1
     341    154.4 |     324.0 |     256.1
     342    154.6 |     325.6 |     258.6
     343    154.8 |     326.4 |     258.8
     344    154.8 |     328.2 |     261.4
     345    154.9 |     329.4 |     261.4
     346    155.1 |     330.4 |     262.0
     347    155.2 |     330.8 |     263.3
     348    155.6 |     331.3 |     267.7
     349    156.0 |     332.7 |     269.1
     350    156.0 |     334.2 |     271.0
     351    156.4 |     335.7 |     271.0
     352    156.7 |     337.1 |     272.3
     353    156.9 |     338.0 |     273.1
     354    156.9 |     338.2 |     274.3
     355    157.6 |     340.5 |     278.3
     356    158.6 |     342.5 |     286.9
     357    158.6 |     342.7 |     287.3
     358    158.6 |     343.6 |     287.9
     359    159.4 |     345.7 |     289.6
     360    159.7 |     346.1 |     289.8
     361    159.8 |     346.9 |     289.9
     362    159.9 |     348.5 |     289.9
     363    160.5 |     349.5 |     290.0
     364    160.7 |     350.4 |     290.0
     365    162.2 |     351.0 |     290.0
     366    162.8 |     351.3 |     290.2
     367    162.8 |     352.5 |     290.7
     368    163.7 |     352.6 |     291.4
     369    163.9 |     353.6 |     294.5
     370    164.2 |     354.2 |     298.4
     371    164.3 |     357.3 |     299.4
     372    164.3 |     357.3 |     300.3
     373    165.4 |     361.4 |     301.5
     374    166.9 |     363.9 |     303.0
     375    171.8 |     366.2 |     303.1
     376    172.3 |     366.3 |     303.6
     377    174.6 |     366.6 |     304.0
     378    175.0 |     368.3 |     304.0
     379    176.7 |     368.4 |     304.1
     380    176.8 |     368.6 |     304.3
     381    177.0 |     368.8 |     304.5
     382    177.1 |     369.4 |     304.8
     383    177.2 |     369.4 |     304.8
     384    178.3 |     369.9 |     304.9
     385    178.5 |     371.4 |     305.2
     386    179.7 |     373.2 |     305.3
     387    182.0 |     374.1 |     305.4
     388    182.1 |     374.1 |     305.5
     389    182.1 |     374.8 |     305.5
     390    182.1 |     375.9 |     307.1
     391    182.1 |     376.4 |     311.4
     392    182.1 |     378.3 |     312.0
     393    182.1 |     378.5 |     313.4
     394    182.1 |     380.4 |     319.5
     395    182.1 |     380.8 |     322.5
     396    182.2 |     381.7 |     322.6
     397    182.2 |     382.1 |     322.7
     398    182.3 |     382.4 |     323.5
     399    182.3 |     382.5 |     323.8
     400    182.3 |     382.5 |     324.6
     401    182.4 |     383.4 |     325.9
     402    182.4 |     387.6 |     326.4
     403    182.5 |     389.7 |     332.0
     404    182.5 |     390.3 |     332.9
     405    182.5 |     391.0 |     335.1
     406    182.5 |     392.1 |     335.5
     407    182.5 |     397.2 |     336.4
     408    182.7 |     397.3 |     337.3
     409    182.8 |     398.4 |     338.5
     410    184.0 |     400.0 |     341.9
     411    184.3 |     402.3 |     342.6
     412    185.9 |     404.1 |     345.5
     413    186.0 |     411.4 |     346.0
     414    186.0 |     412.4 |     347.3
     415    186.1 |     413.0 |     353.1
     416    186.3 |     413.0 |     361.3
     417    186.4 |     415.4 |     394.5
     418    186.4 |     437.6 |     436.1
     419    186.5 |     438.0 |     436.9
     420    186.6 |     464.7 |     437.2
     421    186.6 |     466.5 |     442.2
     422    186.6 |     472.5 |     443.3
     423    186.7 |     473.6 |     445.3
     424    186.8 |     474.6 |     445.9
     425    186.8 |     476.3 |     445.9
     426    186.8 |     478.0 |     445.9
     427    186.8 |     478.7 |     445.9
     428    186.9 |     480.2 |     445.9
     429    186.9 |     480.5 |     446.0
     430    187.0 |     480.7 |     446.1
     431    187.2 |     482.0 |     446.1
     432    187.3 |     483.7 |     446.1
     433    187.4 |     484.1 |     446.2
     434    187.4 |     487.8 |     446.2
     435    187.5 |     488.3 |     446.2
     436    187.5 |     489.9 |     446.2
     437    187.5 |     491.2 |     446.4
     438    187.8 |     495.6 |     446.4
     439    188.7 |     497.7 |     446.4
     440    188.9 |     498.4 |     446.5
     441    190.2 |     500.7 |     446.6
     442    190.2 |     513.8 |     446.6
     443    190.5 |     515.1 |     446.6
     444    190.5 |     516.8 |     446.8
     445    190.6 |     517.8 |     447.0
     446    190.7 |     518.3 |     447.0
     447    190.8 |     530.7 |     447.3
     448    190.8 |     558.4 |     447.6
     449    190.8 |     559.5 |     447.8
     450    190.8 |     565.3 |     448.2
     451    190.8 |     565.5 |     459.9
     452    190.8 |     566.6 |     460.5
     453    190.9 |     567.2 |     460.6
     454    190.9 |     568.8 |     460.6
     455    191.0 |     572.6 |     460.7
     456    191.0 |     573.3 |     460.7
     457    191.1 |     579.5 |     460.7
     458    191.1 |     580.3 |     460.8
     459    191.1 |     580.8 |     460.9
     460    191.1 |     583.7 |     461.0
     461    191.2 |     584.4 |     461.0
     462    191.2 |     584.7 |     461.3
     463    191.2 |     584.7 |     461.3
     464    191.3 |     585.2 |     461.3
     465    191.3 |     585.4 |     461.4
     466    191.8 |     585.5 |     461.4
     467    191.8 |     587.0 |     461.4
     468    192.0 |     588.3 |     461.4
     469    198.4 |     592.0 |     461.4
     470    198.8 |     594.3 |     461.4
     471    201.7 |     601.9 |     461.4
     472    202.5 |     605.9 |     463.0
     473    202.7 |     622.4 |     463.2
     474    202.8 |     624.7 |     463.3
     475    202.8 |     627.2 |     463.3
     476    202.9 |     632.6 |     463.3
     477    203.2 |     645.4 |     463.3
     478    203.2 |     647.3 |     463.4
     479    203.3 |     681.6 |     463.4
     480    203.4 |     685.5 |     463.6
     481    203.4 |     687.2 |     463.7
     482    203.4 |     693.1 |     463.8
     483    203.4 |     693.1 |     463.8
     484    203.6 |     693.4 |     463.9
     485    204.1 |     693.8 |     463.9
     486    204.1 |     695.2 |     464.0
     487    204.1 |     699.9 |     464.0
     488    204.1 |     702.4 |     464.2
     489    204.2 |     703.0 |     464.3
     490    204.4 |     704.6 |     464.5
     491    204.9 |     710.4 |     464.6
     492    205.2 |     716.7 |     464.7
     493    205.2 |     719.4 |     465.2
     494    207.1 |     721.1 |     465.6
     495    207.2 |     724.7 |     473.6
     496    207.3 |     730.3 |     482.2
     497    207.3 |     731.7 |     484.2
     498    207.3 |     735.2 |     484.4
     499    207.3 |     737.6 |     485.1
     500    207.6 |     737.9 |     488.7
     501    207.6 |     738.7 |     490.6
     502    207.6 |     738.9 |     490.8
     503    207.6 |     740.8 |     491.2
     504    207.6 |     743.0 |     491.4
     505    207.7 |     751.6 |     491.8
     506    208.7 |     752.7 |     492.0
     507    209.0 |     763.2 |     492.4
     508    209.1 |     764.7 |     492.8
     509    209.2 |     771.4 |     493.2
     510    209.5 |     779.0 |     493.5
     511    210.4 |     802.2 |     493.5
     512    210.5 |     804.2 |     494.1
     513    210.5 |     806.8 |     494.9
     514    210.5 |     807.0 |     494.9
     515    210.5 |     807.3 |     495.4
     516    210.5 |     807.8 |     495.7
     517    210.7 |     807.9 |     495.8
     518    210.9 |     808.9 |     496.6
     519    211.0 |     809.2 |     497.2
     520    211.3 |     809.7 |     497.9
     521    211.3 |     809.9 |     498.3
     522    211.4 |     810.5 |     498.5
     523    211.6 |     810.6 |     499.0
     524    211.8 |     811.2 |     499.8
     525    211.8 |     811.3 |     501.6
     526    211.9 |     811.8 |     504.1
     527    211.9 |     812.1 |     504.4
     528    211.9 |     813.2 |     504.6
     529    212.0 |     816.1 |     505.4
     530    212.1 |     827.9 |     505.6
     531    212.1 |     828.8 |     505.6
     532    212.2 |     832.5 |     505.8
     533    212.3 |     835.5 |     506.6
     534    212.4 |     848.4 |     507.0
     535    212.5 |     859.9 |     507.1
     536    212.6 |     870.3 |     507.1
     537    212.8 |     881.4 |     507.5
     538    213.0 |     881.4 |     508.1
     539    213.3 |     889.6 |     513.1
     540    213.3 |     891.0 |     513.2
     541    213.5 |     922.4 |     515.3
     542    213.6 |     924.4 |     516.3
     543    213.7 |     925.1 |     516.7
     544    213.8 |     925.3 |     517.6
     545    214.1 |     925.6 |     519.1
     546    216.9 |     925.9 |     519.1
     547    216.9 |     927.0 |     521.3
     548    216.9 |     927.2 |     522.7
     549    217.0 |     927.5 |     525.6
     550    217.0 |     927.5 |     525.7
     551    217.2 |     927.6 |     525.7
     552    217.4 |     929.2 |     525.8
     553    217.4 |     931.6 |     525.8
     554    217.4 |     931.9 |     525.8
     555    217.4 |     932.0 |     525.9
     556    217.6 |     932.8 |     525.9
     557    219.2 |     942.2 |     526.1
     558    223.8 |     942.6 |     526.1
     559    224.4 |     948.3 |     526.2
     560    224.4 |     949.2 |     526.3
     561    225.1 |     952.6 |     526.3
     562    226.5 |     952.9 |     526.3
     563    226.7 |     953.7 |     526.3
     564    227.4 |     962.9 |     526.4
     565    227.8 |     963.4 |     526.4
     566    227.9 |     976.2 |     526.4
     567    227.9 |     977.3 |     526.4
     568    228.0 |     979.2 |     526.4
     569    228.0 |     985.4 |     526.4
     570    228.0 |     986.0 |     526.4
     571    228.9 |     986.1 |     526.4
     572    229.0 |     988.5 |     526.5
     573    229.1 |     994.8 |     526.5
     574    229.1 |     996.5 |     526.5
     575    229.1 |    1004.1 |     526.6
     576    229.2 |    1013.6 |     526.6
     577    229.3 |    1015.8 |     526.7
     578    229.3 |    1028.0 |     526.7
     579    229.3 |    1030.9 |     526.7
     580    229.5 |    1031.6 |     526.8
     581    229.6 |    1032.2 |     526.9
     582    229.8 |    1033.0 |     526.9
     583    229.8 |    1033.1 |     527.3
     584    230.1 |    1033.4 |     527.4
     585    230.3 |    1037.9 |     527.4
     586    230.6 |    1037.9 |     529.0
     587    230.6 |    1038.1 |     529.2
     588    230.7 |    1038.1 |     529.5
     589    230.7 |    1038.6 |     529.8
     590    230.9 |    1047.9 |     530.0
     591    231.3 |    1070.1 |     530.0
     592    231.4 |    1071.3 |     530.2
     593    231.5 |    1076.0 |     530.5
     594    232.6 |    1077.5 |     530.6
     595    234.4 |    1078.8 |     530.7
     596    239.3 |    1081.8 |     530.7
     597    239.3 |    1092.0 |     531.5
     598    239.5 |    1103.5 |     532.0
     599    239.6 |    1119.5 |     533.8
     600    239.6 |    1121.3 |     534.2
     601    239.8 |    1123.4 |     536.2
     602    239.9 |    1123.6 |     537.7
     603    240.7 |    1124.6 |     538.9
     604    244.7 |    1125.4 |     542.2
     605    245.3 |    1126.0 |     543.3
     606    249.9 |    1126.5 |     544.2
     607    251.8 |    1127.1 |     544.5
     608    251.9 |    1128.3 |     544.6
     609    253.7 |    1131.5 |     545.6
     610    255.2 |    1133.5 |     546.6
     611    256.8 |    1141.6 |     546.7
     612    256.8 |    1151.6 |     546.9
     613    258.1 |    1151.7 |     547.0
     614    258.3 |    1152.0 |     547.0
     615    258.6 |    1152.1 |     547.1
     616    258.8 |    1153.4 |     547.1
     617    258.9 |    1154.1 |     547.1
     618    259.2 |    1154.5 |     547.2
     619    259.3 |    1154.6 |     547.4
     620    259.6 |    1154.7 |     547.4
     621    259.6 |    1155.7 |     547.5
     622    259.8 |    1156.6 |     547.9
     623    259.8 |    1156.6 |     548.0
     624    260.0 |    1156.9 |     548.3
     625    260.1 |    1157.0 |     549.2
     626    260.1 |    1157.0 |     549.3
     627    260.3 |    1157.2 |     549.4
     628    260.4 |    1157.4 |     549.6
     629    260.4 |    1157.6 |     549.8
     630    260.5 |    1157.7 |     549.9
     631    260.5 |    1157.8 |     550.0
     632    260.7 |    1163.4 |     550.0
     633    260.9 |    1165.2 |     550.1
     634    261.0 |    1165.3 |     550.3
     635    261.6 |    1167.7 |     550.4
     636    262.2 |    1168.7 |     550.4
     637    264.5 |    1177.9 |     550.4
     638    264.6 |    1179.5 |     550.5
     639    267.8 |    1181.3 |     550.6
     640    268.6 |    1185.4 |     550.9
     641    269.8 |    1188.9 |     551.4
     642    273.4 |    1189.8 |     551.5
     643    274.2 |    1189.8 |     551.5
     644    274.3 |    1189.9 |     551.6
     645    274.8 |    1195.1 |     551.8
     646    275.1 |    1201.7 |     552.3
     647    275.3 |    1201.7 |     552.8
     648    275.7 |    1202.2 |     553.0
     649    277.1 |    1202.3 |     553.0
     650    277.5 |    1202.8 |     553.9
     651    277.8 |    1202.8 |     554.6
     652    277.8 |    1202.8 |     554.6
     653    277.9 |    1202.9 |     555.7
     654    278.1 |    1202.9 |     555.8
     655    278.1 |    1202.9 |     556.0
     656    278.2 |    1203.0 |     556.2
     657    278.3 |    1203.1 |     556.9
     658    278.5 |    1203.2 |     558.8
     659    279.0 |    1203.2 |     558.9
     660    279.1 |    1203.2 |     560.3
     661    279.2 |    1203.8 |     561.1
     662    279.4 |    1203.8 |     564.5
     663    279.5 |    1204.1 |     564.5
     664    279.6 |    1204.1 |     564.7
     665    279.6 |    1204.2 |     565.4
     666    279.7 |    1205.1 |     566.0
     667    280.9 |    1205.7 |     567.4
     668    281.0 |    1206.7 |     567.6
     669    281.2 |    1207.0 |     567.8
     670    281.4 |    1207.7 |     567.9
     671    283.1 |    1209.7 |     568.9
     672    284.8 |    1210.6 |     576.6
     673    285.2 |    1211.0 |     577.5
     674    285.4 |    1211.2 |     577.9
     675    285.9 |    1211.9 |     579.3
     676    286.2 |    1215.8 |     579.9
     677    286.3 |    1218.8 |     580.9
     678    288.1 |    1221.7 |     580.9
     679    290.2 |    1222.0 |     582.9
     680    290.6 |    1235.4 |     583.8
     681    290.7 |    1238.6 |     584.7
     682    290.7 |    1239.7 |     585.1
     683    290.7 |    1241.9 |     585.2
     684    290.7 |    1244.2 |     585.4
     685    290.8 |    1247.4 |     586.2
     686    291.0 |    1248.5 |     586.7
     687    291.1 |    1248.8 |     586.9
     688    291.2 |    1249.0 |     587.1
     689    291.2 |    1249.1 |     587.2
     690    291.2 |    1249.1 |     587.3
     691    291.2 |    1249.1 |     587.4
     692    291.5 |    1249.2 |     587.6
     693    291.5 |    1249.2 |     587.7
     694    291.6 |    1249.3 |     588.0
     695    291.9 |    1249.4 |     588.1
     696    291.9 |    1249.6 |     588.3
     697    291.9 |    1250.1 |     589.0
     698    291.9 |    1250.3 |     589.0
     699    291.9 |    1250.8 |     589.1
     700    291.9 |    1250.8 |     589.2
     701    292.0 |    1250.9 |     589.4
     702    292.5 |    1250.9 |     589.6
     703    292.8 |    1251.0 |     589.7
     704    293.1 |    1251.1 |     589.8
     705    293.8 |    1251.5 |     589.8
     706    293.9 |    1252.5 |     589.9
     707    294.0 |    1257.2 |     590.0
     708    294.6 |    1272.7 |     590.1
     709    294.8 |    1274.9 |     590.1
     710    295.2 |    1276.0 |     590.4
     711    295.5 |    1277.9 |     590.5
     712    295.5 |    1287.7 |     591.0
     713    295.6 |    1287.9 |     591.6
     714    295.6 |    1289.3 |     591.6
     715    295.6 |    1291.0 |     591.7
     716    295.6 |    1359.0 |     592.1
     717    295.6 |    1362.5 |     593.7
     718    295.7 |    1390.9 |     594.2
     719    295.7 |    1393.0 |     595.1
     720    295.7 |    1394.7 |     595.9
     721    295.7 |    1395.0 |     596.6
     722    295.9 |    1395.2 |     597.0
     723    295.9 |    1396.0 |     598.1
     724    295.9 |    1396.1 |     598.3
     725    295.9 |    1396.4 |     598.4
     726    296.0 |    1396.4 |     598.6
     727    296.2 |    1396.6 |     598.6
     728    296.3 |    1396.6 |     598.6
     729    296.6 |    1396.7 |     599.2
     730    296.6 |    1396.8 |     599.2
     731    297.0 |    1396.9 |     599.3
     732    297.0 |    1397.4 |     599.3
     733    297.3 |    1397.9 |     599.3
     734    297.6 |    1398.6 |     599.5
     735    298.4 |    1398.6 |     599.5
     736    298.5 |    1398.8 |     599.5
     737    298.5 |    1399.0 |     599.6
     738    298.7 |    1399.4 |     599.7
     739    298.7 |    1399.6 |     599.7
     740    299.2 |    1399.8 |     599.8
     741    301.3 |    1408.2 |     599.9
     742    301.5 |    1411.1 |     599.9
     743    301.9 |    1412.3 |     599.9
     744    302.9 |    1412.5 |     599.9
     745    303.1 |    1413.0 |     600.4
     746    303.1 |    1413.2 |     600.8
     747    303.2 |    1413.3 |     600.9
     748    303.3 |    1413.6 |     601.3
     749    304.1 |    1413.6 |     602.1
     750    304.2 |    1414.4 |     602.5
     751    304.2 |    1414.7 |     602.9
     752    304.3 |    1414.8 |     606.0
     753    304.3 |    1415.3 |     609.1
     754    304.7 |    1415.8 |     609.1
     755    304.7 |    1416.2 |     609.3
     756    304.8 |    1416.2 |     609.5
     757    304.8 |    1416.7 |     609.5
     758    304.9 |    1417.0 |     609.5
     759    304.9 |    1417.2 |     609.5
     760    305.0 |    1417.4 |     609.6
     761    305.1 |    1417.8 |     609.8
     762    305.3 |    1434.1 |     609.8
     763    305.5 |    1434.2 |     609.9
     764    305.8 |    1434.7 |     610.0
     765    305.8 |    1435.9 |     610.0
     766    306.1 |    1436.1 |     610.3
     767    306.5 |    1436.3 |     610.4
     768    306.5 |    1436.9 |     610.4
     769    306.5 |    1436.9 |     610.5
     770    306.7 |    1437.0 |     610.5
     771    306.7 |    1437.1 |     610.6
     772    306.8 |    1437.3 |     610.7
     773    307.0 |    1437.4 |     610.8
     774    307.1 |    1437.4 |     611.0
     775    307.2 |    1437.5 |     611.6
     776    307.2 |    1437.6 |     611.8
     777    307.3 |    1437.8 |     611.8
     778    307.3 |    1437.9 |     612.0
     779    307.3 |    1438.5 |     612.6
     780    307.4 |    1438.6 |     613.3
     781    307.4 |    1439.1 |     614.3
     782    307.4 |    1439.8 |     615.8
     783    307.4 |    1440.8 |     616.8
     784    307.5 |    1441.3 |     617.7
     785    307.5 |    1442.9 |     617.8
     786    307.5 |    1443.2 |     617.9
     787    307.5 |    1443.7 |     618.1
     788    307.9 |    1443.8 |     618.1
     789    308.2 |    1443.9 |     618.3
     790    308.4 |    1444.0 |     618.8
     791    308.4 |    1444.0 |     618.9
     792    308.5 |    1444.2 |     618.9
     793    308.5 |    1444.4 |     618.9
     794    308.7 |    1444.5 |     619.0
     795    308.8 |    1444.5 |     619.1
     796    310.5 |    1444.7 |     619.5
     797    312.0 |    1444.8 |     619.5
     798    313.5 |    1444.8 |     619.8
     799    313.6 |    1444.9 |     619.8
     800    313.6 |    1445.1 |     619.8
     801    313.7 |    1445.2 |     620.0
     802    313.8 |    1445.6 |     620.1
     803    313.9 |    1445.7 |     620.5
     804    314.0 |    1445.7 |     622.6
     805    314.4 |    1445.7 |     622.8
     806    314.7 |    1445.8 |     622.8
     807    314.7 |    1446.4 |     623.6
     808    314.8 |    1511.3 |     623.9
     809    314.9 |    1516.1 |     624.6
     810    315.0 |    1594.4 |     624.8
     811    315.1 |    1595.8 |     625.1
     812    315.1 |    1602.6 |     625.3
     813    315.2 |    1605.3 |     625.6
     814    315.4 |    1605.5 |     627.6
     815    315.6 |    1607.3 |     627.6
     816    315.7 |    1607.7 |     627.7
     817    315.8 |    1608.7 |     629.4
     818    315.9 |    1612.9 |     630.2
     819    315.9 |    1621.8 |     630.3
     820    321.1 |    1645.4 |     630.4
     821    321.2 |    1651.1 |     630.4
     822    321.8 |    1656.0 |     630.6
     823    322.5 |    1658.0 |     631.0
     824    329.0 |    1682.4 |     632.0
     825    329.0 |    1683.1 |     632.0
     826    329.3 |    1685.5 |     632.2
     827    329.9 |    1686.4 |     632.2
     828    330.1 |    1687.3 |     632.7
     829    330.2 |    1688.3 |     632.8
     830    330.3 |    1689.0 |     632.8
     831    330.5 |    1689.1 |     633.8
     832    330.6 |    1689.2 |     634.7
     833    330.6 |    1689.6 |     634.9
     834    330.6 |    1690.2 |     635.8
     835    330.7 |    1692.1 |     635.9
     836    330.7 |    1692.3 |     635.9
     837    330.8 |    1693.3 |     636.2
     838    331.0 |    1694.2 |     636.2
     839    331.1 |    1694.7 |     636.8
     840    331.1 |    1694.9 |     637.1
     841    331.2 |    1695.5 |     637.2
     842    331.3 |    1696.7 |     637.4
     843    331.3 |    1697.3 |     637.6
     844    331.4 |    1697.6 |     637.6
     845    331.4 |    1697.9 |     637.7
     846    331.4 |    1698.2 |     638.2
     847    331.5 |    1698.3 |     638.3
     848    331.6 |    1698.7 |     638.3
     849    331.6 |    1698.8 |     638.4
     850    331.7 |    1698.8 |     639.2
     851    331.7 |    1700.1 |     639.4
     852    331.7 |    1705.5 |     639.4
     853    331.8 |    1711.1 |     639.7
     854    333.3 |    1713.0 |     639.7
     855    334.3 |    1723.5 |     639.9
     856    334.5 |    1855.7 |     640.3
     857    335.6 |    1860.3 |     640.3
     858    335.8 |    1860.3 |     640.6
     859    337.4 |    1861.5 |     640.9
     860    337.9 |    1861.6 |     641.1
     861    339.4 |    1864.1 |     641.4
     862    339.7 |    1864.1 |     641.7
     863    340.4 |    1864.4 |     641.8
     864    340.5 |    1864.9 |     641.8
     865    340.6 |    1865.1 |     641.9
     866    341.0 |    1865.4 |     642.4
     867    341.1 |    1865.8 |     642.6
     868    341.2 |    1865.9 |     642.7
     869    341.5 |    1865.9 |     643.3
     870    342.0 |    1865.9 |     643.7
     871    342.2 |    1866.3 |     644.1
     872    342.3 |    1866.6 |     644.1
     873    342.6 |    1867.0 |     644.6
     874    343.1 |    1867.3 |     644.8
     875    343.8 |    1867.5 |     644.9
     876    343.8 |    1867.6 |     644.9
     877    344.0 |    1867.7 |     645.7
     878    344.1 |    1867.7 |     646.2
     879    344.2 |    1867.7 |     646.4
     880    344.6 |    1867.9 |     646.7
     881    347.6 |    1868.4 |     646.7
     882    347.9 |    1869.2 |     646.8
     883    351.2 |    1869.2 |     646.9
     884    352.4 |    1869.7 |     647.1
     885    352.7 |    1870.6 |     647.2
     886    352.9 |    1870.9 |     647.2
     887    354.6 |    1871.0 |     647.6
     888    361.4 |    1872.3 |     647.8
     889    362.0 |    1873.1 |     647.8
     890    362.2 |    1873.6 |     648.5
     891    362.3 |    1874.3 |     648.7
     892    362.4 |    1874.3 |     648.8
     893    362.4 |    1874.3 |     648.8
     894    362.5 |    1874.4 |     649.2
     895    362.6 |    1874.4 |     649.7
     896    362.6 |    1874.5 |     649.7
     897    362.6 |    1874.5 |     649.9
     898    362.6 |    1874.7 |     649.9
     899    362.7 |    1874.8 |     649.9
     900    362.7 |    1876.8 |     650.0
     901    362.8 |    1877.3 |     650.0
     902    362.8 |    1877.4 |     650.0
     903    362.9 |    1877.5 |     650.0
     904    362.9 |    1877.6 |     650.0
     905    363.0 |    1877.6 |     650.1
     906    363.0 |    1877.9 |     650.1
     907    363.0 |    1878.3 |     650.1
     908    363.1 |    1878.5 |     650.1
     909    363.2 |    1878.7 |     650.2
     910    363.2 |    1879.0 |     650.2
     911    363.2 |    1879.2 |     650.2
     912    363.2 |    1879.2 |     650.2
     913    363.2 |    1879.6 |     650.2
     914    363.3 |    1879.7 |     650.2
     915    363.3 |    1880.4 |     650.2
     916    363.3 |    1880.9 |     650.2
     917    363.4 |    1881.1 |     650.2
     918    363.4 |    1881.1 |     650.2
     919    363.5 |    1881.2 |     650.2
     920    363.5 |    1881.5 |     650.2
     921    363.6 |    1882.5 |     650.2
     922    364.1 |    1882.8 |     650.3
     923    364.3 |    1883.1 |     650.3
     924    364.4 |    1890.6 |     650.3
     925    364.6 |    1925.9 |     650.3
     926    364.7 |    1927.2 |     650.4
     927    364.7 |    1927.5 |     650.4
     928    364.8 |    1927.7 |     650.5
     929    364.9 |    1927.9 |     650.8
     930    364.9 |    1928.0 |     650.8
     931    365.0 |    1928.1 |     650.8
     932    365.3 |    1928.2 |     651.1
     933    365.6 |    1928.3 |     651.2
     934    374.8 |    1928.4 |     651.3
     935    374.9 |    1928.4 |     651.4
     936    375.3 |    1928.6 |     652.0
     937    375.3 |    1928.8 |     652.5
     938    375.4 |    1928.8 |     652.8
     939    375.4 |    1929.4 |     652.8
     940    375.5 |    1929.7 |     652.8
     941    375.5 |    1929.8 |     652.8
     942    375.6 |    1929.9 |     652.8
     943    375.6 |    1930.1 |     652.8
     944    375.7 |    1930.5 |     652.8
     945    375.7 |    1930.7 |     652.8
     946    375.8 |    1941.9 |     652.9
     947    375.9 |    1943.1 |     652.9
     948    376.0 |    2076.5 |     652.9
     949    376.0 |    2077.3 |     652.9
     950    376.0 |    2077.9 |     653.0
     951    376.0 |    2078.1 |     653.0
     952    376.1 |    2079.2 |     653.0
     953    376.1 |    2079.6 |     653.0
     954    376.1 |    2079.8 |     653.1
     955    376.1 |    2080.1 |     653.1
     956    376.2 |    2080.2 |     653.1
     957    377.6 |    2080.2 |     653.2
     958    377.6 |    2080.3 |     653.2
     959    377.7 |    2080.3 |     653.2
     960    377.7 |    2080.4 |     653.2
     961    377.8 |    2081.1 |     653.2
     962    377.8 |    2081.5 |     653.3
     963    377.9 |    2081.6 |     653.3
     964    377.9 |    2083.0 |     653.3
     965    378.0 |    2083.2 |     653.3
     966    378.0 |    2083.3 |     653.4
     967    378.0 |    2083.3 |     653.4
     968    378.1 |    2083.3 |     653.4
     969    378.1 |    2083.8 |     653.4
     970    378.1 |    2084.0 |     653.4
     971    378.1 |    2099.6 |     653.5
     972    378.2 |    2099.6 |     653.5
     973    378.2 |    2099.7 |     653.5
     974    378.3 |    2099.8 |     653.6
     975    378.4 |    2099.9 |     653.6
     976    378.4 |    2100.0 |     653.6
     977    378.4 |    2100.1 |     653.7
     978    381.9 |    2100.2 |     653.7
     979    383.0 |    2100.5 |     653.7
     980    387.7 |    2100.6 |     653.7
     981    387.8 |    2100.7 |     653.7
     982    387.9 |    2100.8 |     653.7
     983    388.0 |    2101.1 |     653.7
     984    388.0 |    2101.1 |     653.7
     985    388.1 |    2101.4 |     653.8
     986    388.1 |    2102.1 |     653.8
     987    388.2 |    2102.1 |     653.8
     988    388.2 |    2102.3 |     653.9
     989    388.3 |    2102.4 |     653.9
     990    388.3 |    2102.6 |     653.9
     991    388.3 |    2103.0 |     653.9
     992    388.3 |    2104.9 |     654.0
     993    388.4 |    2105.1 |     654.0
     994    388.4 |    2105.8 |     654.1
     995    388.5 |    2106.0 |     654.3
     996    388.9 |    2107.8 |     654.6
     997    388.9 |    2109.4 |     654.7
     998    388.9 |    2109.7 |     654.8
     999    389.0 |    2109.9 |     654.9
    1000    389.0 |    2110.5 |     655.1
    1001    389.1 |    2111.7 |     655.1
    1002    389.2 |    2112.6 |     655.3
    1003    389.2 |    2112.6 |     655.3
    1004    389.3 |    2113.4 |     655.4
    1005    389.3 |    2114.2 |     655.4
    1006    389.4 |    2114.5 |     655.4
    1007    389.6 |    2115.0 |     655.4
    1008    390.0 |    2121.0 |     655.4
    1009    390.1 |    2121.1 |     655.4
    1010    390.2 |    2128.1 |     655.5
    1011    390.2 |    2129.0 |     655.5
    1012    390.2 |    2129.1 |     655.6
    1013    390.5 |    2129.3 |     655.6
    1014    390.5 |    2129.5 |     655.6
    1015    390.5 |    2131.2 |     655.7
    1016    390.5 |    2137.0 |     655.7
    1017    390.6 |    2962.3 |     655.7
    1018    390.6 |    2965.2 |     655.8
    1019    390.6 |    2966.8 |     655.8
    1020    390.6 |    2967.5 |     655.8
    1021    390.7 |    2970.8 |     655.8
    1022    390.7 |    2975.9 |     655.9
    1023    390.8 |    2976.8 |     655.9
    1024    390.8 |    2985.8 |     655.9
    1025    390.8 |    2987.5 |     656.0
    1026    390.9 |    2988.9 |     656.1
    1027    390.9 |    2989.3 |     656.4
    1028    391.0 |    2990.6 |     656.4
    1029    391.1 |    2990.8 |     656.7
    1030    391.1 |    2992.4 |     656.8
    1031    391.2 |    2992.4 |     656.9
    1032    391.4 |    2993.0 |     657.3
    1033    392.8 |    2994.5 |     657.4
    1034    393.1 |    2995.3 |     657.4
    1035    393.3 |    2995.5 |     657.5
    1036    398.8 |    2995.8 |     657.5
    1037    399.4 |    2996.1 |     657.6
    1038    399.4 |    2998.3 |     657.7
    1039    399.5 |    2999.8 |     657.8
    1040    399.6 |    2999.9 |     657.9
    1041    400.0 |    3000.2 |     658.0
    1042    400.3 |    3000.4 |     658.2
    1043    400.6 |    3000.6 |     658.4
    1044    402.5 |    3000.7 |     658.8
    1045    404.1 |    3001.2 |     659.5
    1046    404.2 |    3003.1 |     659.7
    1047    404.7 |    3003.9 |     659.7
    1048    404.8 |    3004.7 |     659.8
    1049    406.6 |    3004.7 |     659.8
    1050    407.4 |    3005.0 |     659.8
    1051    421.9 |    3005.7 |     659.8
    1052    422.1 |    3008.0 |     659.9
    1053    422.2 |    3008.4 |     659.9
    1054    422.4 |    3009.2 |     660.0
    1055    422.4 |    3010.2 |     660.0
    1056    422.6 |    3011.5 |     660.1
    1057    422.9 |    3012.2 |     660.1
    1058    423.0 |    3012.4 |     660.1
    1059    423.1 |    3012.4 |     660.1
    1060    423.1 |    3013.2 |     660.1
    1061    423.3 |    3013.2 |     660.2
    1062    423.3 |    3014.2 |     660.3
    1063    423.3 |    3014.5 |     660.3
    1064    423.5 |    3014.8 |     660.4
    1065    423.6 |    3016.0 |     660.4
    1066    423.7 |    3020.9 |     660.4
    1067    423.7 |    3021.8 |     660.4
    1068    423.8 |    3025.6 |     660.4
    1069    424.0 |    3026.4 |     660.5
    1070    424.2 |    3027.1 |     660.5
    1071    424.3 |    3027.7 |     660.8
    1072    427.4 |    3029.0 |     660.9
    1073    427.7 |    3031.8 |     661.2
    1074    452.7 |    3034.7 |     662.0
    1075    453.1 |    3034.8 |     662.1
    1076    453.4 |    3035.3 |     662.3
    1077    453.5 |    3042.1 |     662.6
    1078    453.5 |    3049.2 |     662.7
    1079    453.6 |    3050.2 |     662.8
    1080    453.6 |    3051.2 |     662.8
    1081    453.7 |    3052.3 |     662.8
    1082    453.7 |    3053.0 |     662.9
    1083    453.7 |    3053.1 |     663.3
    1084    453.7 |    3054.4 |     663.3
    1085    453.7 |    3054.9 |     663.4
    1086    453.7 |    3055.9 |     663.6
    1087    453.7 |    3056.1 |     663.7
    1088    453.8 |    3056.3 |     663.9
    1089    453.8 |    3056.7 |     664.0
    1090    453.9 |    3057.2 |     664.0
    1091    453.9 |    3057.3 |     664.1
    1092    453.9 |    3057.6 |     664.2
    1093    453.9 |    3057.7 |     664.2
    1094    453.9 |    3057.8 |     664.4
    1095    453.9 |    3058.1 |     664.4
    1096    454.0 |    3058.8 |     664.5
    1097    458.2 |    3059.0 |     664.6
    1098    458.7 |    3059.1 |     664.6
    1099    458.7 |    3059.1 |     664.6
    1100    458.8 |    3060.2 |     664.7
    1101    458.8 |    3064.5 |     664.9
    1102    458.8 |    3068.9 |     665.0
    1103    458.8 |    3072.3 |     665.1
    1104    458.8 |    3074.0 |     665.1
    1105    458.9 |    3077.3 |     665.3
    1106    458.9 |    3078.8 |     665.3
    1107    458.9 |    3079.5 |     665.4
    1108    458.9 |    3079.8 |     665.4
    1109    458.9 |    3079.9 |     665.6
    1110    459.0 |    3080.4 |     665.7
    1111    459.0 |    3080.5 |     665.9
    1112    459.0 |    3082.7 |     665.9
    1113    459.0 |    3083.2 |     665.9
    1114    459.0 |    3083.7 |     666.0
    1115    459.0 |    3083.8 |     666.0
    1116    459.1 |    3084.4 |     666.1
    1117    459.2 |    3084.8 |     666.1
    1118    459.3 |    3087.6 |     666.2
    1119    459.3 |    3088.6 |     666.3
    1120    459.5 |    3088.6 |     666.4
    1121    459.5 |    3089.3 |     666.5
    1122    459.6 |    3089.4 |     666.6
    1123    460.0 |    3091.3 |     666.7
    1124    460.2 |    3091.5 |     667.1
    1125    460.4 |    3092.1 |     667.5
    1126    460.5 |    3092.5 |     667.5
    1127    460.5 |    3092.6 |     667.5
    1128    460.5 |    3093.2 |     667.5
    1129    460.5 |    3093.9 |     667.7
    1130    460.6 |    3093.9 |     667.8
    1131    460.6 |    3094.0 |     667.9
    1132    460.6 |    3094.0 |     667.9
    1133    460.6 |    3094.2 |     668.0
    1134    460.8 |    3094.2 |     668.4
    1135    460.9 |    3094.3 |     668.9
    1136    461.0 |    3094.5 |     668.9
    1137    461.3 |    3094.8 |     669.2
    1138    461.4 |    3095.1 |     669.2
    1139    461.4 |    3095.3 |     669.3
    1140    461.7 |    3095.3 |     669.4
    1141    462.5 |    3096.0 |     669.7
    1142    462.5 |    3096.0 |     669.8
    1143    462.5 |    3096.0 |     669.8
    1144    462.8 |    3096.1 |     670.1
    1145    462.9 |    3096.2 |     670.2
    1146    463.0 |    3096.5 |     670.3
    1147    463.0 |    3096.6 |     670.4
    1148    463.0 |    3096.8 |     670.5
    1149    463.0 |    3096.8 |     670.5
    1150    463.1 |    3096.9 |     670.5
    1151    463.2 |    3097.0 |     670.6
    1152    463.2 |    3098.0 |     670.9
    1153    463.2 |    3098.1 |     670.9
    1154    463.7 |    3099.0 |     671.1
    1155    463.8 |    3100.0 |     671.3
    1156    463.9 |    3100.6 |     671.3
    1157    463.9 |    3100.7 |     671.4
    1158    464.0 |    3100.7 |     671.5
    1159    464.1 |    3101.1 |     671.6
    1160    464.1 |    3101.4 |     671.8
    1161    464.3 |    3101.7 |     672.1
    1162    465.4 |    3102.1 |     672.2
    1163    465.8 |    3102.2 |     672.2
    1164    468.4 |    3102.3 |     672.5
    1165    468.7 |    3105.3 |     672.5
    1166    479.4 |    3105.4 |     672.6
    1167    479.6 |    3105.7 |     672.7
    1168    479.7 |    3105.9 |     672.7
    1169    480.7 |    3105.9 |     672.8
    1170    480.8 |    3106.1 |     672.9
    1171    480.9 |    3106.5 |     673.1
    1172    481.0 |    3106.6 |     673.2
    1173    481.1 |    3106.6 |     673.3
    1174    481.2 |    3107.0 |     673.4
    1175    481.4 |    3107.1 |     673.4
    1176    481.5 |    3107.3 |     673.4
    1177    481.6 |    3107.4 |     673.4
    1178    481.7 |    3107.6 |     673.4
    1179    482.1 |    3107.6 |     673.4
    1180    483.0 |    3107.7 |     673.4
    1181    483.1 |    3107.9 |     673.4
    1182    484.1 |    3108.0 |     673.5
    1183    484.6 |    3108.7 |     673.5
    1184    484.6 |    3108.8 |     673.6
    1185    484.7 |    3108.8 |     673.6
    1186    484.8 |    3109.0 |     673.6
    1187    484.9 |    3109.0 |     673.6
    1188    486.4 |    3109.3 |     673.8
    1189    654.5 |    3109.4 |     673.8
    1190    656.6 |    3110.1 |     673.9
    1191    656.9 |    3110.5 |     674.0
    1192    657.3 |    3110.7 |     674.0
    1193    658.6 |    3110.7 |     674.0
    1194    659.2 |    3110.9 |     674.0
    1195    659.6 |    3110.9 |     674.1
    1196    659.6 |    3111.7 |     674.1
    1197    660.9 |    3111.8 |     674.2
    1198    662.8 |    3111.9 |     674.2
    1199    682.7 |    3113.0 |     674.2
    1200    684.3 |    3113.0 |     674.2
    1201    685.6 |    3113.7 |     674.2
    1202    687.0 |    3113.7 |     674.2
    1203    687.1 |    3114.2 |     674.2
    1204    687.3 |    3115.1 |     674.3
    1205    687.3 |    3116.4 |     674.4
    1206    687.3 |    3119.0 |     674.5
    1207    687.7 |    3119.2 |     674.5
    1208    687.7 |    3120.0 |     674.6
    1209    687.8 |    3122.2 |     674.7
    1210    687.9 |    3123.2 |     674.8
    1211    688.1 |    3123.6 |     674.8
    1212    688.3 |    3124.0 |     674.8
    1213    688.3 |    3124.9 |     674.9
    1214    688.5 |    3125.3 |     674.9
    1215    688.7 |    3125.5 |     674.9
    1216    688.8 |    3125.7 |     675.0
    1217    689.0 |    3125.8 |     675.0
    1218    689.2 |    3126.1 |     675.1
    1219    689.6 |    3126.7 |     675.1
    1220    690.9 |    3126.8 |     675.1
    1221    691.2 |    3127.5 |     675.2
    1222    712.5 |    3128.0 |     675.2
    1223    712.6 |    3128.1 |     675.2
    1224    712.9 |    3130.3 |     675.3
    1225    713.4 |    3132.8 |     675.3
    1226    713.5 |    3133.5 |     675.3
    1227    713.6 |    3134.0 |     675.4
    1228    714.0 |    3137.2 |     675.4
    1229    714.2 |    3137.7 |     675.7
    1230    714.2 |    3139.2 |     675.7
    1231    714.5 |    3142.8 |     675.8
    1232    714.8 |    3143.9 |     675.8
    1233    714.8 |    3145.8 |     675.8
    1234    714.8 |    3146.5 |     675.8
    1235    715.1 |    3146.6 |     675.9
    1236    715.2 |    3147.0 |     676.0
    1237    715.4 |    3147.0 |     676.0
    1238    715.5 |    3148.0 |     676.0
    1239    716.6 |    3148.8 |     676.1
    1240    716.9 |    3148.9 |     676.4
    1241    716.9 |    3149.3 |     676.4
    1242    717.3 |    3149.5 |     676.4
    1243    717.9 |    3149.6 |     676.4
    1244    718.0 |    3149.8 |     676.4
    1245    718.3 |    3150.4 |     676.4
    1246    718.3 |    3151.5 |     676.4
    1247    718.7 |    3151.5 |     676.5
    1248    718.7 |    3152.1 |     676.5
    1249    718.8 |    3156.2 |     676.5
    1250    722.9 |    3156.7 |     676.5
    1251    723.5 |    3157.2 |     676.5
    1252    745.3 |    3158.1 |     676.6
    1253    745.5 |    3158.6 |     676.6
    1254    746.5 |    3158.7 |     676.6
    1255    746.7 |    3159.3 |     676.7
    1256    747.6 |    3159.5 |     676.8
    1257    748.9 |    3160.1 |     676.8
    1258    749.4 |    3160.2 |     676.9
    1259    749.5 |    3160.4 |     677.0
    1260    750.9 |    3160.7 |     677.1
    1261    751.2 |    3160.9 |     677.1
    1262    751.7 |    3161.2 |     677.2
    1263    751.8 |    3161.3 |     677.2
    1264    751.9 |    3161.4 |     677.2
    1265    752.5 |    3161.8 |     677.2
    1266    754.4 |    3162.2 |     677.2
    1267    754.9 |    3162.8 |     677.3
    1268    755.2 |    3163.0 |     677.4
    1269    755.2 |    3163.0 |     677.4
    1270    755.6 |    3164.3 |     677.5
    1271    755.7 |    3164.5 |     677.5
    1272    755.8 |    3164.6 |     677.5
    1273    756.2 |    3164.7 |     677.6
    1274    756.2 |    3164.8 |     677.6
    1275    756.4 |    3165.0 |     677.7
    1276    757.3 |    3165.0 |     677.7
    1277    757.7 |    3165.5 |     677.9
    1278    758.3 |    3165.6 |     677.9
    1279    758.5 |    3166.1 |     678.0
    1280    758.7 |    3166.4 |     678.1
    1281    759.2 |    3166.5 |     678.2
    1282    760.0 |    3166.5 |     678.3
    1283    760.1 |    3166.7 |     678.3
    1284    760.3 |    3166.7 |     678.5
    1285    761.3 |    3166.8 |     678.5
    1286    762.0 |    3167.3 |     678.6
    1287    762.2 |    3167.3 |     678.6
    1288    762.7 |    3167.7 |     678.7
    1289    778.1 |    3167.7 |     678.9
    1290    785.4 |    3167.7 |     678.9
    1291    786.8 |    3168.3 |     679.5
    1292    787.7 |    3168.6 |     679.6
    1293    787.7 |    3168.9 |     679.6
    1294    789.9 |    3168.9 |     679.7
    1295    790.1 |    3169.0 |     679.7
    1296    793.6 |    3169.0 |     679.7
    1297    796.1 |    3169.1 |     679.8
    1298    798.5 |    3169.1 |     679.8
    1299    799.5 |    3169.2 |     679.8
    1300    800.2 |    3169.4 |     679.9
    1301    807.4 |    3170.1 |     680.0
    1302    808.0 |    3170.2 |     680.0
    1303    808.2 |    3170.2 |     680.0
    1304    808.6 |    3170.5 |     680.0
    1305    808.8 |    3170.6 |     680.1
    1306    808.9 |    3170.7 |     680.1
    1307    811.5 |    3170.7 |     680.1
    1308    812.3 |    3170.7 |     680.2
    1309    813.9 |    3170.7 |     680.3
    1310    814.0 |    3170.8 |     680.3
    1311    814.0 |    3170.8 |     680.4
    1312    814.8 |    3171.0 |     680.4
    1313    815.2 |    3171.1 |     680.5
    1314    815.3 |    3171.5 |     680.6
    1315    815.3 |    3171.5 |     680.6
    1316    815.5 |    3171.5 |     680.8
    1317    816.0 |    3171.7 |     680.8
    1318    816.1 |    3171.9 |     681.0
    1319    816.2 |    3172.0 |     681.0
    1320    816.4 |    3172.0 |     681.0
    1321    816.5 |    3172.2 |     681.0
    1322    816.7 |    3172.3 |     681.1
    1323    816.7 |    3172.9 |     681.1
    1324    816.8 |    3173.0 |     681.1
    1325    817.1 |    3173.2 |     681.1
    1326    817.2 |    3173.7 |     681.2
    1327    817.6 |    3173.7 |     681.2
    1328    817.9 |    3174.2 |     681.3
    1329    818.2 |    3174.6 |     681.3
    1330    818.5 |    3175.6 |     681.4
    1331    818.6 |    3179.1 |     681.4
    1332    819.5 |    3179.4 |     681.8
    1333    820.1 |    3182.0 |     681.8
    1334    820.2 |    3182.2 |     682.0
    1335    820.2 |    3184.3 |     682.0
    1336    820.2 |    3184.7 |     682.1
    1337    820.4 |    3186.7 |     682.3
    1338    820.6 |    3187.1 |     682.5
    1339    820.6 |    3187.7 |     682.9
    1340    821.0 |    3187.8 |     683.1
    1341    821.0 |    3188.1 |     683.4
    1342    821.2 |    3188.1 |     683.5
    1343    821.3 |    3188.3 |     683.9
    1344    821.4 |    3188.4 |     684.4
    1345    821.4 |    3188.6 |     684.9
    1346    821.6 |    3188.6 |     685.4
    1347    821.7 |    3188.7 |     685.7
    1348    821.9 |    3188.8 |     685.8
    1349    822.1 |    3188.9 |     686.0
    1350    822.1 |    3189.0 |     686.0
    1351    822.2 |    3189.1 |     686.1
    1352    822.2 |    3189.2 |     686.9
    1353    822.5 |    3189.3 |     687.1
    1354    823.0 |    3189.4 |     687.5
    1355    823.2 |    3189.6 |     687.5
    1356    823.2 |    3189.6 |     688.7
    1357    823.3 |    3189.7 |     690.7
    1358    823.4 |    3189.7 |     690.7
    1359    823.5 |    3189.7 |     691.5
    1360    823.6 |    3189.8 |     694.3
    1361    823.6 |    3189.8 |     695.5
    1362    823.7 |    3190.1 |     696.3
    1363    823.9 |    3190.1 |     696.7
    1364    823.9 |    3190.2 |     696.7
    1365    824.1 |    3190.4 |     696.8
    1366    824.3 |    3190.4 |     696.9
    1367    826.3 |    3190.9 |     697.1
    1368    838.2 |    3191.1 |     697.1
    1369    845.5 |    3191.2 |     697.5
    1370    845.7 |    3191.3 |     697.8
    1371    846.8 |    3192.1 |     698.1
    1372    847.1 |    3192.4 |     698.1
    1373    847.5 |    3193.6 |     698.2
    1374    848.7 |    3194.0 |     698.2
    1375    849.0 |    3194.0 |     698.6
    1376    849.6 |    3194.3 |     698.6
    1377    849.9 |    3194.4 |     698.7
    1378    850.3 |    3194.9 |     699.0
    1379    852.0 |    3195.0 |     699.2
    1380    852.4 |    3195.2 |     700.1
    1381    852.7 |    3195.8 |     700.3
    1382    852.8 |    3196.3 |     700.3
    1383    853.1 |    3196.4 |     700.4
    1384    853.2 |    3196.5 |     700.7
    1385    853.3 |    3196.6 |     700.7
    1386    853.3 |    3196.6 |     700.7
    1387    853.4 |    3196.6 |     700.8
    1388    853.8 |    3196.6 |     700.8
    1389    853.8 |    3196.8 |     701.0
    1390    854.0 |    3196.8 |     701.1
    1391    854.0 |    3196.8 |     701.2
    1392    854.1 |    3196.9 |     701.2
    1393    854.2 |    3197.2 |     701.9
    1394    854.2 |    3197.2 |     701.9
    1395    854.5 |    3197.3 |     701.9
    1396    854.5 |    3197.5 |     702.1
    1397    854.6 |    3197.5 |     702.3
    1398    854.7 |    3197.7 |     702.4
    1399    855.0 |    3197.7 |     702.4
    1400    855.0 |    3197.8 |     702.4
    1401    855.1 |    3197.8 |     702.4
    1402    855.6 |    3198.1 |     702.5
    1403    855.9 |    3198.1 |     702.8
    1404    856.2 |    3198.2 |     702.8
    1405    856.3 |    3198.2 |     703.3
    1406    856.4 |    3198.3 |     703.4
    1407    856.8 |    3198.4 |     703.4
    1408    857.1 |    3198.4 |     703.9
    1409    857.4 |    3198.5 |     704.0
    1410    858.7 |    3199.6 |     704.3
    1411    858.8 |    3200.0 |     704.6
    1412    859.4 |    3200.8 |     704.7
    1413    859.4 |    3200.9 |     704.7
    1414    859.5 |    3201.0 |     704.7
    1415    860.1 |    3201.1 |     704.7
    1416    860.2 |    3201.3 |     704.7
    1417    861.5 |    3201.3 |     704.7
    1418    861.6 |    3201.5 |     704.9
    1419    861.9 |    3201.5 |     705.3
    1420    862.1 |    3201.6 |     705.4
    1421    863.5 |    3201.7 |     706.4
    1422    863.5 |    3201.8 |     706.9
    1423    863.7 |    3201.8 |     707.1
    1424    864.2 |    3201.8 |     708.7
    1425    864.5 |    3201.9 |     708.7
    1426    864.7 |    3202.0 |     708.9
    1427    866.2 |    3202.4 |     709.0
    1428    866.5 |    3202.5 |     709.4
    1429    866.7 |    3202.6 |     709.5
    1430    867.8 |    3202.8 |     709.9
    1431    867.9 |    3203.0 |     710.0
    1432    869.1 |    3203.2 |     710.5
    1433    869.8 |    3203.4 |     710.9
    1434    870.1 |    3203.7 |     710.9
    1435    870.7 |    3204.9 |     711.2
    1436    870.9 |    3208.4 |     711.5
    1437    871.4 |    3208.7 |     711.6
    1438    871.4 |    3208.9 |     711.7
    1439    871.5 |    3208.9 |     711.8
    1440    872.1 |    3209.1 |     711.9
    1441    872.7 |    3209.1 |     712.0
    1442    872.9 |    3209.2 |     712.7
    1443    873.0 |    3209.4 |     713.3
    1444    873.5 |    3209.5 |     713.6
    1445    874.0 |    3209.6 |     713.8
    1446    874.6 |    3209.9 |     714.4
    1447    875.7 |    3210.0 |     714.8
    1448    876.0 |    3210.2 |     715.4
    1449    876.8 |    3210.4 |     715.5
    1450    876.9 |    3210.4 |     715.8
    1451    879.7 |    3210.5 |     715.9
    1452    880.2 |    3210.5 |     716.0
    1453    881.2 |    3210.5 |     716.6
    1454    882.7 |    3210.6 |     716.6
    1455    882.9 |    3210.6 |     716.7
    1456    883.1 |    3210.6 |     717.0
    1457    884.2 |    3210.7 |     717.2
    1458    885.1 |    3210.7 |     717.3
    1459    888.1 |    3212.1 |     717.3
    1460    889.7 |    3212.9 |     717.4
    1461    889.8 |    3213.9 |     717.5
    1462    890.5 |    3215.7 |     717.5
    1463    891.3 |    3215.8 |     718.2
    1464    891.5 |    3215.9 |     719.2
    1465    891.7 |    3215.9 |     719.5
    1466    893.3 |    3216.0 |     719.6
    1467    893.7 |    3216.0 |     719.7
    1468    895.5 |    3216.1 |     721.0
    1469    897.9 |    3216.2 |     721.4
    1470    898.4 |    3216.3 |     721.6
    1471    898.9 |    3216.3 |     721.6
    1472    899.0 |    3216.4 |     722.0
    1473    899.5 |    3216.4 |     722.1
    1474    899.6 |    3216.5 |     723.8
    1475    899.7 |    3216.5 |     726.8
    1476    899.9 |    3216.6 |     728.2
    1477    900.2 |    3216.7 |     730.2
    1478    900.7 |    3216.9 |     730.3
    1479    900.7 |    3216.9 |     730.3
    1480    901.9 |    3217.0 |     730.6
    1481    902.6 |    3217.9 |     731.7
    1482    903.6 |    3218.8 |     733.9
    1483    904.5 |    3219.9 |     736.4
    1484    908.8 |    3221.6 |     736.6
    1485    909.2 |    3224.7 |     742.3
    1486    909.6 |    3224.7 |     742.4
    1487    910.6 |    3224.9 |     742.5
    1488    911.3 |    3225.0 |     743.6
    1489    911.7 |    3225.1 |     743.9
    1490    913.5 |    3225.1 |     744.5
    1491    914.8 |    3225.2 |     745.4
    1492    915.9 |    3225.2 |     745.8
    1493    918.8 |    3225.2 |     746.3
    1494    919.3 |    3225.4 |     746.6
    1495    920.4 |    3225.5 |     746.7
    1496    920.7 |    3225.5 |     746.7
    1497    920.8 |    3225.5 |     746.8
    1498    920.9 |    3225.6 |     747.0
    1499    920.9 |    3225.7 |     747.0
    1500    921.1 |    3225.9 |     747.1
    1501    921.3 |    3225.9 |     747.8
    1502    921.5 |    3226.0 |     747.9
    1503    921.6 |    3226.0 |     748.4
    1504    921.7 |    3226.3 |     748.4
    1505    922.2 |    3228.5 |     748.8
    1506    922.5 |    3229.6 |     748.8
    1507    922.8 |    3231.0 |     749.2
    1508    923.3 |    3233.9 |     750.0
    1509    923.3 |    3235.8 |     750.3
    1510    923.4 |    3244.6 |     750.4
    1511    924.3 |    3245.1 |     750.5
    1512    925.7 |    3245.7 |     750.7
    1513    926.1 |    3246.1 |     751.4
    1514    926.1 |    3246.3 |     754.1
    1515    926.7 |    3247.3 |     758.0
    1516    926.8 |    3247.9 |     758.3
    1517    927.3 |    3249.8 |     759.0
    1518    927.5 |    3251.5 |     759.9
    1519    928.0 |    3252.5 |     764.0
    1520    928.7 |    3651.2 |     764.3
    1521    941.0 |    3651.7 |     764.4
    1522    944.8 |    3665.7 |     764.9
    1523    949.2 |    3666.0 |     765.0
    1524   1035.3 |    3666.2 |     765.7
    1525   1042.7 |    3666.3 |     767.1
    1526   1061.5 |    3666.6 |     771.9
    1527   1061.8 |    3666.9 |     774.0
  ----------------------------------------------------
    RMSD          |    1592.4 |     209.1
     MAE          |    1262.3 |     181.4
======================================================



=======================================
  TIMING [JAX (gpu) + MM3 + Optax Adam]
=======================================
  Optimization S              1000.27 s
  Function Evaluations             2001
  Per Evaluation S             499.9 ms
=======================================


