
====================================================
  SUMMARY [JAX (gpu) + MM3 + Optax Adam+cosine]
====================================================
  RMSD (cm⁻¹):       259.9 → 199.5
  Score:             91.481736 → 65.866963  (+28.0%)
  Function evals:    2001
  Wall time:         390.1s
  Scipy converged:   False
  Scipy message:     Max steps (2000) reached
====================================================



=============================================================
  FREQUENCY PROGRESSION [JAX (gpu) + MM3 + Optax Adam+cosine]
=============================================================
    Mode   QM ref |   QFUERZA | Optimized
  -----------------------------------------------------------
       1     50.1 |      51.7 |      50.2
       2     53.0 |      56.5 |      50.8
       3     54.4 |      56.7 |      51.1
       4     56.2 |      59.5 |      52.0
       5     56.5 |      64.0 |      52.9
       6     57.0 |      64.2 |      53.8
       7     57.9 |      64.5 |      56.4
       8     59.4 |      69.5 |      56.7
       9     61.9 |      70.9 |      57.7
      10     63.5 |      74.0 |      58.0
      11     64.8 |      74.1 |      61.2
      12     65.4 |      78.1 |      61.5
      13     66.5 |      80.7 |      66.4
      14     67.1 |      82.4 |      66.6
      15     70.5 |      82.8 |      67.7
      16     70.5 |      84.3 |      69.0
      17     71.6 |      86.3 |      69.2
      18     73.5 |      86.9 |      70.3
      19     73.7 |      88.6 |      71.3
      20     75.8 |      89.6 |      74.0
      21     76.4 |      90.1 |      76.6
      22     79.6 |      90.5 |      79.2
      23     80.8 |      90.6 |      80.2
      24     81.1 |      95.1 |      81.5
      25     81.4 |      95.3 |      82.0
      26     82.3 |      97.8 |      82.5
      27     82.4 |      98.7 |      85.4
      28     82.6 |     100.6 |      87.1
      29     83.1 |     105.0 |      88.1
      30     83.2 |     107.9 |      91.3
      31     83.3 |     108.3 |      91.7
      32     86.9 |     110.5 |      92.3
      33     87.2 |     110.9 |      95.0
      34     87.5 |     111.3 |      95.8
      35     87.7 |     115.5 |      95.9
      36     88.2 |     116.6 |      96.7
      37     89.3 |     118.8 |      98.1
      38     92.2 |     120.6 |      99.5
      39     92.3 |     121.6 |     103.1
      40     92.5 |     122.3 |     106.4
      41     93.7 |     124.3 |     107.4
      42     96.3 |     126.2 |     108.7
      43     97.0 |     129.2 |     110.0
      44    101.6 |     129.7 |     111.4
      45    103.3 |     131.1 |     113.9
      46    103.6 |     134.2 |     114.1
      47    105.0 |     136.3 |     116.2
      48    108.7 |     136.8 |     119.3
      49    108.9 |     136.9 |     119.9
      50    110.4 |     137.2 |     120.6
      51    115.0 |     138.8 |     121.3
      52    116.1 |     138.8 |     121.7
      53    116.6 |     139.1 |     122.2
      54    117.8 |     140.2 |     122.8
      55    118.0 |     142.7 |     123.6
      56    118.2 |     144.4 |     123.7
      57    119.5 |     144.4 |     125.1
      58    120.4 |     144.9 |     126.2
      59    122.2 |     145.9 |     126.7
      60    123.8 |     146.2 |     130.4
      61    124.5 |     149.4 |     133.1
      62    125.3 |     151.5 |     133.3
      63    126.2 |     152.6 |     133.4
      64    126.7 |     152.6 |     134.6
      65    128.2 |     154.6 |     135.5
      66    129.0 |     157.4 |     137.8
      67    130.4 |     157.6 |     138.4
      68    130.7 |     160.2 |     139.2
      69    131.8 |     160.8 |     140.0
      70    132.7 |     161.6 |     141.2
      71    133.4 |     161.9 |     141.3
      72    135.7 |     161.9 |     143.1
      73    138.3 |     163.4 |     143.2
      74    139.7 |     164.1 |     143.7
      75    141.2 |     164.4 |     144.0
      76    141.4 |     167.9 |     146.0
      77    141.6 |     168.5 |     146.5
      78    143.5 |     170.4 |     147.9
      79    144.9 |     170.7 |     149.1
      80    147.2 |     171.2 |     149.3
      81    150.4 |     174.8 |     150.7
      82    151.2 |     175.8 |     151.5
      83    151.6 |     176.5 |     153.9
      84    152.9 |     178.1 |     155.9
      85    154.8 |     179.4 |     156.3
      86    156.7 |     179.8 |     158.2
      87    157.1 |     180.1 |     158.6
      88    160.0 |     182.3 |     159.1
      89    160.9 |     182.7 |     159.6
      90    165.9 |     182.8 |     159.8
      91    166.7 |     183.6 |     160.4
      92    166.7 |     185.4 |     161.9
      93    167.7 |     186.6 |     164.5
      94    167.9 |     188.6 |     167.7
      95    168.9 |     189.0 |     169.3
      96    169.9 |     190.8 |     174.6
      97    171.8 |     191.0 |     175.5
      98    173.5 |     192.2 |     176.3
      99    173.9 |     192.8 |     177.3
     100    174.6 |     192.8 |     179.8
     101    175.0 |     193.9 |     180.0
     102    176.3 |     199.9 |     180.5
     103    180.5 |     201.5 |     182.1
     104    183.4 |     201.7 |     183.3
     105    186.9 |     204.0 |     187.5
     106    188.6 |     204.3 |     190.2
     107    189.6 |     204.9 |     190.7
     108    190.8 |     205.2 |     191.8
     109    191.8 |     205.9 |     192.4
     110    192.6 |     208.0 |     193.0
     111    192.8 |     208.0 |     194.8
     112    193.0 |     208.2 |     196.8
     113    193.3 |     208.3 |     198.9
     114    193.6 |     210.3 |     200.4
     115    194.4 |     210.6 |     202.5
     116    196.4 |     211.4 |     203.0
     117    197.6 |     212.8 |     203.3
     118    198.3 |     217.6 |     204.8
     119    200.0 |     217.8 |     205.6
     120    204.1 |     218.0 |     206.6
     121    204.6 |     219.7 |     207.7
     122    205.7 |     221.9 |     209.0
     123    206.4 |     224.2 |     210.0
     124    207.4 |     224.7 |     210.4
     125    207.8 |     226.6 |     213.5
     126    210.0 |     227.2 |     213.5
     127    210.4 |     227.4 |     214.8
     128    211.5 |     233.0 |     216.9
     129    212.0 |     233.8 |     217.3
     130    212.8 |     234.9 |     218.4
     131    213.0 |     240.9 |     219.1
     132    213.4 |     241.6 |     220.7
     133    213.5 |     242.6 |     222.3
     134    213.9 |     250.6 |     223.0
     135    214.3 |     255.9 |     227.0
     136    215.0 |     256.6 |     229.2
     137    215.8 |     256.8 |     232.5
     138    216.5 |     257.1 |     232.6
     139    216.6 |     260.5 |     233.8
     140    216.7 |     261.9 |     237.7
     141    220.1 |     262.4 |     241.8
     142    220.1 |     265.3 |     241.9
     143    220.6 |     267.2 |     242.1
     144    220.7 |     269.7 |     242.2
     145    222.4 |     270.8 |     242.8
     146    223.5 |     272.6 |     243.2
     147    223.8 |     273.0 |     243.8
     148    226.5 |     274.9 |     245.1
     149    227.0 |     276.7 |     246.8
     150    228.2 |     278.2 |     247.2
     151    229.3 |     278.7 |     247.5
     152    232.6 |     278.8 |     247.7
     153    233.0 |     283.1 |     248.2
     154    233.3 |     283.4 |     250.5
     155    234.0 |     284.2 |     250.5
     156    234.4 |     285.4 |     251.1
     157    234.6 |     287.6 |     251.4
     158    235.3 |     289.2 |     251.8
     159    236.1 |     293.4 |     252.6
     160    236.5 |     294.2 |     252.6
     161    237.3 |     295.2 |     253.1
     162    237.3 |     296.1 |     253.7
     163    240.6 |     297.0 |     254.1
     164    240.8 |     298.0 |     261.9
     165    240.9 |     300.7 |     262.0
     166    241.2 |     301.0 |     262.0
     167    242.1 |     302.6 |     266.7
     168    244.6 |     306.5 |     268.4
     169    244.8 |     307.9 |     269.0
     170    245.8 |     311.3 |     270.6
     171    246.0 |     311.9 |     272.0
     172    246.2 |     313.3 |     272.5
     173    246.6 |     314.4 |     272.8
     174    247.2 |     315.7 |     273.9
     175    248.1 |     317.1 |     274.0
     176    249.0 |     317.3 |     274.4
     177    249.6 |     320.2 |     279.4
     178    250.0 |     322.1 |     282.9
     179    250.3 |     322.2 |     284.1
     180    250.6 |     326.3 |     284.2
     181    251.1 |     335.0 |     284.7
     182    251.8 |     336.4 |     285.7
     183    251.9 |     339.4 |     285.9
     184    253.0 |     342.5 |     286.3
     185    253.1 |     346.7 |     286.4
     186    253.5 |     347.2 |     286.5
     187    253.6 |     350.3 |     286.5
     188    253.8 |     350.8 |     287.5
     189    255.4 |     355.0 |     291.2
     190    255.6 |     358.3 |     294.7
     191    256.2 |     361.7 |     295.2
     192    257.9 |     364.1 |     297.1
     193    258.8 |     364.9 |     298.6
     194    259.9 |     365.6 |     298.9
     195    260.4 |     365.9 |     301.4
     196    261.3 |     366.3 |     301.8
     197    262.6 |     367.1 |     302.1
     198    264.3 |     368.3 |     302.2
     199    264.8 |     371.5 |     303.1
     200    265.2 |     374.5 |     304.0
     201    266.4 |     375.7 |     307.0
     202    266.5 |     375.9 |     307.5
     203    267.2 |     385.8 |     308.7
     204    269.2 |     386.3 |     309.0
     205    270.0 |     386.9 |     310.6
     206    270.3 |     388.0 |     312.7
     207    273.3 |     390.1 |     313.4
     208    274.8 |     391.8 |     316.5
     209    275.0 |     394.3 |     318.6
     210    275.3 |     396.3 |     319.6
     211    276.9 |     397.8 |     320.2
     212    279.6 |     398.5 |     320.7
     213    280.1 |     399.9 |     321.1
     214    282.1 |     400.7 |     322.9
     215    282.2 |     401.0 |     323.6
     216    283.5 |     402.8 |     325.5
     217    283.8 |     404.6 |     333.6
     218    284.0 |     405.1 |     333.7
     219    285.3 |     408.8 |     334.0
     220    288.2 |     410.5 |     334.9
     221    288.8 |     410.7 |     335.4
     222    289.2 |     412.4 |     336.0
     223    295.4 |     412.6 |     338.4
     224    303.5 |     413.1 |     339.4
     225    305.4 |     413.6 |     340.6
     226    307.3 |     415.7 |     341.2
     227    307.9 |     416.0 |     341.6
     228    323.1 |     416.6 |     343.5
     229    324.8 |     416.6 |     343.8
     230    327.0 |     420.1 |     344.9
     231    330.7 |     422.0 |     345.8
     232    330.8 |     424.5 |     348.9
     233    331.6 |     427.2 |     351.1
     234    332.0 |     427.9 |     351.4
     235    333.8 |     430.0 |     354.1
     236    334.7 |     431.3 |     356.7
     237    335.2 |     434.4 |     357.1
     238    337.2 |     434.4 |     358.0
     239    337.4 |     438.8 |     358.6
     240    337.6 |     439.3 |     358.9
     241    338.6 |     440.8 |     361.1
     242    339.2 |     441.5 |     361.4
     243    339.8 |     441.6 |     363.5
     244    343.6 |     449.6 |     363.9
     245    344.9 |     450.0 |     368.4
     246    348.8 |     451.0 |     370.0
     247    349.3 |     451.6 |     371.5
     248    356.3 |     455.1 |     372.2
     249    356.5 |     455.7 |     372.3
     250    357.2 |     456.0 |     372.4
     251    358.1 |     459.8 |     373.1
     252    360.7 |     462.9 |     375.1
     253    361.8 |     465.0 |     378.0
     254    362.0 |     465.7 |     379.4
     255    363.3 |     466.2 |     379.8
     256    364.2 |     470.1 |     381.8
     257    367.2 |     470.1 |     385.6
     258    372.0 |     470.5 |     388.2
     259    377.4 |     473.1 |     388.9
     260    378.0 |     473.4 |     389.3
     261    378.2 |     474.4 |     392.9
     262    378.9 |     475.4 |     393.3
     263    378.9 |     476.7 |     393.7
     264    379.0 |     477.4 |     394.4
     265    381.3 |     478.1 |     397.2
     266    381.6 |     478.2 |     398.5
     267    381.8 |     478.5 |     400.0
     268    382.9 |     480.1 |     401.4
     269    383.1 |     481.3 |     402.6
     270    388.0 |     481.5 |     402.9
     271    388.9 |     482.3 |     405.7
     272    390.7 |     483.4 |     406.3
     273    392.3 |     483.9 |     406.4
     274    398.8 |     486.7 |     408.9
     275    400.4 |     486.8 |     409.6
     276    401.3 |     488.0 |     410.0
     277    402.5 |     488.9 |     411.0
     278    403.0 |     489.1 |     411.2
     279    403.3 |     492.2 |     413.0
     280    404.0 |     494.2 |     413.1
     281    404.3 |     495.2 |     414.2
     282    404.6 |     497.1 |     414.5
     283    404.9 |     497.4 |     416.2
     284    417.7 |     500.7 |     416.4
     285    418.0 |     504.0 |     418.6
     286    421.2 |     505.2 |     422.6
     287    421.3 |     505.7 |     423.1
     288    423.0 |     506.2 |     425.7
     289    424.0 |     507.3 |     430.1
     290    424.4 |     509.3 |     431.3
     291    425.1 |     509.3 |     433.2
     292    426.7 |     509.8 |     433.2
     293    429.5 |     511.1 |     433.8
     294    431.0 |     511.7 |     434.0
     295    431.2 |     512.0 |     437.5
     296    432.8 |     513.6 |     437.6
     297    433.0 |     525.7 |     449.8
     298    433.8 |     526.8 |     453.2
     299    434.4 |     527.0 |     454.8
     300    434.6 |     529.1 |     455.3
     301    435.1 |     530.3 |     461.4
     302    444.5 |     531.7 |     463.9
     303    446.8 |     535.8 |     465.1
     304    455.0 |     540.0 |     466.1
     305    455.8 |     540.1 |     466.4
     306    456.3 |     540.8 |     466.8
     307    456.6 |     547.0 |     467.8
     308    458.3 |     547.0 |     467.8
     309    461.9 |     549.6 |     468.2
     310    462.9 |     551.5 |     469.0
     311    466.5 |     552.0 |     472.5
     312    467.1 |     553.1 |     472.9
     313    468.3 |     553.5 |     473.4
     314    472.8 |     554.6 |     474.4
     315    476.8 |     555.7 |     474.9
     316    478.3 |     558.3 |     475.2
     317    480.2 |     560.0 |     476.2
     318    480.5 |     560.4 |     477.2
     319    480.6 |     560.4 |     477.2
     320    481.2 |     561.8 |     478.1
     321    481.8 |     564.3 |     478.4
     322    482.6 |     565.9 |     479.2
     323    483.1 |     567.9 |     479.2
     324    483.4 |     576.2 |     481.5
     325    483.4 |     579.3 |     482.6
     326    484.6 |     580.8 |     483.2
     327    495.3 |     585.2 |     483.8
     328    496.8 |     587.4 |     486.7
     329    503.3 |     589.8 |     488.0
     330    505.9 |     592.2 |     495.4
     331    511.9 |     596.1 |     497.4
     332    512.7 |     596.3 |     497.5
     333    519.8 |     600.0 |     498.5
     334    532.2 |     600.5 |     500.6
     335    532.2 |     603.4 |     501.3
     336    539.2 |     607.5 |     505.4
     337    539.2 |     609.3 |     506.9
     338    539.2 |     610.4 |     509.5
     339    539.6 |     615.0 |     509.9
     340    540.0 |     616.8 |     510.5
     341    540.1 |     618.3 |     511.4
     342    540.5 |     622.8 |     513.5
     343    541.4 |     623.0 |     514.8
     344    541.5 |     623.0 |     515.1
     345    541.6 |     624.7 |     516.0
     346    548.7 |     626.6 |     516.4
     347    549.1 |     631.6 |     516.4
     348    569.4 |     633.7 |     517.9
     349    569.6 |     635.1 |     520.4
     350    569.6 |     636.1 |     520.8
     351    569.7 |     638.6 |     521.5
     352    569.8 |     639.4 |     525.4
     353    570.3 |     640.8 |     528.8
     354    570.6 |     641.5 |     529.4
     355    571.1 |     641.9 |     533.3
     356    571.3 |     643.6 |     533.6
     357    574.6 |     643.6 |     534.0
     358    575.5 |     645.7 |     535.2
     359    575.9 |     652.8 |     535.7
     360    576.9 |     654.7 |     537.5
     361    577.2 |     656.0 |     537.5
     362    577.4 |     657.7 |     537.7
     363    577.7 |     662.0 |     541.3
     364    577.9 |     662.1 |     543.8
     365    578.4 |     662.1 |     543.8
     366    593.1 |     664.3 |     545.6
     367    593.6 |     667.5 |     545.6
     368    594.8 |     671.1 |     546.3
     369    595.4 |     671.2 |     548.4
     370    597.1 |     672.2 |     549.3
     371    597.5 |     673.0 |     550.3
     372    597.7 |     674.8 |     550.4
     373    598.1 |     675.7 |     552.8
     374    598.7 |     677.2 |     555.3
     375    598.7 |     677.8 |     555.5
     376    598.9 |     678.6 |     556.3
     377    599.0 |     680.3 |     556.5
     378    599.2 |     684.2 |     557.2
     379    599.3 |     684.5 |     559.6
     380    600.9 |     686.0 |     559.7
     381    609.0 |     686.7 |     564.5
     382    611.7 |     689.9 |     565.6
     383    612.5 |     694.1 |     567.5
     384    614.0 |     696.8 |     570.4
     385    616.4 |     697.3 |     585.0
     386    618.3 |     697.4 |     591.6
     387    618.5 |     698.2 |     594.6
     388    620.5 |     701.3 |     603.2
     389    620.7 |     702.6 |     617.9
     390    621.4 |     704.8 |     620.0
     391    627.1 |     717.8 |     623.1
     392    629.7 |     717.9 |     625.4
     393    630.0 |     723.5 |     628.3
     394    630.1 |     729.2 |     628.7
     395    633.5 |     733.9 |     632.0
     396    633.6 |     734.7 |     634.4
     397    635.1 |     742.1 |     641.4
     398    635.8 |     742.3 |     644.2
     399    640.5 |     744.4 |     651.9
     400    640.8 |     744.6 |     652.4
     401    642.8 |     747.3 |     653.2
     402    643.0 |     755.5 |     655.4
     403    653.8 |     756.7 |     659.2
     404    655.2 |     757.5 |     659.5
     405    658.0 |     758.1 |     660.0
     406    658.1 |     776.9 |     661.4
     407    659.3 |     777.4 |     662.9
     408    661.7 |     778.0 |     665.3
     409    662.6 |     779.3 |     668.3
     410    666.3 |     779.5 |     670.4
     411    666.6 |     780.2 |     673.1
     412    667.0 |     781.5 |     674.2
     413    684.5 |     781.7 |     674.9
     414    684.7 |     781.9 |     676.7
     415    685.9 |     781.9 |     678.0
     416    687.0 |     783.2 |     678.2
     417    687.7 |     783.3 |     679.7
     418    689.6 |     783.4 |     680.6
     419    692.3 |     783.6 |     681.1
     420    693.7 |     785.5 |     688.0
     421    694.6 |     785.7 |     689.4
     422    695.7 |     786.2 |     690.1
     423    695.9 |     786.5 |     690.1
     424    698.5 |     786.6 |     698.3
     425    700.9 |     786.8 |     698.7
     426    702.2 |     790.3 |     699.6
     427    702.4 |     792.4 |     702.0
     428    702.9 |     792.6 |     705.2
     429    705.3 |     793.2 |     708.1
     430    712.4 |     795.0 |     708.6
     431    712.5 |     797.5 |     710.4
     432    715.4 |     797.8 |     710.5
     433    717.1 |     798.4 |     711.1
     434    717.6 |     799.1 |     717.0
     435    718.5 |     806.8 |     730.5
     436    719.1 |     808.2 |     736.5
     437    719.1 |     811.9 |     741.7
     438    724.3 |     812.9 |     741.9
     439    734.9 |     813.8 |     742.4
     440    736.3 |     814.4 |     742.7
     441    739.0 |     817.4 |     743.9
     442    740.5 |     817.5 |     744.8
     443    741.9 |     818.3 |     745.2
     444    742.9 |     820.0 |     745.7
     445    743.5 |     821.0 |     746.5
     446    743.6 |     821.4 |     747.4
     447    743.7 |     825.1 |     749.3
     448    744.4 |     825.2 |     751.8
     449    744.8 |     825.8 |     752.0
     450    745.2 |     829.3 |     755.1
     451    745.5 |     833.2 |     765.2
     452    746.5 |     833.3 |     776.5
     453    746.6 |     833.7 |     776.8
     454    747.1 |     833.8 |     776.8
     455    747.5 |     833.8 |     777.1
     456    747.5 |     834.0 |     778.2
     457    748.8 |     834.8 |     778.4
     458    769.7 |     835.1 |     780.0
     459    780.5 |     835.4 |     780.1
     460    780.9 |     835.5 |     781.6
     461    801.4 |     835.7 |     783.6
     462    806.4 |     835.8 |     784.0
     463    807.1 |     836.0 |     784.4
     464    810.5 |     836.1 |     786.3
     465    812.7 |     836.2 |     787.4
     466    815.2 |     836.7 |     788.1
     467    815.5 |     836.9 |     793.3
     468    815.7 |     836.9 |     793.4
     469    820.1 |     837.1 |     796.4
     470    821.9 |     837.2 |     796.5
     471    823.5 |     837.3 |     797.1
     472    828.7 |     837.7 |     797.4
     473    830.3 |     837.7 |     797.8
     474    830.7 |     837.9 |     801.4
     475    831.1 |     837.9 |     801.6
     476    831.9 |     838.1 |     802.8
     477    832.6 |     838.2 |     805.1
     478    832.7 |     839.5 |     805.4
     479    833.9 |     839.9 |     807.8
     480    834.2 |     840.9 |     812.2
     481    834.7 |     846.9 |     813.9
     482    835.0 |     847.2 |     828.5
     483    835.3 |     847.9 |     829.1
     484    835.3 |     851.5 |     829.8
     485    838.2 |     852.5 |     831.0
     486    838.4 |     857.6 |     831.7
     487    842.3 |     858.5 |     831.8
     488    844.0 |     859.3 |     831.9
     489    846.4 |     859.6 |     833.1
     490    855.7 |     859.9 |     833.9
     491    855.9 |     860.0 |     835.1
     492    855.9 |     860.2 |     835.2
     493    856.6 |     860.3 |     835.5
     494    856.8 |     860.6 |     836.6
     495    856.8 |     860.7 |     837.8
     496    857.4 |     861.0 |     838.0
     497    857.7 |     861.3 |     841.0
     498    857.8 |     863.2 |     847.7
     499    858.4 |     863.3 |     849.7
     500    858.7 |     867.5 |     850.0
     501    859.2 |     868.1 |     850.7
     502    870.3 |     870.1 |     852.1
     503    870.8 |     871.9 |     853.1
     504    871.9 |     874.3 |     854.0
     505    880.1 |     876.1 |     854.9
     506    882.1 |     877.3 |     855.9
     507    882.7 |     879.1 |     858.5
     508    886.4 |     879.6 |     859.0
     509    887.0 |     880.0 |     860.1
     510    891.9 |     884.7 |     865.7
     511    896.6 |     884.8 |     867.5
     512    896.6 |     885.3 |     871.0
     513    897.5 |     885.9 |     871.6
     514    898.0 |     886.8 |     872.1
     515    900.1 |     888.1 |     873.1
     516    900.1 |     888.9 |     874.4
     517    900.5 |     889.4 |     874.9
     518    900.5 |     891.3 |     878.0
     519    901.3 |     901.6 |     878.8
     520    901.5 |     902.6 |     879.5
     521    901.6 |     903.9 |     882.4
     522    901.6 |     906.1 |     883.1
     523    902.4 |     909.0 |     886.3
     524    904.4 |     912.1 |     887.8
     525    905.4 |     912.6 |     895.1
     526    907.3 |     920.0 |     895.8
     527    929.7 |     920.3 |     903.1
     528    930.9 |     923.3 |     903.2
     529    930.9 |     924.8 |     903.8
     530    931.6 |     926.4 |     903.8
     531    931.8 |     929.9 |     903.9
     532    932.6 |     933.1 |     904.0
     533    932.7 |     935.9 |     904.6
     534    933.9 |     938.3 |     904.7
     535    935.1 |     940.4 |     905.0
     536    935.6 |     941.1 |     905.1
     537    936.1 |     942.8 |     906.2
     538    937.6 |     943.3 |     906.4
     539    939.1 |     943.9 |     908.9
     540    939.3 |     944.3 |     909.3
     541    939.6 |     944.3 |     909.4
     542    939.7 |     944.7 |     909.8
     543    940.4 |     944.9 |     910.3
     544    940.7 |     945.1 |     910.4
     545    941.6 |     945.7 |     911.0
     546    941.6 |     945.7 |     911.2
     547    942.1 |     946.3 |     911.4
     548    942.4 |     946.6 |     911.7
     549    942.8 |     946.7 |     912.7
     550    942.8 |     946.9 |     913.2
     551    945.4 |     947.4 |     913.4
     552    945.8 |     947.4 |     914.1
     553    947.1 |     948.2 |     915.2
     554    947.2 |     948.3 |     924.5
     555    947.4 |     949.1 |     925.5
     556    947.7 |     949.2 |     949.4
     557    948.0 |     949.9 |     950.5
     558    948.1 |     950.1 |     951.4
     559    948.4 |     950.4 |     965.9
     560    948.5 |     950.4 |     969.3
     561    948.6 |     951.8 |     970.9
     562    948.7 |     952.1 |     974.0
     563    949.6 |     952.8 |     975.6
     564    950.0 |     952.8 |     976.6
     565    958.3 |     953.0 |     976.6
     566    967.9 |     953.3 |     978.5
     567    967.9 |     954.3 |     978.6
     568    982.8 |     958.2 |     979.1
     569    983.8 |     959.3 |     980.3
     570    985.9 |     959.3 |     980.8
     571    987.4 |     960.0 |     981.6
     572    988.4 |     964.2 |     982.4
     573    989.2 |     964.4 |     982.5
     574    989.3 |     966.2 |     984.2
     575    991.8 |     966.4 |     984.7
     576    994.7 |     966.8 |     985.4
     577    998.7 |     968.2 |     985.7
     578    999.4 |     968.3 |     986.1
     579    999.9 |     969.2 |     986.5
     580   1000.2 |     969.7 |     987.8
     581   1000.5 |     969.9 |     988.1
     582   1001.0 |     970.0 |     989.2
     583   1001.2 |     971.4 |     994.5
     584   1001.7 |     973.0 |     994.8
     585   1001.7 |     973.3 |     995.2
     586   1002.0 |     977.4 |     996.8
     587   1002.2 |     986.6 |     997.4
     588   1002.9 |     986.7 |     997.7
     589   1002.9 |     989.6 |     998.3
     590   1004.9 |     989.9 |     998.7
     591   1005.5 |     990.7 |     999.5
     592   1006.1 |     991.7 |     999.9
     593   1006.8 |     992.3 |    1000.7
     594   1006.8 |     992.7 |    1000.8
     595   1007.2 |     993.0 |    1001.2
     596   1007.3 |     996.8 |    1001.5
     597   1008.3 |    1008.2 |    1001.6
     598   1008.5 |    1017.5 |    1003.8
     599   1009.5 |    1020.1 |    1004.1
     600   1009.9 |    1023.5 |    1004.2
     601   1009.9 |    1025.3 |    1005.5
     602   1010.0 |    1026.3 |    1007.2
     603   1011.1 |    1026.4 |    1008.4
     604   1011.3 |    1028.5 |    1012.1
     605   1011.7 |    1029.7 |    1012.1
     606   1012.9 |    1030.1 |    1012.3
     607   1013.4 |    1030.2 |    1012.8
     608   1014.8 |    1030.2 |    1012.8
     609   1015.0 |    1030.4 |    1013.2
     610   1015.3 |    1031.2 |    1015.2
     611   1015.4 |    1031.9 |    1015.4
     612   1016.5 |    1032.0 |    1016.1
     613   1018.9 |    1032.9 |    1017.6
     614   1019.7 |    1033.1 |    1019.0
     615   1020.1 |    1033.4 |    1019.2
     616   1025.5 |    1033.9 |    1028.8
     617   1025.5 |    1034.8 |    1028.8
     618   1025.8 |    1035.1 |    1029.5
     619   1026.9 |    1035.3 |    1030.4
     620   1028.2 |    1035.3 |    1030.9
     621   1028.4 |    1035.4 |    1032.3
     622   1028.7 |    1037.0 |    1034.2
     623   1029.3 |    1037.3 |    1034.5
     624   1029.9 |    1042.5 |    1037.0
     625   1030.8 |    1043.1 |    1037.2
     626   1031.7 |    1043.2 |    1038.9
     627   1031.8 |    1046.2 |    1039.0
     628   1032.6 |    1047.4 |    1052.1
     629   1032.8 |    1051.1 |    1053.7
     630   1033.4 |    1054.3 |    1056.0
     631   1033.6 |    1064.6 |    1056.8
     632   1035.0 |    1067.1 |    1057.5
     633   1036.6 |    1068.0 |    1059.4
     634   1037.0 |    1071.6 |    1059.6
     635   1043.3 |    1078.6 |    1060.8
     636   1043.8 |    1078.9 |    1061.6
     637   1043.8 |    1079.4 |    1061.7
     638   1045.7 |    1080.9 |    1063.6
     639   1061.1 |    1086.4 |    1064.7
     640   1061.5 |    1087.4 |    1065.1
     641   1065.4 |    1088.5 |    1065.2
     642   1065.6 |    1088.6 |    1066.7
     643   1072.9 |    1089.5 |    1067.6
     644   1074.5 |    1089.7 |    1069.5
     645   1074.7 |    1089.9 |    1070.1
     646   1075.0 |    1090.0 |    1070.6
     647   1075.4 |    1090.2 |    1073.0
     648   1076.5 |    1090.4 |    1073.2
     649   1076.9 |    1090.6 |    1074.3
     650   1078.2 |    1090.7 |    1075.4
     651   1079.0 |    1090.8 |    1076.5
     652   1080.3 |    1091.1 |    1077.6
     653   1083.1 |    1092.1 |    1078.3
     654   1085.7 |    1092.6 |    1079.6
     655   1089.9 |    1093.3 |    1083.1
     656   1090.1 |    1099.8 |    1085.8
     657   1092.1 |    1104.6 |    1087.7
     658   1092.6 |    1106.1 |    1088.0
     659   1094.1 |    1107.1 |    1089.5
     660   1094.6 |    1107.1 |    1089.6
     661   1095.9 |    1108.2 |    1091.9
     662   1096.3 |    1108.4 |    1092.6
     663   1096.4 |    1109.2 |    1093.3
     664   1096.7 |    1109.8 |    1097.6
     665   1097.0 |    1110.3 |    1102.9
     666   1097.4 |    1110.8 |    1104.9
     667   1098.0 |    1111.4 |    1111.4
     668   1098.9 |    1112.0 |    1112.0
     669   1099.0 |    1113.0 |    1114.4
     670   1099.0 |    1113.1 |    1116.3
     671   1099.2 |    1114.1 |    1117.9
     672   1101.4 |    1114.6 |    1121.2
     673   1101.5 |    1125.8 |    1125.6
     674   1101.8 |    1129.2 |    1129.7
     675   1102.5 |    1129.2 |    1130.1
     676   1103.0 |    1129.6 |    1133.3
     677   1103.1 |    1130.4 |    1137.0
     678   1104.1 |    1130.7 |    1140.3
     679   1117.6 |    1130.8 |    1141.4
     680   1118.0 |    1131.0 |    1141.6
     681   1118.4 |    1132.2 |    1142.2
     682   1120.1 |    1133.1 |    1143.1
     683   1121.5 |    1175.6 |    1145.1
     684   1122.2 |    1176.7 |    1150.0
     685   1123.5 |    1177.4 |    1151.2
     686   1126.8 |    1177.8 |    1151.8
     687   1127.7 |    1179.8 |    1152.4
     688   1127.8 |    1179.9 |    1152.4
     689   1129.2 |    1180.4 |    1152.6
     690   1129.6 |    1181.6 |    1152.9
     691   1130.5 |    1181.8 |    1153.1
     692   1132.4 |    1182.1 |    1153.1
     693   1133.0 |    1182.2 |    1153.2
     694   1138.5 |    1183.0 |    1153.3
     695   1138.9 |    1184.8 |    1153.8
     696   1139.2 |    1193.3 |    1154.2
     697   1139.4 |    1194.1 |    1154.4
     698   1139.5 |    1212.0 |    1156.2
     699   1139.9 |    1216.1 |    1156.3
     700   1140.4 |    1216.4 |    1157.4
     701   1140.9 |    1216.5 |    1158.7
     702   1141.7 |    1216.6 |    1163.9
     703   1141.9 |    1216.9 |    1167.9
     704   1142.0 |    1217.2 |    1169.2
     705   1142.2 |    1217.5 |    1172.3
     706   1142.3 |    1218.2 |    1180.1
     707   1143.4 |    1218.3 |    1180.2
     708   1149.7 |    1218.4 |    1180.5
     709   1164.2 |    1218.5 |    1181.2
     710   1164.7 |    1218.7 |    1181.4
     711   1164.7 |    1218.9 |    1182.0
     712   1165.0 |    1219.2 |    1182.6
     713   1173.9 |    1219.5 |    1183.1
     714   1175.2 |    1220.3 |    1183.2
     715   1176.6 |    1220.9 |    1185.4
     716   1178.7 |    1222.6 |    1186.7
     717   1185.3 |    1222.7 |    1186.9
     718   1185.7 |    1223.6 |    1187.5
     719   1186.3 |    1224.6 |    1187.8
     720   1186.4 |    1225.7 |    1193.4
     721   1186.9 |    1225.7 |    1195.3
     722   1186.9 |    1226.3 |    1213.5
     723   1188.1 |    1226.3 |    1215.3
     724   1188.4 |    1230.0 |    1218.7
     725   1192.5 |    1235.9 |    1219.8
     726   1192.6 |    1237.4 |    1221.0
     727   1192.9 |    1237.8 |    1222.2
     728   1193.1 |    1238.7 |    1223.4
     729   1201.2 |    1239.2 |    1225.5
     730   1201.9 |    1240.0 |    1225.5
     731   1202.9 |    1240.3 |    1228.0
     732   1204.1 |    1241.7 |    1228.1
     733   1204.2 |    1241.8 |    1229.7
     734   1204.4 |    1242.1 |    1230.8
     735   1204.7 |    1244.1 |    1231.8
     736   1204.8 |    1246.2 |    1232.1
     737   1204.8 |    1247.5 |    1232.7
     738   1205.6 |    1248.3 |    1234.0
     739   1205.8 |    1248.5 |    1235.9
     740   1225.0 |    1249.2 |    1237.1
     741   1225.1 |    1249.2 |    1237.7
     742   1225.2 |    1250.5 |    1237.8
     743   1225.9 |    1251.8 |    1238.0
     744   1226.0 |    1252.7 |    1239.7
     745   1226.0 |    1255.2 |    1239.8
     746   1226.4 |    1256.9 |    1240.3
     747   1227.0 |    1260.0 |    1240.5
     748   1227.1 |    1260.5 |    1241.6
     749   1227.5 |    1261.4 |    1242.0
     750   1227.6 |    1262.3 |    1243.7
     751   1230.1 |    1264.0 |    1244.4
     752   1264.1 |    1268.2 |    1244.4
     753   1264.7 |    1268.5 |    1251.0
     754   1268.8 |    1270.0 |    1251.5
     755   1268.8 |    1270.4 |    1254.0
     756   1269.4 |    1273.0 |    1254.3
     757   1269.7 |    1275.1 |    1257.5
     758   1270.7 |    1275.8 |    1258.2
     759   1271.0 |    1277.3 |    1259.9
     760   1273.6 |    1277.6 |    1260.6
     761   1280.4 |    1277.6 |    1261.0
     762   1281.0 |    1279.8 |    1261.4
     763   1281.3 |    1280.0 |    1265.0
     764   1281.7 |    1284.3 |    1267.5
     765   1282.2 |    1287.1 |    1268.5
     766   1282.8 |    1287.4 |    1280.8
     767   1286.2 |    1288.8 |    1284.4
     768   1286.9 |    1293.6 |    1284.6
     769   1288.2 |    1293.8 |    1286.4
     770   1288.3 |    1297.0 |    1288.6
     771   1288.3 |    1298.4 |    1290.9
     772   1289.8 |    1298.9 |    1290.9
     773   1289.9 |    1299.0 |    1291.0
     774   1290.1 |    1300.0 |    1291.1
     775   1292.1 |    1300.5 |    1292.7
     776   1292.6 |    1300.8 |    1293.3
     777   1292.6 |    1302.8 |    1295.4
     778   1293.4 |    1305.0 |    1295.6
     779   1295.3 |    1310.0 |    1295.7
     780   1295.9 |    1312.9 |    1296.6
     781   1296.1 |    1314.4 |    1297.0
     782   1296.1 |    1315.1 |    1297.3
     783   1296.3 |    1315.4 |    1297.3
     784   1297.2 |    1315.4 |    1297.8
     785   1297.3 |    1315.5 |    1298.5
     786   1297.7 |    1316.4 |    1298.8
     787   1297.9 |    1316.6 |    1299.2
     788   1298.2 |    1317.9 |    1300.4
     789   1299.0 |    1318.4 |    1300.8
     790   1300.4 |    1320.9 |    1301.0
     791   1301.8 |    1321.6 |    1302.4
     792   1302.1 |    1322.5 |    1303.3
     793   1310.7 |    1326.5 |    1303.5
     794   1311.6 |    1326.7 |    1303.8
     795   1313.4 |    1328.2 |    1304.9
     796   1314.0 |    1331.1 |    1305.0
     797   1316.1 |    1333.7 |    1306.0
     798   1316.5 |    1345.0 |    1306.0
     799   1316.5 |    1349.7 |    1306.3
     800   1316.6 |    1350.4 |    1307.8
     801   1316.9 |    1350.9 |    1308.0
     802   1316.9 |    1351.0 |    1309.3
     803   1317.6 |    1351.0 |    1309.5
     804   1318.1 |    1351.1 |    1310.7
     805   1318.1 |    1351.2 |    1312.0
     806   1318.1 |    1351.7 |    1312.4
     807   1318.2 |    1356.3 |    1313.4
     808   1318.7 |    1356.3 |    1315.8
     809   1319.5 |    1356.5 |    1318.6
     810   1320.0 |    1357.1 |    1320.0
     811   1320.7 |    1357.1 |    1320.9
     812   1321.3 |    1357.7 |    1321.1
     813   1322.0 |    1358.1 |    1321.3
     814   1323.8 |    1358.1 |    1322.6
     815   1323.8 |    1358.3 |    1323.2
     816   1324.5 |    1358.4 |    1323.4
     817   1324.7 |    1358.6 |    1326.7
     818   1325.4 |    1359.4 |    1327.6
     819   1326.8 |    1360.7 |    1327.8
     820   1328.3 |    1360.7 |    1328.6
     821   1328.4 |    1360.8 |    1329.5
     822   1329.1 |    1361.2 |    1332.1
     823   1330.2 |    1362.0 |    1334.4
     824   1332.6 |    1364.5 |    1334.8
     825   1334.0 |    1372.9 |    1336.4
     826   1342.8 |    1373.3 |    1346.3
     827   1343.8 |    1373.7 |    1348.7
     828   1344.7 |    1375.4 |    1349.5
     829   1344.8 |    1377.9 |    1351.7
     830   1345.3 |    1379.7 |    1355.7
     831   1346.9 |    1380.3 |    1356.3
     832   1357.5 |    1381.9 |    1358.4
     833   1358.0 |    1382.7 |    1358.9
     834   1358.6 |    1382.8 |    1360.6
     835   1359.6 |    1383.0 |    1360.6
     836   1360.5 |    1383.6 |    1360.9
     837   1360.6 |    1383.7 |    1361.2
     838   1361.1 |    1384.7 |    1361.8
     839   1361.2 |    1385.1 |    1361.9
     840   1361.7 |    1385.1 |    1362.3
     841   1362.3 |    1385.5 |    1362.7
     842   1362.7 |    1386.9 |    1363.4
     843   1363.1 |    1387.1 |    1364.3
     844   1363.1 |    1387.4 |    1364.6
     845   1363.2 |    1387.6 |    1364.8
     846   1363.4 |    1388.0 |    1365.1
     847   1363.4 |    1388.0 |    1366.8
     848   1365.0 |    1388.1 |    1367.0
     849   1365.0 |    1388.6 |    1367.1
     850   1365.2 |    1388.6 |    1367.3
     851   1365.5 |    1389.6 |    1367.7
     852   1365.6 |    1390.2 |    1367.9
     853   1366.0 |    1390.3 |    1368.3
     854   1366.0 |    1390.6 |    1369.6
     855   1366.8 |    1390.8 |    1369.7
     856   1366.8 |    1391.2 |    1370.1
     857   1366.9 |    1391.5 |    1370.3
     858   1367.5 |    1391.9 |    1370.6
     859   1367.6 |    1391.9 |    1372.0
     860   1367.7 |    1392.0 |    1372.0
     861   1367.7 |    1392.5 |    1372.2
     862   1368.0 |    1393.4 |    1372.6
     863   1369.6 |    1393.4 |    1373.8
     864   1370.0 |    1395.1 |    1374.2
     865   1370.4 |    1396.4 |    1374.5
     866   1370.5 |    1397.8 |    1374.7
     867   1371.2 |    1399.0 |    1375.1
     868   1371.3 |    1399.1 |    1375.7
     869   1371.5 |    1399.8 |    1376.0
     870   1372.6 |    1400.1 |    1377.6
     871   1398.6 |    1400.2 |    1378.1
     872   1399.4 |    1400.3 |    1379.0
     873   1399.5 |    1400.4 |    1379.5
     874   1399.5 |    1401.8 |    1381.1
     875   1399.6 |    1402.0 |    1381.2
     876   1399.6 |    1403.0 |    1382.7
     877   1400.1 |    1405.9 |    1383.2
     878   1400.5 |    1405.9 |    1383.4
     879   1400.7 |    1406.7 |    1384.2
     880   1426.2 |    1406.8 |    1384.9
     881   1426.4 |    1406.9 |    1386.7
     882   1427.9 |    1407.2 |    1389.9
     883   1428.6 |    1407.3 |    1393.2
     884   1429.1 |    1407.4 |    1393.6
     885   1429.4 |    1407.6 |    1394.1
     886   1429.8 |    1407.7 |    1394.8
     887   1430.5 |    1407.8 |    1394.9
     888   1430.7 |    1408.6 |    1395.2
     889   1430.8 |    1408.7 |    1397.6
     890   1431.1 |    1408.8 |    1398.9
     891   1431.6 |    1409.7 |    1400.2
     892   1431.6 |    1409.8 |    1401.1
     893   1431.8 |    1410.2 |    1401.3
     894   1432.0 |    1410.4 |    1403.9
     895   1432.1 |    1410.7 |    1404.9
     896   1432.2 |    1411.0 |    1405.7
     897   1433.0 |    1411.1 |    1406.2
     898   1433.1 |    1411.3 |    1408.2
     899   1433.4 |    1411.8 |    1408.7
     900   1433.4 |    1412.3 |    1410.1
     901   1433.7 |    1412.5 |    1410.6
     902   1433.8 |    1412.8 |    1411.0
     903   1434.5 |    1413.2 |    1411.4
     904   1458.6 |    1413.2 |    1413.1
     905   1459.2 |    1414.1 |    1414.0
     906   1460.9 |    1416.7 |    1414.1
     907   1461.0 |    1417.4 |    1416.5
     908   1461.3 |    1419.0 |    1418.4
     909   1462.0 |    1419.3 |    1418.6
     910   1464.7 |    1419.8 |    1420.1
     911   1466.1 |    1419.9 |    1420.8
     912   1466.1 |    1422.8 |    1421.5
     913   1466.6 |    1423.9 |    1424.5
     914   1467.8 |    1425.1 |    1426.7
     915   1468.1 |    1425.5 |    1430.1
     916   1468.9 |    1426.0 |    1434.5
     917   1469.0 |    1426.3 |    1435.8
     918   1469.7 |    1426.3 |    1438.2
     919   1469.7 |    1426.4 |    1446.4
     920   1472.5 |    1426.5 |    1449.6
     921   1473.0 |    1426.6 |    1450.8
     922   1473.2 |    1427.0 |    1450.9
     923   1473.6 |    1427.2 |    1451.1
     924   1473.9 |    1427.3 |    1467.5
     925   1474.0 |    1428.0 |    1467.7
     926   1475.0 |    1428.2 |    1467.9
     927   1475.3 |    1428.5 |    1468.0
     928   1475.6 |    1429.3 |    1469.1
     929   1475.9 |    1429.7 |    1469.5
     930   1476.0 |    1429.8 |    1470.0
     931   1476.8 |    1430.0 |    1470.4
     932   1479.0 |    1431.1 |    1471.5
     933   1479.1 |    1431.6 |    1471.5
     934   1479.6 |    1432.2 |    1471.8
     935   1480.1 |    1432.4 |    1472.0
     936   1482.4 |    1432.6 |    1472.3
     937   1483.0 |    1433.9 |    1472.9
     938   1484.0 |    1434.0 |    1474.9
     939   1484.1 |    1434.5 |    1475.2
     940   1485.5 |    1435.3 |    1475.5
     941   1485.5 |    1438.1 |    1476.0
     942   1490.8 |    1441.9 |    1476.3
     943   1493.1 |    1449.1 |    1476.8
     944   1493.9 |    1449.3 |    1477.0
     945   1493.9 |    1449.6 |    1477.2
     946   1494.5 |    1450.3 |    1477.3
     947   1495.7 |    1450.5 |    1477.6
     948   1495.7 |    1450.7 |    1477.7
     949   1496.0 |    1450.8 |    1478.1
     950   1496.3 |    1450.9 |    1481.0
     951   1496.4 |    1451.1 |    1484.4
     952   1497.2 |    1455.0 |    1488.9
     953   1498.1 |    1457.6 |    1491.1
     954   1498.6 |    1459.4 |    1494.6
     955   1498.9 |    1488.0 |    1494.9
     956   1499.1 |    1490.0 |    1495.7
     957   1499.1 |    1509.3 |    1497.0
     958   1499.3 |    1509.9 |    1497.2
     959   1500.6 |    1509.9 |    1497.4
     960   1500.6 |    1512.5 |    1498.5
     961   1501.0 |    1513.2 |    1498.7
     962   1501.1 |    1513.9 |    1499.1
     963   1501.2 |    1514.2 |    1499.5
     964   1501.4 |    1514.2 |    1500.1
     965   1501.4 |    1514.4 |    1502.3
     966   1501.5 |    1529.8 |    1502.4
     967   1501.5 |    1532.0 |    1503.0
     968   1501.6 |    1539.3 |    1503.7
     969   1501.7 |    1541.7 |    1504.9
     970   1501.9 |    1572.5 |    1505.8
     971   1502.1 |    1572.6 |    1505.9
     972   1503.2 |    1572.9 |    1506.2
     973   1503.9 |    1577.9 |    1506.6
     974   1505.2 |    1580.1 |    1507.8
     975   1505.8 |    1581.7 |    1508.2
     976   1506.1 |    1583.9 |    1508.6
     977   1506.5 |    1584.1 |    1509.2
     978   1506.8 |    1587.1 |    1509.8
     979   1506.9 |    1737.0 |    1510.9
     980   1507.1 |    1738.0 |    1511.9
     981   1507.5 |    1739.3 |    1512.4
     982   1507.5 |    1740.0 |    1512.8
     983   1507.7 |    1740.3 |    1512.8
     984   1507.8 |    1740.6 |    1513.0
     985   1508.1 |    1741.5 |    1513.3
     986   1508.1 |    1744.2 |    1513.8
     987   1508.4 |    1745.3 |    1513.9
     988   1508.6 |    1818.0 |    1514.1
     989   1508.6 |    1822.0 |    1514.4
     990   1508.7 |    1822.0 |    1514.5
     991   1508.8 |    1842.0 |    1515.3
     992   1509.0 |    1853.0 |    1515.8
     993   1509.0 |    1860.8 |    1516.1
     994   1509.1 |    1873.1 |    1517.6
     995   1509.2 |    1920.1 |    1518.8
     996   1509.3 |    1926.2 |    1519.1
     997   1509.8 |    1928.4 |    1520.4
     998   1510.1 |    1937.3 |    1520.9
     999   1510.4 |    1946.8 |    1521.7
    1000   1510.5 |    1947.5 |    1522.4
    1001   1510.6 |    1956.4 |    1523.9
    1002   1511.1 |    1962.7 |    1524.4
    1003   1511.5 |    1979.0 |    1524.6
    1004   1511.6 |    1989.5 |    1525.3
    1005   1512.2 |    1990.0 |    1525.7
    1006   1512.3 |    1992.4 |    1525.9
    1007   1512.5 |    1993.2 |    1526.2
    1008   1512.5 |    2252.5 |    1526.3
    1009   1512.7 |    2254.0 |    1527.1
    1010   1512.8 |    2255.1 |    1527.3
    1011   1512.9 |    2257.2 |    1528.7
    1012   1513.6 |    2259.0 |    1532.8
    1013   1513.7 |    2260.2 |    1535.9
    1014   1514.8 |    2260.4 |    1538.1
    1015   1514.9 |    2260.4 |    1544.0
    1016   1515.1 |    2261.1 |    1545.4
    1017   1515.1 |    2877.1 |    1546.6
    1018   1515.2 |    2877.3 |    1557.1
    1019   1515.4 |    2878.0 |    1567.1
    1020   1516.0 |    2879.0 |    1569.1
    1021   1516.8 |    2880.8 |    1580.1
    1022   1517.7 |    2881.8 |    1586.7
    1023   1517.7 |    2882.3 |    1587.0
    1024   1518.9 |    2882.7 |    1789.8
    1025   1530.9 |    2883.4 |    1840.8
    1026   1531.4 |    2883.6 |    2662.4
    1027   1532.4 |    2883.9 |    2662.4
    1028   1535.3 |    2883.9 |    2662.5
    1029   1536.6 |    2883.9 |    2663.4
    1030   1536.9 |    2884.1 |    2663.4
    1031   1537.1 |    2884.1 |    2663.5
    1032   1538.0 |    2884.2 |    2663.9
    1033   1538.1 |    2884.3 |    2664.0
    1034   1613.2 |    2884.3 |    2664.2
    1035   1613.2 |    2884.6 |    2664.2
    1036   1628.5 |    2884.6 |    2664.5
    1037   1629.2 |    2884.8 |    2664.9
    1038   1642.4 |    2884.9 |    2665.4
    1039   1682.8 |    2885.0 |    2665.5
    1040   1684.2 |    2886.1 |    2665.9
    1041   1685.6 |    2886.7 |    2666.3
    1042   1685.8 |    2887.0 |    2666.5
    1043   1686.0 |    2887.1 |    2666.5
    1044   1686.7 |    2887.2 |    2666.7
    1045   1689.1 |    2887.2 |    2666.9
    1046   1689.1 |    2887.5 |    2667.0
    1047   1691.2 |    2888.0 |    2667.0
    1048   1910.4 |    2888.1 |    2667.1
    1049   1910.8 |    2888.7 |    2667.3
    1050   1912.0 |    2888.9 |    2667.4
    1051   1920.3 |    2889.3 |    2667.5
    1052   1930.6 |    2889.4 |    2667.5
    1053   1935.1 |    2889.8 |    2667.6
    1054   1965.2 |    2890.2 |    2667.8
    1055   1970.5 |    2890.2 |    2667.9
    1056   1972.9 |    2890.3 |    2668.2
    1057   2073.0 |    2890.3 |    2668.2
    1058   2077.7 |    2890.4 |    2668.2
    1059   2078.2 |    2890.6 |    2668.3
    1060   2082.2 |    2890.7 |    2668.5
    1061   2086.6 |    2890.8 |    2668.5
    1062   2096.5 |    2891.4 |    2668.7
    1063   2096.9 |    2891.9 |    2668.7
    1064   2097.0 |    2895.2 |    2668.9
    1065   2101.4 |    2896.3 |    2669.4
    1066   2313.1 |    2896.9 |    2669.4
    1067   2314.9 |    2896.9 |    2669.6
    1068   2316.1 |    2897.6 |    2670.0
    1069   2317.4 |    2897.9 |    2670.5
    1070   2319.9 |    2898.3 |    2671.5
    1071   2320.5 |    2898.5 |    2675.1
    1072   2320.8 |    2898.5 |    2676.8
    1073   2321.0 |    2898.8 |    2678.6
    1074   2321.4 |    2899.0 |    2678.9
    1075   3022.9 |    2900.0 |    2679.1
    1076   3027.5 |    2902.3 |    2679.9
    1077   3028.7 |    2904.5 |    2679.9
    1078   3029.6 |    2905.1 |    2680.4
    1079   3029.6 |    2905.3 |    2680.7
    1080   3031.2 |    2906.7 |    2680.9
    1081   3031.8 |    2907.5 |    2681.4
    1082   3032.3 |    2908.0 |    2682.0
    1083   3034.1 |    2909.5 |    2682.2
    1084   3034.1 |    2910.8 |    2682.6
    1085   3034.2 |    2911.1 |    2683.0
    1086   3034.6 |    2911.7 |    2683.1
    1087   3034.8 |    2912.5 |    2683.4
    1088   3035.0 |    2913.5 |    2685.7
    1089   3035.2 |    2913.5 |    2685.9
    1090   3035.4 |    2914.1 |    2687.4
    1091   3035.7 |    2915.1 |    2690.3
    1092   3036.6 |    2917.0 |    2695.0
    1093   3036.7 |    2917.3 |    2697.1
    1094   3037.9 |    2917.7 |    2698.5
    1095   3038.5 |    2918.7 |    2701.2
    1096   3039.7 |    2920.6 |    2701.3
    1097   3040.3 |    2920.7 |    2701.5
    1098   3040.4 |    2921.2 |    2701.5
    1099   3041.9 |    2922.5 |    2701.7
    1100   3042.0 |    2924.7 |    2704.7
    1101   3042.3 |    2926.9 |    2705.8
    1102   3042.3 |    2926.9 |    2706.0
    1103   3042.3 |    2927.5 |    2707.4
    1104   3042.8 |    2928.2 |    2708.2
    1105   3044.1 |    2928.5 |    2708.8
    1106   3044.3 |    2930.2 |    2709.4
    1107   3045.0 |    2930.4 |    2710.6
    1108   3045.8 |    2933.5 |    2711.0
    1109   3046.4 |    2934.3 |    2711.1
    1110   3047.0 |    2940.1 |    2713.4
    1111   3047.4 |    2940.5 |    2713.5
    1112   3047.6 |    2941.1 |    2713.7
    1113   3048.4 |    2964.3 |    2716.7
    1114   3049.5 |    2965.6 |    2717.6
    1115   3050.4 |    2965.6 |    2719.6
    1116   3050.8 |    2965.6 |    2720.0
    1117   3051.0 |    2965.9 |    2723.0
    1118   3051.2 |    2966.3 |    2723.5
    1119   3051.4 |    2966.6 |    2731.0
    1120   3051.5 |    2966.7 |    2736.6
    1121   3052.0 |    2967.3 |    2739.6
    1122   3052.1 |    2967.7 |    2747.0
    1123   3052.4 |    2967.8 |    2747.6
    1124   3052.4 |    2968.0 |    2747.8
    1125   3052.5 |    2968.1 |    2747.9
    1126   3052.5 |    2968.3 |    2748.3
    1127   3052.5 |    2968.4 |    2748.4
    1128   3053.2 |    2968.5 |    2748.7
    1129   3053.2 |    2968.9 |    2748.9
    1130   3053.2 |    2969.0 |    2749.1
    1131   3053.3 |    2969.2 |    2749.3
    1132   3053.7 |    2969.2 |    2749.7
    1133   3054.0 |    2969.2 |    2749.7
    1134   3054.2 |    2969.3 |    2750.2
    1135   3054.9 |    2969.5 |    2750.2
    1136   3055.3 |    2969.5 |    2750.4
    1137   3055.9 |    2969.6 |    2750.5
    1138   3055.9 |    2970.0 |    2750.5
    1139   3056.2 |    2970.5 |    2750.8
    1140   3056.4 |    2970.7 |    2750.9
    1141   3056.5 |    2970.8 |    2751.1
    1142   3056.5 |    2971.0 |    2751.1
    1143   3057.1 |    2971.3 |    2751.3
    1144   3057.3 |    2971.3 |    2751.7
    1145   3057.5 |    2972.1 |    2751.9
    1146   3057.5 |    2972.5 |    2752.5
    1147   3057.8 |    2972.6 |    2753.0
    1148   3058.0 |    2974.1 |    2753.2
    1149   3058.1 |    2974.8 |    2753.7
    1150   3058.3 |    2976.5 |    2753.9
    1151   3059.6 |    2977.0 |    2754.7
    1152   3059.8 |    2978.2 |    2755.3
    1153   3059.8 |    2978.5 |    2756.0
    1154   3060.3 |    2978.5 |    2756.9
    1155   3060.5 |    2979.1 |    2757.2
    1156   3060.8 |    2980.3 |    2757.3
    1157   3061.3 |    2980.5 |    2757.4
    1158   3061.4 |    2980.6 |    2757.5
    1159   3061.6 |    2981.0 |    2758.3
    1160   3061.8 |    2981.1 |    2758.8
    1161   3062.4 |    2981.4 |    2759.0
    1162   3062.5 |    2981.4 |    2759.0
    1163   3062.6 |    2981.6 |    2759.7
    1164   3063.2 |    2982.0 |    2761.5
    1165   3063.5 |    2982.2 |    2761.6
    1166   3064.1 |    2984.0 |    2761.8
    1167   3065.4 |    2984.0 |    2761.8
    1168   3066.1 |    2984.3 |    2762.0
    1169   3066.4 |    2984.4 |    2762.3
    1170   3068.3 |    2985.8 |    2762.4
    1171   3093.6 |    2986.1 |    2762.8
    1172   3093.7 |    2986.1 |    2763.2
    1173   3095.5 |    2986.4 |    2763.4
    1174   3095.7 |    2986.6 |    2763.5
    1175   3095.8 |    2986.7 |    2763.9
    1176   3095.9 |    2986.7 |    2763.9
    1177   3096.0 |    2986.9 |    2764.1
    1178   3098.0 |    2987.3 |    2764.4
    1179   3098.4 |    2987.5 |    2764.5
    1180   3098.8 |    2988.0 |    2764.9
    1181   3099.3 |    2988.6 |    2765.3
    1182   3099.7 |    2989.1 |    2765.7
    1183   3099.7 |    2989.2 |    2765.8
    1184   3100.2 |    2991.0 |    2766.0
    1185   3100.6 |    2991.1 |    2766.2
    1186   3100.9 |    2991.5 |    2766.8
    1187   3101.2 |    2992.2 |    2767.1
    1188   3101.3 |    2992.5 |    2767.5
    1189   3101.5 |    2992.7 |    2767.7
    1190   3102.6 |    2993.7 |    2768.3
    1191   3102.8 |    2994.6 |    2771.1
    1192   3103.2 |    2996.8 |    2771.9
    1193   3104.2 |    2997.4 |    2772.2
    1194   3104.3 |    2997.6 |    2772.4
    1195   3104.5 |    2998.0 |    2772.5
    1196   3107.2 |    2998.3 |    2772.6
    1197   3109.4 |    2998.5 |    2772.8
    1198   3109.6 |    2998.8 |    2773.0
    1199   3109.8 |    2999.0 |    2773.2
    1200   3111.8 |    2999.3 |    2773.5
    1201   3113.3 |    2999.6 |    2773.7
    1202   3113.8 |    3000.9 |    2773.8
    1203   3114.0 |    3001.1 |    2774.1
    1204   3114.5 |    3002.2 |    2774.2
    1205   3114.6 |    3002.7 |    2774.6
    1206   3114.8 |    3003.0 |    2774.7
    1207   3114.8 |    3003.0 |    2775.1
    1208   3115.2 |    3003.2 |    2776.2
    1209   3115.9 |    3004.1 |    2776.2
    1210   3115.9 |    3004.1 |    2776.6
    1211   3116.0 |    3004.2 |    2777.2
    1212   3117.2 |    3004.9 |    2778.8
    1213   3117.4 |    3006.7 |    2778.9
    1214   3117.8 |    3006.9 |    2779.5
    1215   3117.8 |    3007.5 |    2779.7
    1216   3118.0 |    3008.0 |    2780.5
    1217   3118.1 |    3008.0 |    2780.8
    1218   3118.1 |    3008.3 |    2781.0
    1219   3118.4 |    3009.3 |    2781.1
    1220   3118.7 |    3010.7 |    2781.3
    1221   3119.0 |    3011.8 |    2782.3
    1222   3119.1 |    3012.1 |    2783.8
    1223   3119.4 |    3012.5 |    2784.4
    1224   3119.5 |    3013.5 |    2784.4
    1225   3119.5 |    3014.8 |    2785.8
    1226   3119.5 |    3015.2 |    2786.6
    1227   3119.6 |    3016.4 |    2787.9
    1228   3120.0 |    3017.4 |    2791.9
    1229   3120.3 |    3017.6 |    2797.1
    1230   3120.3 |    3054.8 |    3091.4
    1231   3120.4 |    3060.1 |    3092.8
    1232   3120.7 |    3066.9 |    3093.4
    1233   3120.9 |    3067.4 |    3093.5
    1234   3121.2 |    3067.6 |    3094.7
    1235   3121.4 |    3067.6 |    3096.9
    1236   3122.8 |    3069.0 |    3097.0
    1237   3122.8 |    3069.0 |    3097.3
    1238   3122.9 |    3071.2 |    3097.8
    1239   3123.2 |    3071.3 |    3097.9
    1240   3124.2 |    3071.8 |    3098.0
    1241   3125.3 |    3071.9 |    3103.2
    1242   3127.8 |    3072.6 |    3103.9
    1243   3132.0 |    3076.8 |    3105.9
    1244   3133.7 |    3077.2 |    3110.5
    1245   3133.7 |    3077.3 |    3111.9
    1246   3135.4 |    3079.4 |    3113.7
    1247   3136.6 |    3080.5 |    3114.6
    1248   3136.6 |    3083.5 |    3117.1
    1249   3137.7 |    3169.3 |    3135.2
    1250   3140.2 |    3170.2 |    3135.4
    1251   3141.3 |    3171.2 |    3135.5
    1252   3141.6 |    3172.5 |    3136.4
    1253   3141.7 |    3175.9 |    3136.7
    1254   3142.4 |    3176.0 |    3136.8
    1255   3142.8 |    3176.2 |    3136.9
    1256   3143.1 |    3187.2 |    3137.3
    1257   3143.6 |    3214.9 |    3137.5
    1258   3148.7 |    3694.8 |    3149.4
    1259   3150.1 |    3695.2 |    3150.0
    1260   3150.1 |    3695.2 |    3150.3
    1261   3150.9 |    3695.8 |    3150.6
    1262   3151.5 |    3696.7 |    3150.8
    1263   3152.1 |    3697.1 |    3151.2
    1264   3152.5 |    3697.2 |    3151.3
    1265   3152.7 |    3697.6 |    3151.7
    1266   3156.3 |    3697.8 |    3151.9
  -----------------------------------------------------------
    RMSD          |     259.9 |     199.5
     MAE          |     113.5 |      83.3
=============================================================



==============================================
  TIMING [JAX (gpu) + MM3 + Optax Adam+cosine]
==============================================
  Optimization S               390.10 s
  Function Evaluations             2001
  Per Evaluation S             195.0 ms
==============================================


