
==================================================================
  SUMMARY [JAX (gpu) + MM3 + jaxopt:lbfgs]
==================================================================
  RMSD (cm⁻¹):       259.9 → 187.7
  Score:             91.481736 → 71.530320  (+21.8%)
  Function evals:    200
  Wall time:         497.1s
  Scipy converged:   False
  Scipy message:     Max iterations (200) reached (error=2.45e+09)
==================================================================



========================================================
  FREQUENCY PROGRESSION [JAX (gpu) + MM3 + jaxopt:lbfgs]
========================================================
    Mode   QM ref |   QFUERZA | Optimized
  ------------------------------------------------------
       1     50.1 |      51.7 |      55.5
       2     53.0 |      56.5 |      55.9
       3     54.4 |      56.7 |      56.6
       4     56.2 |      59.5 |      56.7
       5     56.5 |      64.0 |      57.3
       6     57.0 |      64.2 |      57.9
       7     57.9 |      64.5 |      70.9
       8     59.4 |      69.5 |      71.3
       9     61.9 |      70.9 |      71.7
      10     63.5 |      74.0 |      72.4
      11     64.8 |      74.1 |      73.9
      12     65.4 |      78.1 |      74.5
      13     66.5 |      80.7 |      74.8
      14     67.1 |      82.4 |      75.8
      15     70.5 |      82.8 |      75.8
      16     70.5 |      84.3 |      77.7
      17     71.6 |      86.3 |      78.6
      18     73.5 |      86.9 |      78.7
      19     73.7 |      88.6 |      81.7
      20     75.8 |      89.6 |      82.8
      21     76.4 |      90.1 |      83.4
      22     79.6 |      90.5 |      83.5
      23     80.8 |      90.6 |      84.1
      24     81.1 |      95.1 |      84.3
      25     81.4 |      95.3 |      87.3
      26     82.3 |      97.8 |      88.8
      27     82.4 |      98.7 |      92.0
      28     82.6 |     100.6 |      92.1
      29     83.1 |     105.0 |      93.4
      30     83.2 |     107.9 |      94.2
      31     83.3 |     108.3 |      96.6
      32     86.9 |     110.5 |      96.8
      33     87.2 |     110.9 |      97.4
      34     87.5 |     111.3 |      98.7
      35     87.7 |     115.5 |      98.7
      36     88.2 |     116.6 |      98.8
      37     89.3 |     118.8 |      99.1
      38     92.2 |     120.6 |      99.3
      39     92.3 |     121.6 |      99.7
      40     92.5 |     122.3 |     100.8
      41     93.7 |     124.3 |     101.4
      42     96.3 |     126.2 |     102.9
      43     97.0 |     129.2 |     103.5
      44    101.6 |     129.7 |     103.9
      45    103.3 |     131.1 |     109.0
      46    103.6 |     134.2 |     110.7
      47    105.0 |     136.3 |     110.9
      48    108.7 |     136.8 |     112.0
      49    108.9 |     136.9 |     112.5
      50    110.4 |     137.2 |     113.1
      51    115.0 |     138.8 |     114.9
      52    116.1 |     138.8 |     115.1
      53    116.6 |     139.1 |     117.3
      54    117.8 |     140.2 |     119.1
      55    118.0 |     142.7 |     120.0
      56    118.2 |     144.4 |     121.2
      57    119.5 |     144.4 |     121.3
      58    120.4 |     144.9 |     121.6
      59    122.2 |     145.9 |     121.8
      60    123.8 |     146.2 |     122.0
      61    124.5 |     149.4 |     122.5
      62    125.3 |     151.5 |     122.6
      63    126.2 |     152.6 |     122.6
      64    126.7 |     152.6 |     122.8
      65    128.2 |     154.6 |     123.0
      66    129.0 |     157.4 |     125.3
      67    130.4 |     157.6 |     127.8
      68    130.7 |     160.2 |     128.6
      69    131.8 |     160.8 |     132.3
      70    132.7 |     161.6 |     134.2
      71    133.4 |     161.9 |     137.1
      72    135.7 |     161.9 |     137.2
      73    138.3 |     163.4 |     137.8
      74    139.7 |     164.1 |     138.0
      75    141.2 |     164.4 |     140.0
      76    141.4 |     167.9 |     140.7
      77    141.6 |     168.5 |     141.6
      78    143.5 |     170.4 |     141.8
      79    144.9 |     170.7 |     142.1
      80    147.2 |     171.2 |     143.1
      81    150.4 |     174.8 |     145.1
      82    151.2 |     175.8 |     145.3
      83    151.6 |     176.5 |     147.1
      84    152.9 |     178.1 |     149.4
      85    154.8 |     179.4 |     150.9
      86    156.7 |     179.8 |     151.5
      87    157.1 |     180.1 |     153.5
      88    160.0 |     182.3 |     154.0
      89    160.9 |     182.7 |     156.2
      90    165.9 |     182.8 |     159.0
      91    166.7 |     183.6 |     159.0
      92    166.7 |     185.4 |     159.0
      93    167.7 |     186.6 |     160.8
      94    167.9 |     188.6 |     162.3
      95    168.9 |     189.0 |     164.0
      96    169.9 |     190.8 |     166.3
      97    171.8 |     191.0 |     168.0
      98    173.5 |     192.2 |     169.4
      99    173.9 |     192.8 |     170.5
     100    174.6 |     192.8 |     172.9
     101    175.0 |     193.9 |     173.1
     102    176.3 |     199.9 |     173.7
     103    180.5 |     201.5 |     175.2
     104    183.4 |     201.7 |     177.5
     105    186.9 |     204.0 |     178.6
     106    188.6 |     204.3 |     180.4
     107    189.6 |     204.9 |     197.4
     108    190.8 |     205.2 |     197.8
     109    191.8 |     205.9 |     198.5
     110    192.6 |     208.0 |     198.8
     111    192.8 |     208.0 |     200.6
     112    193.0 |     208.2 |     201.1
     113    193.3 |     208.3 |     201.4
     114    193.6 |     210.3 |     204.8
     115    194.4 |     210.6 |     207.8
     116    196.4 |     211.4 |     209.9
     117    197.6 |     212.8 |     215.4
     118    198.3 |     217.6 |     216.3
     119    200.0 |     217.8 |     216.7
     120    204.1 |     218.0 |     219.8
     121    204.6 |     219.7 |     220.4
     122    205.7 |     221.9 |     221.9
     123    206.4 |     224.2 |     227.5
     124    207.4 |     224.7 |     230.4
     125    207.8 |     226.6 |     230.5
     126    210.0 |     227.2 |     231.1
     127    210.4 |     227.4 |     232.2
     128    211.5 |     233.0 |     233.2
     129    212.0 |     233.8 |     235.4
     130    212.8 |     234.9 |     236.3
     131    213.0 |     240.9 |     236.7
     132    213.4 |     241.6 |     239.8
     133    213.5 |     242.6 |     241.6
     134    213.9 |     250.6 |     241.6
     135    214.3 |     255.9 |     248.0
     136    215.0 |     256.6 |     250.9
     137    215.8 |     256.8 |     251.4
     138    216.5 |     257.1 |     251.9
     139    216.6 |     260.5 |     254.2
     140    216.7 |     261.9 |     256.8
     141    220.1 |     262.4 |     258.0
     142    220.1 |     265.3 |     260.1
     143    220.6 |     267.2 |     262.1
     144    220.7 |     269.7 |     263.9
     145    222.4 |     270.8 |     269.2
     146    223.5 |     272.6 |     271.1
     147    223.8 |     273.0 |     271.3
     148    226.5 |     274.9 |     273.2
     149    227.0 |     276.7 |     274.3
     150    228.2 |     278.2 |     275.6
     151    229.3 |     278.7 |     276.4
     152    232.6 |     278.8 |     278.6
     153    233.0 |     283.1 |     278.8
     154    233.3 |     283.4 |     280.0
     155    234.0 |     284.2 |     282.4
     156    234.4 |     285.4 |     282.5
     157    234.6 |     287.6 |     285.1
     158    235.3 |     289.2 |     285.8
     159    236.1 |     293.4 |     287.6
     160    236.5 |     294.2 |     287.6
     161    237.3 |     295.2 |     290.3
     162    237.3 |     296.1 |     290.6
     163    240.6 |     297.0 |     291.9
     164    240.8 |     298.0 |     293.4
     165    240.9 |     300.7 |     293.8
     166    241.2 |     301.0 |     295.3
     167    242.1 |     302.6 |     298.3
     168    244.6 |     306.5 |     298.5
     169    244.8 |     307.9 |     298.6
     170    245.8 |     311.3 |     299.6
     171    246.0 |     311.9 |     300.5
     172    246.2 |     313.3 |     300.8
     173    246.6 |     314.4 |     301.1
     174    247.2 |     315.7 |     301.9
     175    248.1 |     317.1 |     309.9
     176    249.0 |     317.3 |     310.3
     177    249.6 |     320.2 |     312.7
     178    250.0 |     322.1 |     313.7
     179    250.3 |     322.2 |     316.4
     180    250.6 |     326.3 |     317.0
     181    251.1 |     335.0 |     317.4
     182    251.8 |     336.4 |     317.5
     183    251.9 |     339.4 |     317.5
     184    253.0 |     342.5 |     317.8
     185    253.1 |     346.7 |     317.9
     186    253.5 |     347.2 |     318.1
     187    253.6 |     350.3 |     318.4
     188    253.8 |     350.8 |     319.0
     189    255.4 |     355.0 |     319.4
     190    255.6 |     358.3 |     319.7
     191    256.2 |     361.7 |     319.9
     192    257.9 |     364.1 |     320.0
     193    258.8 |     364.9 |     320.8
     194    259.9 |     365.6 |     320.8
     195    260.4 |     365.9 |     321.0
     196    261.3 |     366.3 |     321.6
     197    262.6 |     367.1 |     321.8
     198    264.3 |     368.3 |     322.2
     199    264.8 |     371.5 |     322.5
     200    265.2 |     374.5 |     322.9
     201    266.4 |     375.7 |     323.2
     202    266.5 |     375.9 |     323.4
     203    267.2 |     385.8 |     324.1
     204    269.2 |     386.3 |     324.3
     205    270.0 |     386.9 |     324.7
     206    270.3 |     388.0 |     325.7
     207    273.3 |     390.1 |     326.4
     208    274.8 |     391.8 |     326.5
     209    275.0 |     394.3 |     326.5
     210    275.3 |     396.3 |     330.0
     211    276.9 |     397.8 |     330.4
     212    279.6 |     398.5 |     332.3
     213    280.1 |     399.9 |     332.6
     214    282.1 |     400.7 |     333.1
     215    282.2 |     401.0 |     333.2
     216    283.5 |     402.8 |     333.3
     217    283.8 |     404.6 |     333.4
     218    284.0 |     405.1 |     333.6
     219    285.3 |     408.8 |     334.1
     220    288.2 |     410.5 |     334.7
     221    288.8 |     410.7 |     334.8
     222    289.2 |     412.4 |     334.9
     223    295.4 |     412.6 |     335.3
     224    303.5 |     413.1 |     335.3
     225    305.4 |     413.6 |     335.8
     226    307.3 |     415.7 |     336.1
     227    307.9 |     416.0 |     336.5
     228    323.1 |     416.6 |     336.6
     229    324.8 |     416.6 |     336.6
     230    327.0 |     420.1 |     336.8
     231    330.7 |     422.0 |     336.9
     232    330.8 |     424.5 |     337.0
     233    331.6 |     427.2 |     337.2
     234    332.0 |     427.9 |     337.2
     235    333.8 |     430.0 |     337.4
     236    334.7 |     431.3 |     337.6
     237    335.2 |     434.4 |     338.2
     238    337.2 |     434.4 |     338.8
     239    337.4 |     438.8 |     339.0
     240    337.6 |     439.3 |     339.3
     241    338.6 |     440.8 |     339.8
     242    339.2 |     441.5 |     340.4
     243    339.8 |     441.6 |     340.9
     244    343.6 |     449.6 |     341.3
     245    344.9 |     450.0 |     341.4
     246    348.8 |     451.0 |     341.6
     247    349.3 |     451.6 |     343.1
     248    356.3 |     455.1 |     345.1
     249    356.5 |     455.7 |     350.5
     250    357.2 |     456.0 |     353.6
     251    358.1 |     459.8 |     356.3
     252    360.7 |     462.9 |     356.4
     253    361.8 |     465.0 |     358.9
     254    362.0 |     465.7 |     360.2
     255    363.3 |     466.2 |     361.0
     256    364.2 |     470.1 |     361.0
     257    367.2 |     470.1 |     362.3
     258    372.0 |     470.5 |     363.5
     259    377.4 |     473.1 |     365.4
     260    378.0 |     473.4 |     367.0
     261    378.2 |     474.4 |     369.2
     262    378.9 |     475.4 |     369.3
     263    378.9 |     476.7 |     369.8
     264    379.0 |     477.4 |     370.5
     265    381.3 |     478.1 |     371.3
     266    381.6 |     478.2 |     371.4
     267    381.8 |     478.5 |     371.6
     268    382.9 |     480.1 |     372.8
     269    383.1 |     481.3 |     375.9
     270    388.0 |     481.5 |     380.0
     271    388.9 |     482.3 |     380.5
     272    390.7 |     483.4 |     381.7
     273    392.3 |     483.9 |     383.3
     274    398.8 |     486.7 |     383.5
     275    400.4 |     486.8 |     384.1
     276    401.3 |     488.0 |     385.0
     277    402.5 |     488.9 |     385.8
     278    403.0 |     489.1 |     387.3
     279    403.3 |     492.2 |     389.9
     280    404.0 |     494.2 |     390.2
     281    404.3 |     495.2 |     392.7
     282    404.6 |     497.1 |     397.5
     283    404.9 |     497.4 |     397.8
     284    417.7 |     500.7 |     397.9
     285    418.0 |     504.0 |     398.3
     286    421.2 |     505.2 |     400.0
     287    421.3 |     505.7 |     400.4
     288    423.0 |     506.2 |     401.8
     289    424.0 |     507.3 |     402.2
     290    424.4 |     509.3 |     404.3
     291    425.1 |     509.3 |     404.9
     292    426.7 |     509.8 |     406.1
     293    429.5 |     511.1 |     406.9
     294    431.0 |     511.7 |     408.0
     295    431.2 |     512.0 |     409.7
     296    432.8 |     513.6 |     410.4
     297    433.0 |     525.7 |     412.7
     298    433.8 |     526.8 |     412.9
     299    434.4 |     527.0 |     413.3
     300    434.6 |     529.1 |     416.8
     301    435.1 |     530.3 |     418.3
     302    444.5 |     531.7 |     420.0
     303    446.8 |     535.8 |     420.2
     304    455.0 |     540.0 |     421.8
     305    455.8 |     540.1 |     426.0
     306    456.3 |     540.8 |     426.4
     307    456.6 |     547.0 |     427.0
     308    458.3 |     547.0 |     427.1
     309    461.9 |     549.6 |     430.7
     310    462.9 |     551.5 |     432.5
     311    466.5 |     552.0 |     434.2
     312    467.1 |     553.1 |     434.8
     313    468.3 |     553.5 |     435.3
     314    472.8 |     554.6 |     436.8
     315    476.8 |     555.7 |     437.6
     316    478.3 |     558.3 |     437.9
     317    480.2 |     560.0 |     438.8
     318    480.5 |     560.4 |     439.6
     319    480.6 |     560.4 |     440.5
     320    481.2 |     561.8 |     448.1
     321    481.8 |     564.3 |     448.1
     322    482.6 |     565.9 |     449.7
     323    483.1 |     567.9 |     450.4
     324    483.4 |     576.2 |     450.8
     325    483.4 |     579.3 |     451.1
     326    484.6 |     580.8 |     451.6
     327    495.3 |     585.2 |     452.5
     328    496.8 |     587.4 |     452.7
     329    503.3 |     589.8 |     452.8
     330    505.9 |     592.2 |     453.9
     331    511.9 |     596.1 |     453.9
     332    512.7 |     596.3 |     454.2
     333    519.8 |     600.0 |     454.4
     334    532.2 |     600.5 |     454.5
     335    532.2 |     603.4 |     455.7
     336    539.2 |     607.5 |     455.9
     337    539.2 |     609.3 |     458.0
     338    539.2 |     610.4 |     464.4
     339    539.6 |     615.0 |     466.4
     340    540.0 |     616.8 |     468.1
     341    540.1 |     618.3 |     469.7
     342    540.5 |     622.8 |     475.1
     343    541.4 |     623.0 |     475.9
     344    541.5 |     623.0 |     477.2
     345    541.6 |     624.7 |     477.6
     346    548.7 |     626.6 |     479.8
     347    549.1 |     631.6 |     480.5
     348    569.4 |     633.7 |     481.1
     349    569.6 |     635.1 |     481.6
     350    569.6 |     636.1 |     481.9
     351    569.7 |     638.6 |     483.0
     352    569.8 |     639.4 |     483.9
     353    570.3 |     640.8 |     484.7
     354    570.6 |     641.5 |     484.8
     355    571.1 |     641.9 |     487.4
     356    571.3 |     643.6 |     488.0
     357    574.6 |     643.6 |     488.8
     358    575.5 |     645.7 |     492.2
     359    575.9 |     652.8 |     493.4
     360    576.9 |     654.7 |     495.3
     361    577.2 |     656.0 |     497.0
     362    577.4 |     657.7 |     498.9
     363    577.7 |     662.0 |     499.0
     364    577.9 |     662.1 |     505.4
     365    578.4 |     662.1 |     507.4
     366    593.1 |     664.3 |     512.9
     367    593.6 |     667.5 |     514.4
     368    594.8 |     671.1 |     514.4
     369    595.4 |     671.2 |     516.4
     370    597.1 |     672.2 |     517.3
     371    597.5 |     673.0 |     518.4
     372    597.7 |     674.8 |     522.0
     373    598.1 |     675.7 |     523.6
     374    598.7 |     677.2 |     525.1
     375    598.7 |     677.8 |     527.7
     376    598.9 |     678.6 |     530.1
     377    599.0 |     680.3 |     531.1
     378    599.2 |     684.2 |     531.5
     379    599.3 |     684.5 |     531.7
     380    600.9 |     686.0 |     532.9
     381    609.0 |     686.7 |     535.3
     382    611.7 |     689.9 |     536.1
     383    612.5 |     694.1 |     536.8
     384    614.0 |     696.8 |     537.3
     385    616.4 |     697.3 |     537.5
     386    618.3 |     697.4 |     541.4
     387    618.5 |     698.2 |     542.6
     388    620.5 |     701.3 |     543.8
     389    620.7 |     702.6 |     544.6
     390    621.4 |     704.8 |     545.1
     391    627.1 |     717.8 |     546.2
     392    629.7 |     717.9 |     547.5
     393    630.0 |     723.5 |     547.9
     394    630.1 |     729.2 |     550.5
     395    633.5 |     733.9 |     551.5
     396    633.6 |     734.7 |     554.5
     397    635.1 |     742.1 |     556.0
     398    635.8 |     742.3 |     556.3
     399    640.5 |     744.4 |     556.4
     400    640.8 |     744.6 |     560.9
     401    642.8 |     747.3 |     562.2
     402    643.0 |     755.5 |     565.3
     403    653.8 |     756.7 |     566.3
     404    655.2 |     757.5 |     569.4
     405    658.0 |     758.1 |     570.6
     406    658.1 |     776.9 |     579.9
     407    659.3 |     777.4 |     582.3
     408    661.7 |     778.0 |     582.9
     409    662.6 |     779.3 |     583.4
     410    666.3 |     779.5 |     583.5
     411    666.6 |     780.2 |     588.5
     412    667.0 |     781.5 |     593.0
     413    684.5 |     781.7 |     600.1
     414    684.7 |     781.9 |     604.4
     415    685.9 |     781.9 |     608.5
     416    687.0 |     783.2 |     613.8
     417    687.7 |     783.3 |     620.1
     418    689.6 |     783.4 |     633.2
     419    692.3 |     783.6 |     634.4
     420    693.7 |     785.5 |     634.8
     421    694.6 |     785.7 |     635.0
     422    695.7 |     786.2 |     636.0
     423    695.9 |     786.5 |     636.2
     424    698.5 |     786.6 |     638.2
     425    700.9 |     786.8 |     641.2
     426    702.2 |     790.3 |     642.3
     427    702.4 |     792.4 |     642.3
     428    702.9 |     792.6 |     642.5
     429    705.3 |     793.2 |     643.8
     430    712.4 |     795.0 |     644.4
     431    712.5 |     797.5 |     644.5
     432    715.4 |     797.8 |     646.9
     433    717.1 |     798.4 |     648.2
     434    717.6 |     799.1 |     649.5
     435    718.5 |     806.8 |     649.9
     436    719.1 |     808.2 |     650.5
     437    719.1 |     811.9 |     650.6
     438    724.3 |     812.9 |     651.0
     439    734.9 |     813.8 |     655.0
     440    736.3 |     814.4 |     656.2
     441    739.0 |     817.4 |     656.8
     442    740.5 |     817.5 |     656.9
     443    741.9 |     818.3 |     657.8
     444    742.9 |     820.0 |     659.9
     445    743.5 |     821.0 |     661.5
     446    743.6 |     821.4 |     664.2
     447    743.7 |     825.1 |     664.5
     448    744.4 |     825.2 |     665.7
     449    744.8 |     825.8 |     666.5
     450    745.2 |     829.3 |     668.2
     451    745.5 |     833.2 |     668.5
     452    746.5 |     833.3 |     669.0
     453    746.6 |     833.7 |     678.6
     454    747.1 |     833.8 |     679.8
     455    747.5 |     833.8 |     681.7
     456    747.5 |     834.0 |     682.3
     457    748.8 |     834.8 |     682.8
     458    769.7 |     835.1 |     683.8
     459    780.5 |     835.4 |     683.8
     460    780.9 |     835.5 |     686.6
     461    801.4 |     835.7 |     688.9
     462    806.4 |     835.8 |     689.5
     463    807.1 |     836.0 |     704.3
     464    810.5 |     836.1 |     706.9
     465    812.7 |     836.2 |     708.3
     466    815.2 |     836.7 |     711.0
     467    815.5 |     836.9 |     717.6
     468    815.7 |     836.9 |     720.8
     469    820.1 |     837.1 |     721.5
     470    821.9 |     837.2 |     722.0
     471    823.5 |     837.3 |     722.9
     472    828.7 |     837.7 |     723.2
     473    830.3 |     837.7 |     723.6
     474    830.7 |     837.9 |     726.0
     475    831.1 |     837.9 |     727.0
     476    831.9 |     838.1 |     727.3
     477    832.6 |     838.2 |     728.6
     478    832.7 |     839.5 |     729.3
     479    833.9 |     839.9 |     731.7
     480    834.2 |     840.9 |     738.5
     481    834.7 |     846.9 |     739.0
     482    835.0 |     847.2 |     740.1
     483    835.3 |     847.9 |     740.8
     484    835.3 |     851.5 |     741.3
     485    838.2 |     852.5 |     742.7
     486    838.4 |     857.6 |     744.9
     487    842.3 |     858.5 |     746.1
     488    844.0 |     859.3 |     749.1
     489    846.4 |     859.6 |     749.3
     490    855.7 |     859.9 |     749.5
     491    855.9 |     860.0 |     749.8
     492    855.9 |     860.2 |     763.1
     493    856.6 |     860.3 |     763.6
     494    856.8 |     860.6 |     764.4
     495    856.8 |     860.7 |     773.9
     496    857.4 |     861.0 |     776.2
     497    857.7 |     861.3 |     776.9
     498    857.8 |     863.2 |     777.3
     499    858.4 |     863.3 |     779.1
     500    858.7 |     867.5 |     779.8
     501    859.2 |     868.1 |     793.4
     502    870.3 |     870.1 |     799.4
     503    870.8 |     871.9 |     799.8
     504    871.9 |     874.3 |     803.9
     505    880.1 |     876.1 |     804.5
     506    882.1 |     877.3 |     812.8
     507    882.7 |     879.1 |     813.5
     508    886.4 |     879.6 |     815.1
     509    887.0 |     880.0 |     816.0
     510    891.9 |     884.7 |     816.4
     511    896.6 |     884.8 |     817.1
     512    896.6 |     885.3 |     817.1
     513    897.5 |     885.9 |     817.4
     514    898.0 |     886.8 |     818.5
     515    900.1 |     888.1 |     818.8
     516    900.1 |     888.9 |     820.9
     517    900.5 |     889.4 |     822.7
     518    900.5 |     891.3 |     824.9
     519    901.3 |     901.6 |     825.9
     520    901.5 |     902.6 |     826.6
     521    901.6 |     903.9 |     828.1
     522    901.6 |     906.1 |     829.6
     523    902.4 |     909.0 |     831.1
     524    904.4 |     912.1 |     831.4
     525    905.4 |     912.6 |     832.2
     526    907.3 |     920.0 |     832.5
     527    929.7 |     920.3 |     832.6
     528    930.9 |     923.3 |     841.5
     529    930.9 |     924.8 |     841.8
     530    931.6 |     926.4 |     844.2
     531    931.8 |     929.9 |     847.1
     532    932.6 |     933.1 |     847.7
     533    932.7 |     935.9 |     852.6
     534    933.9 |     938.3 |     857.6
     535    935.1 |     940.4 |     861.5
     536    935.6 |     941.1 |     861.8
     537    936.1 |     942.8 |     862.3
     538    937.6 |     943.3 |     862.5
     539    939.1 |     943.9 |     862.8
     540    939.3 |     944.3 |     865.1
     541    939.6 |     944.3 |     868.0
     542    939.7 |     944.7 |     869.0
     543    940.4 |     944.9 |     871.0
     544    940.7 |     945.1 |     871.2
     545    941.6 |     945.7 |     872.5
     546    941.6 |     945.7 |     873.1
     547    942.1 |     946.3 |     873.3
     548    942.4 |     946.6 |     873.7
     549    942.8 |     946.7 |     874.4
     550    942.8 |     946.9 |     874.5
     551    945.4 |     947.4 |     875.8
     552    945.8 |     947.4 |     876.1
     553    947.1 |     948.2 |     877.3
     554    947.2 |     948.3 |     877.5
     555    947.4 |     949.1 |     877.8
     556    947.7 |     949.2 |     877.9
     557    948.0 |     949.9 |     878.7
     558    948.1 |     950.1 |     878.8
     559    948.4 |     950.4 |     878.8
     560    948.5 |     950.4 |     879.5
     561    948.6 |     951.8 |     879.9
     562    948.7 |     952.1 |     880.8
     563    949.6 |     952.8 |     880.9
     564    950.0 |     952.8 |     881.0
     565    958.3 |     953.0 |     881.3
     566    967.9 |     953.3 |     881.6
     567    967.9 |     954.3 |     882.1
     568    982.8 |     958.2 |     882.4
     569    983.8 |     959.3 |     882.8
     570    985.9 |     959.3 |     883.2
     571    987.4 |     960.0 |     883.9
     572    988.4 |     964.2 |     884.4
     573    989.2 |     964.4 |     884.6
     574    989.3 |     966.2 |     885.3
     575    991.8 |     966.4 |     885.5
     576    994.7 |     966.8 |     886.2
     577    998.7 |     968.2 |     887.6
     578    999.4 |     968.3 |     890.8
     579    999.9 |     969.2 |     891.4
     580   1000.2 |     969.7 |     891.7
     581   1000.5 |     969.9 |     892.2
     582   1001.0 |     970.0 |     892.4
     583   1001.2 |     971.4 |     893.7
     584   1001.7 |     973.0 |     894.8
     585   1001.7 |     973.3 |     894.9
     586   1002.0 |     977.4 |     895.0
     587   1002.2 |     986.6 |     897.1
     588   1002.9 |     986.7 |     897.9
     589   1002.9 |     989.6 |     898.4
     590   1004.9 |     989.9 |     898.8
     591   1005.5 |     990.7 |     902.7
     592   1006.1 |     991.7 |     904.6
     593   1006.8 |     992.3 |     906.5
     594   1006.8 |     992.7 |     907.0
     595   1007.2 |     993.0 |     908.8
     596   1007.3 |     996.8 |     913.0
     597   1008.3 |    1008.2 |     913.5
     598   1008.5 |    1017.5 |     923.9
     599   1009.5 |    1020.1 |     925.9
     600   1009.9 |    1023.5 |     927.6
     601   1009.9 |    1025.3 |     928.6
     602   1010.0 |    1026.3 |     928.7
     603   1011.1 |    1026.4 |     934.3
     604   1011.3 |    1028.5 |     937.1
     605   1011.7 |    1029.7 |     937.1
     606   1012.9 |    1030.1 |     937.3
     607   1013.4 |    1030.2 |     937.5
     608   1014.8 |    1030.2 |     938.4
     609   1015.0 |    1030.4 |     938.5
     610   1015.3 |    1031.2 |     939.2
     611   1015.4 |    1031.9 |     939.4
     612   1016.5 |    1032.0 |     939.6
     613   1018.9 |    1032.9 |     940.1
     614   1019.7 |    1033.1 |     940.3
     615   1020.1 |    1033.4 |     940.8
     616   1025.5 |    1033.9 |     940.9
     617   1025.5 |    1034.8 |     941.3
     618   1025.8 |    1035.1 |     942.2
     619   1026.9 |    1035.3 |     942.8
     620   1028.2 |    1035.3 |     943.4
     621   1028.4 |    1035.4 |     943.8
     622   1028.7 |    1037.0 |     944.0
     623   1029.3 |    1037.3 |     944.8
     624   1029.9 |    1042.5 |     945.3
     625   1030.8 |    1043.1 |     946.2
     626   1031.7 |    1043.2 |     948.1
     627   1031.8 |    1046.2 |     948.5
     628   1032.6 |    1047.4 |     948.8
     629   1032.8 |    1051.1 |     949.9
     630   1033.4 |    1054.3 |     959.9
     631   1033.6 |    1064.6 |     960.3
     632   1035.0 |    1067.1 |     961.1
     633   1036.6 |    1068.0 |     965.5
     634   1037.0 |    1071.6 |     965.8
     635   1043.3 |    1078.6 |     966.1
     636   1043.8 |    1078.9 |     966.9
     637   1043.8 |    1079.4 |     966.9
     638   1045.7 |    1080.9 |     967.0
     639   1061.1 |    1086.4 |     967.6
     640   1061.5 |    1087.4 |     967.8
     641   1065.4 |    1088.5 |     967.9
     642   1065.6 |    1088.6 |     967.9
     643   1072.9 |    1089.5 |     968.4
     644   1074.5 |    1089.7 |     969.1
     645   1074.7 |    1089.9 |     969.2
     646   1075.0 |    1090.0 |     969.3
     647   1075.4 |    1090.2 |     970.0
     648   1076.5 |    1090.4 |     971.0
     649   1076.9 |    1090.6 |     971.2
     650   1078.2 |    1090.7 |     971.2
     651   1079.0 |    1090.8 |     971.3
     652   1080.3 |    1091.1 |     971.5
     653   1083.1 |    1092.1 |     973.0
     654   1085.7 |    1092.6 |     974.0
     655   1089.9 |    1093.3 |     974.3
     656   1090.1 |    1099.8 |     974.3
     657   1092.1 |    1104.6 |     974.8
     658   1092.6 |    1106.1 |     975.0
     659   1094.1 |    1107.1 |     975.3
     660   1094.6 |    1107.1 |     978.0
     661   1095.9 |    1108.2 |     978.4
     662   1096.3 |    1108.4 |     978.4
     663   1096.4 |    1109.2 |     978.7
     664   1096.7 |    1109.8 |     978.8
     665   1097.0 |    1110.3 |     979.3
     666   1097.4 |    1110.8 |     989.0
     667   1098.0 |    1111.4 |     990.4
     668   1098.9 |    1112.0 |     990.8
     669   1099.0 |    1113.0 |    1001.5
     670   1099.0 |    1113.1 |    1001.7
     671   1099.2 |    1114.1 |    1002.1
     672   1101.4 |    1114.6 |    1002.8
     673   1101.5 |    1125.8 |    1005.1
     674   1101.8 |    1129.2 |    1007.2
     675   1102.5 |    1129.2 |    1007.3
     676   1103.0 |    1129.6 |    1007.6
     677   1103.1 |    1130.4 |    1007.8
     678   1104.1 |    1130.7 |    1008.2
     679   1117.6 |    1130.8 |    1008.2
     680   1118.0 |    1131.0 |    1008.7
     681   1118.4 |    1132.2 |    1009.2
     682   1120.1 |    1133.1 |    1009.7
     683   1121.5 |    1175.6 |    1009.7
     684   1122.2 |    1176.7 |    1010.9
     685   1123.5 |    1177.4 |    1011.7
     686   1126.8 |    1177.8 |    1014.5
     687   1127.7 |    1179.8 |    1014.8
     688   1127.8 |    1179.9 |    1016.5
     689   1129.2 |    1180.4 |    1019.1
     690   1129.6 |    1181.6 |    1019.4
     691   1130.5 |    1181.8 |    1020.4
     692   1132.4 |    1182.1 |    1020.7
     693   1133.0 |    1182.2 |    1021.1
     694   1138.5 |    1183.0 |    1021.8
     695   1138.9 |    1184.8 |    1021.9
     696   1139.2 |    1193.3 |    1022.4
     697   1139.4 |    1194.1 |    1022.5
     698   1139.5 |    1212.0 |    1022.6
     699   1139.9 |    1216.1 |    1023.0
     700   1140.4 |    1216.4 |    1023.3
     701   1140.9 |    1216.5 |    1024.0
     702   1141.7 |    1216.6 |    1070.5
     703   1141.9 |    1216.9 |    1073.4
     704   1142.0 |    1217.2 |    1073.4
     705   1142.2 |    1217.5 |    1073.5
     706   1142.3 |    1218.2 |    1073.8
     707   1143.4 |    1218.3 |    1074.1
     708   1149.7 |    1218.4 |    1074.2
     709   1164.2 |    1218.5 |    1074.6
     710   1164.7 |    1218.7 |    1074.8
     711   1164.7 |    1218.9 |    1074.9
     712   1165.0 |    1219.2 |    1075.1
     713   1173.9 |    1219.5 |    1075.3
     714   1175.2 |    1220.3 |    1075.4
     715   1176.6 |    1220.9 |    1075.4
     716   1178.7 |    1222.6 |    1076.8
     717   1185.3 |    1222.7 |    1077.3
     718   1185.7 |    1223.6 |    1080.6
     719   1186.3 |    1224.6 |    1080.7
     720   1186.4 |    1225.7 |    1085.0
     721   1186.9 |    1225.7 |    1085.8
     722   1186.9 |    1226.3 |    1086.9
     723   1188.1 |    1226.3 |    1087.0
     724   1188.4 |    1230.0 |    1088.5
     725   1192.5 |    1235.9 |    1088.5
     726   1192.6 |    1237.4 |    1089.6
     727   1192.9 |    1237.8 |    1089.7
     728   1193.1 |    1238.7 |    1089.8
     729   1201.2 |    1239.2 |    1090.1
     730   1201.9 |    1240.0 |    1090.1
     731   1202.9 |    1240.3 |    1090.7
     732   1204.1 |    1241.7 |    1091.3
     733   1204.2 |    1241.8 |    1091.4
     734   1204.4 |    1242.1 |    1091.4
     735   1204.7 |    1244.1 |    1092.3
     736   1204.8 |    1246.2 |    1092.7
     737   1204.8 |    1247.5 |    1093.8
     738   1205.6 |    1248.3 |    1095.1
     739   1205.8 |    1248.5 |    1100.1
     740   1225.0 |    1249.2 |    1103.5
     741   1225.1 |    1249.2 |    1103.7
     742   1225.2 |    1250.5 |    1116.4
     743   1225.9 |    1251.8 |    1121.6
     744   1226.0 |    1252.7 |    1121.7
     745   1226.0 |    1255.2 |    1128.7
     746   1226.4 |    1256.9 |    1130.7
     747   1227.0 |    1260.0 |    1132.4
     748   1227.1 |    1260.5 |    1133.3
     749   1227.5 |    1261.4 |    1137.3
     750   1227.6 |    1262.3 |    1137.7
     751   1230.1 |    1264.0 |    1139.2
     752   1264.1 |    1268.2 |    1140.6
     753   1264.7 |    1268.5 |    1140.6
     754   1268.8 |    1270.0 |    1140.7
     755   1268.8 |    1270.4 |    1145.1
     756   1269.4 |    1273.0 |    1170.5
     757   1269.7 |    1275.1 |    1170.6
     758   1270.7 |    1275.8 |    1171.7
     759   1271.0 |    1277.3 |    1172.9
     760   1273.6 |    1277.6 |    1173.3
     761   1280.4 |    1277.6 |    1174.1
     762   1281.0 |    1279.8 |    1175.9
     763   1281.3 |    1280.0 |    1176.8
     764   1281.7 |    1284.3 |    1177.2
     765   1282.2 |    1287.1 |    1177.9
     766   1282.8 |    1287.4 |    1179.0
     767   1286.2 |    1288.8 |    1185.1
     768   1286.9 |    1293.6 |    1186.8
     769   1288.2 |    1293.8 |    1187.1
     770   1288.3 |    1297.0 |    1187.7
     771   1288.3 |    1298.4 |    1190.3
     772   1289.8 |    1298.9 |    1191.2
     773   1289.9 |    1299.0 |    1192.1
     774   1290.1 |    1300.0 |    1192.3
     775   1292.1 |    1300.5 |    1192.9
     776   1292.6 |    1300.8 |    1195.8
     777   1292.6 |    1302.8 |    1196.8
     778   1293.4 |    1305.0 |    1197.9
     779   1295.3 |    1310.0 |    1198.0
     780   1295.9 |    1312.9 |    1201.8
     781   1296.1 |    1314.4 |    1202.1
     782   1296.1 |    1315.1 |    1206.8
     783   1296.3 |    1315.4 |    1207.0
     784   1297.2 |    1315.4 |    1208.1
     785   1297.3 |    1315.5 |    1209.1
     786   1297.7 |    1316.4 |    1209.6
     787   1297.9 |    1316.6 |    1209.6
     788   1298.2 |    1317.9 |    1210.3
     789   1299.0 |    1318.4 |    1210.4
     790   1300.4 |    1320.9 |    1210.5
     791   1301.8 |    1321.6 |    1210.7
     792   1302.1 |    1322.5 |    1210.7
     793   1310.7 |    1326.5 |    1211.0
     794   1311.6 |    1326.7 |    1211.7
     795   1313.4 |    1328.2 |    1212.4
     796   1314.0 |    1331.1 |    1212.4
     797   1316.1 |    1333.7 |    1212.6
     798   1316.5 |    1345.0 |    1213.1
     799   1316.5 |    1349.7 |    1213.4
     800   1316.6 |    1350.4 |    1213.4
     801   1316.9 |    1350.9 |    1214.2
     802   1316.9 |    1351.0 |    1214.3
     803   1317.6 |    1351.0 |    1215.6
     804   1318.1 |    1351.1 |    1216.4
     805   1318.1 |    1351.2 |    1217.6
     806   1318.1 |    1351.7 |    1217.6
     807   1318.2 |    1356.3 |    1218.1
     808   1318.7 |    1356.3 |    1220.0
     809   1319.5 |    1356.5 |    1221.5
     810   1320.0 |    1357.1 |    1222.3
     811   1320.7 |    1357.1 |    1224.6
     812   1321.3 |    1357.7 |    1225.2
     813   1322.0 |    1358.1 |    1236.5
     814   1323.8 |    1358.1 |    1237.5
     815   1323.8 |    1358.3 |    1238.0
     816   1324.5 |    1358.4 |    1238.7
     817   1324.7 |    1358.6 |    1239.5
     818   1325.4 |    1359.4 |    1239.9
     819   1326.8 |    1360.7 |    1240.8
     820   1328.3 |    1360.7 |    1240.8
     821   1328.4 |    1360.8 |    1241.8
     822   1329.1 |    1361.2 |    1242.5
     823   1330.2 |    1362.0 |    1245.7
     824   1332.6 |    1364.5 |    1246.1
     825   1334.0 |    1372.9 |    1246.9
     826   1342.8 |    1373.3 |    1250.0
     827   1343.8 |    1373.7 |    1251.0
     828   1344.7 |    1375.4 |    1251.6
     829   1344.8 |    1377.9 |    1251.9
     830   1345.3 |    1379.7 |    1256.6
     831   1346.9 |    1380.3 |    1258.2
     832   1357.5 |    1381.9 |    1258.3
     833   1358.0 |    1382.7 |    1271.5
     834   1358.6 |    1382.8 |    1274.5
     835   1359.6 |    1383.0 |    1276.4
     836   1360.5 |    1383.6 |    1276.5
     837   1360.6 |    1383.7 |    1293.1
     838   1361.1 |    1384.7 |    1294.6
     839   1361.2 |    1385.1 |    1307.0
     840   1361.7 |    1385.1 |    1308.0
     841   1362.3 |    1385.5 |    1309.0
     842   1362.7 |    1386.9 |    1309.2
     843   1363.1 |    1387.1 |    1309.8
     844   1363.1 |    1387.4 |    1309.9
     845   1363.2 |    1387.6 |    1310.3
     846   1363.4 |    1388.0 |    1310.3
     847   1363.4 |    1388.0 |    1311.1
     848   1365.0 |    1388.1 |    1314.4
     849   1365.0 |    1388.6 |    1316.8
     850   1365.2 |    1388.6 |    1319.2
     851   1365.5 |    1389.6 |    1319.6
     852   1365.6 |    1390.2 |    1319.9
     853   1366.0 |    1390.3 |    1320.7
     854   1366.0 |    1390.6 |    1321.2
     855   1366.8 |    1390.8 |    1322.3
     856   1366.8 |    1391.2 |    1323.0
     857   1366.9 |    1391.5 |    1323.6
     858   1367.5 |    1391.9 |    1323.9
     859   1367.6 |    1391.9 |    1323.9
     860   1367.7 |    1392.0 |    1324.5
     861   1367.7 |    1392.5 |    1324.5
     862   1368.0 |    1393.4 |    1325.0
     863   1369.6 |    1393.4 |    1325.1
     864   1370.0 |    1395.1 |    1325.5
     865   1370.4 |    1396.4 |    1327.6
     866   1370.5 |    1397.8 |    1327.9
     867   1371.2 |    1399.0 |    1328.1
     868   1371.3 |    1399.1 |    1328.7
     869   1371.5 |    1399.8 |    1329.0
     870   1372.6 |    1400.1 |    1329.2
     871   1398.6 |    1400.2 |    1329.3
     872   1399.4 |    1400.3 |    1329.3
     873   1399.5 |    1400.4 |    1330.6
     874   1399.5 |    1401.8 |    1330.6
     875   1399.6 |    1402.0 |    1331.0
     876   1399.6 |    1403.0 |    1331.6
     877   1400.1 |    1405.9 |    1332.0
     878   1400.5 |    1405.9 |    1332.2
     879   1400.7 |    1406.7 |    1332.7
     880   1426.2 |    1406.8 |    1336.0
     881   1426.4 |    1406.9 |    1338.7
     882   1427.9 |    1407.2 |    1339.3
     883   1428.6 |    1407.3 |    1340.4
     884   1429.1 |    1407.4 |    1351.4
     885   1429.4 |    1407.6 |    1352.1
     886   1429.8 |    1407.7 |    1353.9
     887   1430.5 |    1407.8 |    1355.2
     888   1430.7 |    1408.6 |    1359.5
     889   1430.8 |    1408.7 |    1361.0
     890   1431.1 |    1408.8 |    1373.2
     891   1431.6 |    1409.7 |    1378.8
     892   1431.6 |    1409.8 |    1380.4
     893   1431.8 |    1410.2 |    1383.4
     894   1432.0 |    1410.4 |    1384.3
     895   1432.1 |    1410.7 |    1392.0
     896   1432.2 |    1411.0 |    1392.5
     897   1433.0 |    1411.1 |    1392.8
     898   1433.1 |    1411.3 |    1393.3
     899   1433.4 |    1411.8 |    1393.6
     900   1433.4 |    1412.3 |    1393.7
     901   1433.7 |    1412.5 |    1394.5
     902   1433.8 |    1412.8 |    1394.6
     903   1434.5 |    1413.2 |    1394.6
     904   1458.6 |    1413.2 |    1395.4
     905   1459.2 |    1414.1 |    1395.9
     906   1460.9 |    1416.7 |    1396.2
     907   1461.0 |    1417.4 |    1397.4
     908   1461.3 |    1419.0 |    1397.8
     909   1462.0 |    1419.3 |    1397.8
     910   1464.7 |    1419.8 |    1398.4
     911   1466.1 |    1419.9 |    1398.6
     912   1466.1 |    1422.8 |    1399.3
     913   1466.6 |    1423.9 |    1399.4
     914   1467.8 |    1425.1 |    1400.2
     915   1468.1 |    1425.5 |    1401.4
     916   1468.9 |    1426.0 |    1406.1
     917   1469.0 |    1426.3 |    1406.2
     918   1469.7 |    1426.3 |    1407.1
     919   1469.7 |    1426.4 |    1407.3
     920   1472.5 |    1426.5 |    1408.7
     921   1473.0 |    1426.6 |    1409.6
     922   1473.2 |    1427.0 |    1413.6
     923   1473.6 |    1427.2 |    1415.1
     924   1473.9 |    1427.3 |    1415.7
     925   1474.0 |    1428.0 |    1416.3
     926   1475.0 |    1428.2 |    1416.4
     927   1475.3 |    1428.5 |    1416.4
     928   1475.6 |    1429.3 |    1417.0
     929   1475.9 |    1429.7 |    1417.0
     930   1476.0 |    1429.8 |    1418.6
     931   1476.8 |    1430.0 |    1419.1
     932   1479.0 |    1431.1 |    1419.2
     933   1479.1 |    1431.6 |    1419.9
     934   1479.6 |    1432.2 |    1420.4
     935   1480.1 |    1432.4 |    1420.4
     936   1482.4 |    1432.6 |    1420.8
     937   1483.0 |    1433.9 |    1422.3
     938   1484.0 |    1434.0 |    1422.3
     939   1484.1 |    1434.5 |    1422.5
     940   1485.5 |    1435.3 |    1422.7
     941   1485.5 |    1438.1 |    1422.8
     942   1490.8 |    1441.9 |    1423.1
     943   1493.1 |    1449.1 |    1423.2
     944   1493.9 |    1449.3 |    1423.2
     945   1493.9 |    1449.6 |    1423.4
     946   1494.5 |    1450.3 |    1423.4
     947   1495.7 |    1450.5 |    1423.7
     948   1495.7 |    1450.7 |    1423.9
     949   1496.0 |    1450.8 |    1424.2
     950   1496.3 |    1450.9 |    1424.7
     951   1496.4 |    1451.1 |    1424.8
     952   1497.2 |    1455.0 |    1425.0
     953   1498.1 |    1457.6 |    1425.0
     954   1498.6 |    1459.4 |    1425.2
     955   1498.9 |    1488.0 |    1425.3
     956   1499.1 |    1490.0 |    1425.4
     957   1499.1 |    1509.3 |    1425.9
     958   1499.3 |    1509.9 |    1426.1
     959   1500.6 |    1509.9 |    1426.4
     960   1500.6 |    1512.5 |    1426.8
     961   1501.0 |    1513.2 |    1427.6
     962   1501.1 |    1513.9 |    1429.6
     963   1501.2 |    1514.2 |    1430.4
     964   1501.4 |    1514.2 |    1430.8
     965   1501.4 |    1514.4 |    1431.2
     966   1501.5 |    1529.8 |    1431.3
     967   1501.5 |    1532.0 |    1431.4
     968   1501.6 |    1539.3 |    1431.5
     969   1501.7 |    1541.7 |    1431.8
     970   1501.9 |    1572.5 |    1432.0
     971   1502.1 |    1572.6 |    1432.1
     972   1503.2 |    1572.9 |    1432.3
     973   1503.9 |    1577.9 |    1432.4
     974   1505.2 |    1580.1 |    1433.4
     975   1505.8 |    1581.7 |    1433.6
     976   1506.1 |    1583.9 |    1433.6
     977   1506.5 |    1584.1 |    1433.8
     978   1506.8 |    1587.1 |    1434.1
     979   1506.9 |    1737.0 |    1434.5
     980   1507.1 |    1738.0 |    1434.7
     981   1507.5 |    1739.3 |    1434.9
     982   1507.5 |    1740.0 |    1435.8
     983   1507.7 |    1740.3 |    1436.6
     984   1507.8 |    1740.6 |    1437.5
     985   1508.1 |    1741.5 |    1438.0
     986   1508.1 |    1744.2 |    1438.1
     987   1508.4 |    1745.3 |    1438.1
     988   1508.6 |    1818.0 |    1438.2
     989   1508.6 |    1822.0 |    1438.5
     990   1508.7 |    1822.0 |    1438.8
     991   1508.8 |    1842.0 |    1439.5
     992   1509.0 |    1853.0 |    1440.2
     993   1509.0 |    1860.8 |    1440.5
     994   1509.1 |    1873.1 |    1441.0
     995   1509.2 |    1920.1 |    1441.2
     996   1509.3 |    1926.2 |    1441.3
     997   1509.8 |    1928.4 |    1442.3
     998   1510.1 |    1937.3 |    1442.5
     999   1510.4 |    1946.8 |    1442.6
    1000   1510.5 |    1947.5 |    1443.9
    1001   1510.6 |    1956.4 |    1444.3
    1002   1511.1 |    1962.7 |    1445.3
    1003   1511.5 |    1979.0 |    1447.0
    1004   1511.6 |    1989.5 |    1447.2
    1005   1512.2 |    1990.0 |    1447.6
    1006   1512.3 |    1992.4 |    1447.9
    1007   1512.5 |    1993.2 |    1448.0
    1008   1512.5 |    2252.5 |    1449.2
    1009   1512.7 |    2254.0 |    1450.9
    1010   1512.8 |    2255.1 |    1451.8
    1011   1512.9 |    2257.2 |    1455.5
    1012   1513.6 |    2259.0 |    1458.0
    1013   1513.7 |    2260.2 |    1458.1
    1014   1514.8 |    2260.4 |    1458.6
    1015   1514.9 |    2260.4 |    1459.2
    1016   1515.1 |    2261.1 |    1459.9
    1017   1515.1 |    2877.1 |    1460.2
    1018   1515.2 |    2877.3 |    1460.2
    1019   1515.4 |    2878.0 |    1460.4
    1020   1516.0 |    2879.0 |    1460.5
    1021   1516.8 |    2880.8 |    1460.5
    1022   1517.7 |    2881.8 |    1460.7
    1023   1517.7 |    2882.3 |    1460.8
    1024   1518.9 |    2882.7 |    1461.5
    1025   1530.9 |    2883.4 |    1462.1
    1026   1531.4 |    2883.6 |    1463.3
    1027   1532.4 |    2883.9 |    1463.5
    1028   1535.3 |    2883.9 |    1463.9
    1029   1536.6 |    2883.9 |    1465.9
    1030   1536.9 |    2884.1 |    1466.0
    1031   1537.1 |    2884.1 |    1466.1
    1032   1538.0 |    2884.2 |    1467.2
    1033   1538.1 |    2884.3 |    1467.7
    1034   1613.2 |    2884.3 |    1468.2
    1035   1613.2 |    2884.6 |    1468.2
    1036   1628.5 |    2884.6 |    1468.3
    1037   1629.2 |    2884.8 |    1468.5
    1038   1642.4 |    2884.9 |    1469.0
    1039   1682.8 |    2885.0 |    1469.4
    1040   1684.2 |    2886.1 |    1469.6
    1041   1685.6 |    2886.7 |    1469.6
    1042   1685.8 |    2887.0 |    1469.7
    1043   1686.0 |    2887.1 |    1472.1
    1044   1686.7 |    2887.2 |    1472.9
    1045   1689.1 |    2887.2 |    1473.0
    1046   1689.1 |    2887.5 |    1475.9
    1047   1691.2 |    2888.0 |    1478.6
    1048   1910.4 |    2888.1 |    1480.0
    1049   1910.8 |    2888.7 |    1496.6
    1050   1912.0 |    2888.9 |    1498.4
    1051   1920.3 |    2889.3 |    1499.4
    1052   1930.6 |    2889.4 |    1499.6
    1053   1935.1 |    2889.8 |    1500.6
    1054   1965.2 |    2890.2 |    1502.2
    1055   1970.5 |    2890.2 |    1504.1
    1056   1972.9 |    2890.3 |    1507.1
    1057   2073.0 |    2890.3 |    1509.7
    1058   2077.7 |    2890.4 |    1510.4
    1059   2078.2 |    2890.6 |    1530.5
    1060   2082.2 |    2890.7 |    1533.1
    1061   2086.6 |    2890.8 |    1533.6
    1062   2096.5 |    2891.4 |    1533.8
    1063   2096.9 |    2891.9 |    1533.9
    1064   2097.0 |    2895.2 |    1534.8
    1065   2101.4 |    2896.3 |    1536.3
    1066   2313.1 |    2896.9 |    1536.6
    1067   2314.9 |    2896.9 |    1537.9
    1068   2316.1 |    2897.6 |    1538.3
    1069   2317.4 |    2897.9 |    1539.2
    1070   2319.9 |    2898.3 |    1539.8
    1071   2320.5 |    2898.5 |    1545.6
    1072   2320.8 |    2898.5 |    1546.4
    1073   2321.0 |    2898.8 |    1557.3
    1074   2321.4 |    2899.0 |    1565.7
    1075   3022.9 |    2900.0 |    1567.5
    1076   3027.5 |    2902.3 |    1568.1
    1077   3028.7 |    2904.5 |    1830.1
    1078   3029.6 |    2905.1 |    2139.6
    1079   3029.6 |    2905.3 |    2682.5
    1080   3031.2 |    2906.7 |    2683.0
    1081   3031.8 |    2907.5 |    2683.9
    1082   3032.3 |    2908.0 |    2684.9
    1083   3034.1 |    2909.5 |    2685.2
    1084   3034.1 |    2910.8 |    2686.3
    1085   3034.2 |    2911.1 |    2687.5
    1086   3034.6 |    2911.7 |    2687.6
    1087   3034.8 |    2912.5 |    2687.9
    1088   3035.0 |    2913.5 |    2688.1
    1089   3035.2 |    2913.5 |    2688.1
    1090   3035.4 |    2914.1 |    2688.4
    1091   3035.7 |    2915.1 |    2688.4
    1092   3036.6 |    2917.0 |    2688.5
    1093   3036.7 |    2917.3 |    2688.6
    1094   3037.9 |    2917.7 |    2688.7
    1095   3038.5 |    2918.7 |    2688.7
    1096   3039.7 |    2920.6 |    2688.8
    1097   3040.3 |    2920.7 |    2689.0
    1098   3040.4 |    2921.2 |    2689.1
    1099   3041.9 |    2922.5 |    2689.4
    1100   3042.0 |    2924.7 |    2689.5
    1101   3042.3 |    2926.9 |    2689.8
    1102   3042.3 |    2926.9 |    2690.3
    1103   3042.3 |    2927.5 |    2690.6
    1104   3042.8 |    2928.2 |    2691.0
    1105   3044.1 |    2928.5 |    2691.3
    1106   3044.3 |    2930.2 |    2691.3
    1107   3045.0 |    2930.4 |    2691.3
    1108   3045.8 |    2933.5 |    2691.6
    1109   3046.4 |    2934.3 |    2691.8
    1110   3047.0 |    2940.1 |    2692.0
    1111   3047.4 |    2940.5 |    2692.1
    1112   3047.6 |    2941.1 |    2692.4
    1113   3048.4 |    2964.3 |    2692.4
    1114   3049.5 |    2965.6 |    2692.5
    1115   3050.4 |    2965.6 |    2692.6
    1116   3050.8 |    2965.6 |    2692.7
    1117   3051.0 |    2965.9 |    2692.7
    1118   3051.2 |    2966.3 |    2692.8
    1119   3051.4 |    2966.6 |    2693.1
    1120   3051.5 |    2966.7 |    2693.1
    1121   3052.0 |    2967.3 |    2693.1
    1122   3052.1 |    2967.7 |    2693.2
    1123   3052.4 |    2967.8 |    2693.4
    1124   3052.4 |    2968.0 |    2693.6
    1125   3052.5 |    2968.1 |    2693.7
    1126   3052.5 |    2968.3 |    2694.0
    1127   3052.5 |    2968.4 |    2694.1
    1128   3053.2 |    2968.5 |    2694.1
    1129   3053.2 |    2968.9 |    2694.2
    1130   3053.2 |    2969.0 |    2694.5
    1131   3053.3 |    2969.2 |    2694.5
    1132   3053.7 |    2969.2 |    2694.5
    1133   3054.0 |    2969.2 |    2695.2
    1134   3054.2 |    2969.3 |    2695.8
    1135   3054.9 |    2969.5 |    2696.1
    1136   3055.3 |    2969.5 |    2696.4
    1137   3055.9 |    2969.6 |    2696.6
    1138   3055.9 |    2970.0 |    2698.5
    1139   3056.2 |    2970.5 |    2703.4
    1140   3056.4 |    2970.7 |    2706.1
    1141   3056.5 |    2970.8 |    2707.3
    1142   3056.5 |    2971.0 |    2707.4
    1143   3057.1 |    2971.3 |    2708.8
    1144   3057.3 |    2971.3 |    2709.3
    1145   3057.5 |    2972.1 |    2710.2
    1146   3057.5 |    2972.5 |    2710.2
    1147   3057.8 |    2972.6 |    2710.9
    1148   3058.0 |    2974.1 |    2711.6
    1149   3058.1 |    2974.8 |    2712.9
    1150   3058.3 |    2976.5 |    2713.0
    1151   3059.6 |    2977.0 |    2713.7
    1152   3059.8 |    2978.2 |    2714.9
    1153   3059.8 |    2978.5 |    2715.0
    1154   3060.3 |    2978.5 |    2716.3
    1155   3060.5 |    2979.1 |    2716.5
    1156   3060.8 |    2980.3 |    2717.1
    1157   3061.3 |    2980.5 |    2718.1
    1158   3061.4 |    2980.6 |    2718.2
    1159   3061.6 |    2981.0 |    2718.5
    1160   3061.8 |    2981.1 |    2719.9
    1161   3062.4 |    2981.4 |    2720.8
    1162   3062.5 |    2981.4 |    2720.9
    1163   3062.6 |    2981.6 |    2722.0
    1164   3063.2 |    2982.0 |    2722.9
    1165   3063.5 |    2982.2 |    2722.9
    1166   3064.1 |    2984.0 |    2723.0
    1167   3065.4 |    2984.0 |    2723.2
    1168   3066.1 |    2984.3 |    2723.8
    1169   3066.4 |    2984.4 |    2724.0
    1170   3068.3 |    2985.8 |    2725.9
    1171   3093.6 |    2986.1 |    2729.3
    1172   3093.7 |    2986.1 |    2730.0
    1173   3095.5 |    2986.4 |    2730.8
    1174   3095.7 |    2986.6 |    2731.7
    1175   3095.8 |    2986.7 |    2761.2
    1176   3095.9 |    2986.7 |    2762.0
    1177   3096.0 |    2986.9 |    2762.6
    1178   3098.0 |    2987.3 |    2762.8
    1179   3098.4 |    2987.5 |    2762.9
    1180   3098.8 |    2988.0 |    2763.1
    1181   3099.3 |    2988.6 |    2763.5
    1182   3099.7 |    2989.1 |    2764.5
    1183   3099.7 |    2989.2 |    2764.6
    1184   3100.2 |    2991.0 |    2764.7
    1185   3100.6 |    2991.1 |    2764.8
    1186   3100.9 |    2991.5 |    2764.9
    1187   3101.2 |    2992.2 |    2765.2
    1188   3101.3 |    2992.5 |    2765.5
    1189   3101.5 |    2992.7 |    2765.5
    1190   3102.6 |    2993.7 |    2765.8
    1191   3102.8 |    2994.6 |    2765.9
    1192   3103.2 |    2996.8 |    2766.5
    1193   3104.2 |    2997.4 |    2766.6
    1194   3104.3 |    2997.6 |    2766.7
    1195   3104.5 |    2998.0 |    2766.7
    1196   3107.2 |    2998.3 |    2766.8
    1197   3109.4 |    2998.5 |    2766.9
    1198   3109.6 |    2998.8 |    2767.7
    1199   3109.8 |    2999.0 |    2768.5
    1200   3111.8 |    2999.3 |    2770.3
    1201   3113.3 |    2999.6 |    2771.6
    1202   3113.8 |    3000.9 |    2772.2
    1203   3114.0 |    3001.1 |    2775.0
    1204   3114.5 |    3002.2 |    2775.9
    1205   3114.6 |    3002.7 |    2776.1
    1206   3114.8 |    3003.0 |    2776.3
    1207   3114.8 |    3003.0 |    2776.6
    1208   3115.2 |    3003.2 |    2777.2
    1209   3115.9 |    3004.1 |    2777.5
    1210   3115.9 |    3004.1 |    2777.7
    1211   3116.0 |    3004.2 |    2777.9
    1212   3117.2 |    3004.9 |    2778.7
    1213   3117.4 |    3006.7 |    2779.0
    1214   3117.8 |    3006.9 |    2779.3
    1215   3117.8 |    3007.5 |    2780.0
    1216   3118.0 |    3008.0 |    2780.0
    1217   3118.1 |    3008.0 |    2780.3
    1218   3118.1 |    3008.3 |    2780.6
    1219   3118.4 |    3009.3 |    2781.1
    1220   3118.7 |    3010.7 |    2781.3
    1221   3119.0 |    3011.8 |    2782.0
    1222   3119.1 |    3012.1 |    2782.7
    1223   3119.4 |    3012.5 |    2783.0
    1224   3119.5 |    3013.5 |    2783.8
    1225   3119.5 |    3014.8 |    2783.8
    1226   3119.5 |    3015.2 |    2784.2
    1227   3119.6 |    3016.4 |    2784.3
    1228   3120.0 |    3017.4 |    2784.5
    1229   3120.3 |    3017.6 |    2784.6
    1230   3120.3 |    3054.8 |    2784.6
    1231   3120.4 |    3060.1 |    2785.5
    1232   3120.7 |    3066.9 |    2785.5
    1233   3120.9 |    3067.4 |    2785.7
    1234   3121.2 |    3067.6 |    2786.0
    1235   3121.4 |    3067.6 |    2786.1
    1236   3122.8 |    3069.0 |    2786.4
    1237   3122.8 |    3069.0 |    2787.0
    1238   3122.9 |    3071.2 |    2788.8
    1239   3123.2 |    3071.3 |    2791.0
    1240   3124.2 |    3071.8 |    2791.1
    1241   3125.3 |    3071.9 |    2792.0
    1242   3127.8 |    3072.6 |    2792.8
    1243   3132.0 |    3076.8 |    2793.4
    1244   3133.7 |    3077.2 |    2793.6
    1245   3133.7 |    3077.3 |    2794.3
    1246   3135.4 |    3079.4 |    2794.4
    1247   3136.6 |    3080.5 |    2796.2
    1248   3136.6 |    3083.5 |    2796.3
    1249   3137.7 |    3169.3 |    2796.4
    1250   3140.2 |    3170.2 |    2796.5
    1251   3141.3 |    3171.2 |    2796.6
    1252   3141.6 |    3172.5 |    2796.6
    1253   3141.7 |    3175.9 |    2797.1
    1254   3142.4 |    3176.0 |    2798.1
    1255   3142.8 |    3176.2 |    2798.2
    1256   3143.1 |    3187.2 |    2798.6
    1257   3143.6 |    3214.9 |    2798.6
    1258   3148.7 |    3694.8 |    2798.7
    1259   3150.1 |    3695.2 |    2798.9
    1260   3150.1 |    3695.2 |    2798.9
    1261   3150.9 |    3695.8 |    2799.2
    1262   3151.5 |    3696.7 |    2799.6
    1263   3152.1 |    3697.1 |    2800.4
    1264   3152.5 |    3697.2 |    2801.3
    1265   3152.7 |    3697.6 |    2801.6
    1266   3156.3 |    3697.8 |    2801.7
  ------------------------------------------------------
    RMSD          |     259.9 |     187.7
     MAE          |     113.5 |     121.2
========================================================



=========================================
  TIMING [JAX (gpu) + MM3 + jaxopt:lbfgs]
=========================================
  Optimization S               497.14 s
  Function Evaluations              200
  Per Evaluation S               2.49 s
=========================================


