
========================================================================================================
  SUMMARY [JAX (gpu) + MM3 + JaxOpt L-BFGS]
========================================================================================================
  RMSD (cm⁻¹):       259.9 → 259.9
  Score:             91.481736 → 91.481736  (+0.0%)
  Function evals:    75
  Wall time:         578.8s
  Scipy converged:   False
  Scipy message:     Reverted to initial params — final score (72.3909) was worse than initial (91.4817)
========================================================================================================



=========================================================
  FREQUENCY PROGRESSION [JAX (gpu) + MM3 + JaxOpt L-BFGS]
=========================================================
    Mode   QM ref |   QFUERZA | Optimized
  -------------------------------------------------------
       1     50.1 |      51.7 |      51.7
       2     53.0 |      56.5 |      56.5
       3     54.4 |      56.7 |      56.7
       4     56.2 |      59.5 |      59.5
       5     56.5 |      64.0 |      64.0
       6     57.0 |      64.2 |      64.2
       7     57.9 |      64.5 |      64.5
       8     59.4 |      69.5 |      69.5
       9     61.9 |      70.9 |      70.9
      10     63.5 |      74.0 |      74.0
      11     64.8 |      74.1 |      74.1
      12     65.4 |      78.1 |      78.1
      13     66.5 |      80.7 |      80.7
      14     67.1 |      82.4 |      82.4
      15     70.5 |      82.8 |      82.8
      16     70.5 |      84.3 |      84.3
      17     71.6 |      86.3 |      86.3
      18     73.5 |      86.9 |      86.9
      19     73.7 |      88.6 |      88.6
      20     75.8 |      89.6 |      89.6
      21     76.4 |      90.1 |      90.1
      22     79.6 |      90.5 |      90.5
      23     80.8 |      90.6 |      90.6
      24     81.1 |      95.1 |      95.1
      25     81.4 |      95.3 |      95.3
      26     82.3 |      97.8 |      97.8
      27     82.4 |      98.7 |      98.7
      28     82.6 |     100.6 |     100.6
      29     83.1 |     105.0 |     105.0
      30     83.2 |     107.9 |     107.9
      31     83.3 |     108.3 |     108.3
      32     86.9 |     110.5 |     110.5
      33     87.2 |     110.9 |     110.9
      34     87.5 |     111.3 |     111.3
      35     87.7 |     115.5 |     115.5
      36     88.2 |     116.6 |     116.6
      37     89.3 |     118.8 |     118.8
      38     92.2 |     120.6 |     120.6
      39     92.3 |     121.6 |     121.6
      40     92.5 |     122.3 |     122.3
      41     93.7 |     124.3 |     124.3
      42     96.3 |     126.2 |     126.2
      43     97.0 |     129.2 |     129.2
      44    101.6 |     129.7 |     129.7
      45    103.3 |     131.1 |     131.1
      46    103.6 |     134.2 |     134.2
      47    105.0 |     136.3 |     136.3
      48    108.7 |     136.8 |     136.8
      49    108.9 |     136.9 |     136.9
      50    110.4 |     137.2 |     137.2
      51    115.0 |     138.8 |     138.8
      52    116.1 |     138.8 |     138.8
      53    116.6 |     139.1 |     139.1
      54    117.8 |     140.2 |     140.2
      55    118.0 |     142.7 |     142.7
      56    118.2 |     144.4 |     144.4
      57    119.5 |     144.4 |     144.4
      58    120.4 |     144.9 |     144.9
      59    122.2 |     145.9 |     145.9
      60    123.8 |     146.2 |     146.2
      61    124.5 |     149.4 |     149.4
      62    125.3 |     151.5 |     151.5
      63    126.2 |     152.6 |     152.6
      64    126.7 |     152.6 |     152.6
      65    128.2 |     154.6 |     154.6
      66    129.0 |     157.4 |     157.4
      67    130.4 |     157.6 |     157.6
      68    130.7 |     160.2 |     160.2
      69    131.8 |     160.8 |     160.8
      70    132.7 |     161.6 |     161.6
      71    133.4 |     161.9 |     161.9
      72    135.7 |     161.9 |     161.9
      73    138.3 |     163.4 |     163.4
      74    139.7 |     164.1 |     164.1
      75    141.2 |     164.4 |     164.4
      76    141.4 |     167.9 |     167.9
      77    141.6 |     168.5 |     168.5
      78    143.5 |     170.4 |     170.4
      79    144.9 |     170.7 |     170.7
      80    147.2 |     171.2 |     171.2
      81    150.4 |     174.8 |     174.8
      82    151.2 |     175.8 |     175.8
      83    151.6 |     176.5 |     176.5
      84    152.9 |     178.1 |     178.1
      85    154.8 |     179.4 |     179.4
      86    156.7 |     179.8 |     179.8
      87    157.1 |     180.1 |     180.1
      88    160.0 |     182.3 |     182.3
      89    160.9 |     182.7 |     182.7
      90    165.9 |     182.8 |     182.8
      91    166.7 |     183.6 |     183.6
      92    166.7 |     185.4 |     185.4
      93    167.7 |     186.6 |     186.6
      94    167.9 |     188.6 |     188.6
      95    168.9 |     189.0 |     189.0
      96    169.9 |     190.8 |     190.8
      97    171.8 |     191.0 |     191.0
      98    173.5 |     192.2 |     192.2
      99    173.9 |     192.8 |     192.8
     100    174.6 |     192.8 |     192.8
     101    175.0 |     193.9 |     193.9
     102    176.3 |     199.9 |     199.9
     103    180.5 |     201.5 |     201.5
     104    183.4 |     201.7 |     201.7
     105    186.9 |     204.0 |     204.0
     106    188.6 |     204.3 |     204.3
     107    189.6 |     204.9 |     204.9
     108    190.8 |     205.2 |     205.2
     109    191.8 |     205.9 |     205.9
     110    192.6 |     208.0 |     208.0
     111    192.8 |     208.0 |     208.0
     112    193.0 |     208.2 |     208.2
     113    193.3 |     208.3 |     208.3
     114    193.6 |     210.3 |     210.3
     115    194.4 |     210.6 |     210.6
     116    196.4 |     211.4 |     211.4
     117    197.6 |     212.8 |     212.8
     118    198.3 |     217.6 |     217.6
     119    200.0 |     217.8 |     217.8
     120    204.1 |     218.0 |     218.0
     121    204.6 |     219.7 |     219.7
     122    205.7 |     221.9 |     221.9
     123    206.4 |     224.2 |     224.2
     124    207.4 |     224.7 |     224.7
     125    207.8 |     226.6 |     226.6
     126    210.0 |     227.2 |     227.2
     127    210.4 |     227.4 |     227.4
     128    211.5 |     233.0 |     233.0
     129    212.0 |     233.8 |     233.8
     130    212.8 |     234.9 |     234.9
     131    213.0 |     240.9 |     240.9
     132    213.4 |     241.6 |     241.6
     133    213.5 |     242.6 |     242.6
     134    213.9 |     250.6 |     250.6
     135    214.3 |     255.9 |     255.9
     136    215.0 |     256.6 |     256.6
     137    215.8 |     256.8 |     256.8
     138    216.5 |     257.1 |     257.1
     139    216.6 |     260.5 |     260.5
     140    216.7 |     261.9 |     261.9
     141    220.1 |     262.4 |     262.4
     142    220.1 |     265.3 |     265.3
     143    220.6 |     267.2 |     267.2
     144    220.7 |     269.7 |     269.7
     145    222.4 |     270.8 |     270.8
     146    223.5 |     272.6 |     272.6
     147    223.8 |     273.0 |     273.0
     148    226.5 |     274.9 |     274.9
     149    227.0 |     276.7 |     276.7
     150    228.2 |     278.2 |     278.2
     151    229.3 |     278.7 |     278.7
     152    232.6 |     278.8 |     278.8
     153    233.0 |     283.1 |     283.1
     154    233.3 |     283.4 |     283.4
     155    234.0 |     284.2 |     284.2
     156    234.4 |     285.4 |     285.4
     157    234.6 |     287.6 |     287.6
     158    235.3 |     289.2 |     289.2
     159    236.1 |     293.4 |     293.4
     160    236.5 |     294.2 |     294.2
     161    237.3 |     295.2 |     295.2
     162    237.3 |     296.1 |     296.1
     163    240.6 |     297.0 |     297.0
     164    240.8 |     298.0 |     298.0
     165    240.9 |     300.7 |     300.7
     166    241.2 |     301.0 |     301.0
     167    242.1 |     302.6 |     302.6
     168    244.6 |     306.5 |     306.5
     169    244.8 |     307.9 |     307.9
     170    245.8 |     311.3 |     311.3
     171    246.0 |     311.9 |     311.9
     172    246.2 |     313.3 |     313.3
     173    246.6 |     314.4 |     314.4
     174    247.2 |     315.7 |     315.7
     175    248.1 |     317.1 |     317.1
     176    249.0 |     317.3 |     317.3
     177    249.6 |     320.2 |     320.2
     178    250.0 |     322.1 |     322.1
     179    250.3 |     322.2 |     322.2
     180    250.6 |     326.3 |     326.3
     181    251.1 |     335.0 |     335.0
     182    251.8 |     336.4 |     336.4
     183    251.9 |     339.4 |     339.4
     184    253.0 |     342.5 |     342.5
     185    253.1 |     346.7 |     346.7
     186    253.5 |     347.2 |     347.2
     187    253.6 |     350.3 |     350.3
     188    253.8 |     350.8 |     350.8
     189    255.4 |     355.0 |     355.0
     190    255.6 |     358.3 |     358.3
     191    256.2 |     361.7 |     361.7
     192    257.9 |     364.1 |     364.1
     193    258.8 |     364.9 |     364.9
     194    259.9 |     365.6 |     365.6
     195    260.4 |     365.9 |     365.9
     196    261.3 |     366.3 |     366.3
     197    262.6 |     367.1 |     367.1
     198    264.3 |     368.3 |     368.3
     199    264.8 |     371.5 |     371.5
     200    265.2 |     374.5 |     374.5
     201    266.4 |     375.7 |     375.7
     202    266.5 |     375.9 |     375.9
     203    267.2 |     385.8 |     385.8
     204    269.2 |     386.3 |     386.3
     205    270.0 |     386.9 |     386.9
     206    270.3 |     388.0 |     388.0
     207    273.3 |     390.1 |     390.1
     208    274.8 |     391.8 |     391.8
     209    275.0 |     394.3 |     394.3
     210    275.3 |     396.3 |     396.3
     211    276.9 |     397.8 |     397.8
     212    279.6 |     398.5 |     398.5
     213    280.1 |     399.9 |     399.9
     214    282.1 |     400.7 |     400.7
     215    282.2 |     401.0 |     401.0
     216    283.5 |     402.8 |     402.8
     217    283.8 |     404.6 |     404.6
     218    284.0 |     405.1 |     405.1
     219    285.3 |     408.8 |     408.8
     220    288.2 |     410.5 |     410.5
     221    288.8 |     410.7 |     410.7
     222    289.2 |     412.4 |     412.4
     223    295.4 |     412.6 |     412.6
     224    303.5 |     413.1 |     413.1
     225    305.4 |     413.6 |     413.6
     226    307.3 |     415.7 |     415.7
     227    307.9 |     416.0 |     416.0
     228    323.1 |     416.6 |     416.6
     229    324.8 |     416.6 |     416.6
     230    327.0 |     420.1 |     420.1
     231    330.7 |     422.0 |     422.0
     232    330.8 |     424.5 |     424.5
     233    331.6 |     427.2 |     427.2
     234    332.0 |     427.9 |     427.9
     235    333.8 |     430.0 |     430.0
     236    334.7 |     431.3 |     431.3
     237    335.2 |     434.4 |     434.4
     238    337.2 |     434.4 |     434.4
     239    337.4 |     438.8 |     438.8
     240    337.6 |     439.3 |     439.3
     241    338.6 |     440.8 |     440.8
     242    339.2 |     441.5 |     441.5
     243    339.8 |     441.6 |     441.6
     244    343.6 |     449.6 |     449.6
     245    344.9 |     450.0 |     450.0
     246    348.8 |     451.0 |     451.0
     247    349.3 |     451.6 |     451.6
     248    356.3 |     455.1 |     455.1
     249    356.5 |     455.7 |     455.7
     250    357.2 |     456.0 |     456.0
     251    358.1 |     459.8 |     459.8
     252    360.7 |     462.9 |     462.9
     253    361.8 |     465.0 |     465.0
     254    362.0 |     465.7 |     465.7
     255    363.3 |     466.2 |     466.2
     256    364.2 |     470.1 |     470.1
     257    367.2 |     470.1 |     470.1
     258    372.0 |     470.5 |     470.5
     259    377.4 |     473.1 |     473.1
     260    378.0 |     473.4 |     473.4
     261    378.2 |     474.4 |     474.4
     262    378.9 |     475.4 |     475.4
     263    378.9 |     476.7 |     476.7
     264    379.0 |     477.4 |     477.4
     265    381.3 |     478.1 |     478.1
     266    381.6 |     478.2 |     478.2
     267    381.8 |     478.5 |     478.5
     268    382.9 |     480.1 |     480.1
     269    383.1 |     481.3 |     481.3
     270    388.0 |     481.5 |     481.5
     271    388.9 |     482.3 |     482.3
     272    390.7 |     483.4 |     483.4
     273    392.3 |     483.9 |     483.9
     274    398.8 |     486.7 |     486.7
     275    400.4 |     486.8 |     486.8
     276    401.3 |     488.0 |     488.0
     277    402.5 |     488.9 |     488.9
     278    403.0 |     489.1 |     489.1
     279    403.3 |     492.2 |     492.2
     280    404.0 |     494.2 |     494.2
     281    404.3 |     495.2 |     495.2
     282    404.6 |     497.1 |     497.1
     283    404.9 |     497.4 |     497.4
     284    417.7 |     500.7 |     500.7
     285    418.0 |     504.0 |     504.0
     286    421.2 |     505.2 |     505.2
     287    421.3 |     505.7 |     505.7
     288    423.0 |     506.2 |     506.2
     289    424.0 |     507.3 |     507.3
     290    424.4 |     509.3 |     509.3
     291    425.1 |     509.3 |     509.3
     292    426.7 |     509.8 |     509.8
     293    429.5 |     511.1 |     511.1
     294    431.0 |     511.7 |     511.7
     295    431.2 |     512.0 |     512.0
     296    432.8 |     513.6 |     513.6
     297    433.0 |     525.7 |     525.7
     298    433.8 |     526.8 |     526.8
     299    434.4 |     527.0 |     527.0
     300    434.6 |     529.1 |     529.1
     301    435.1 |     530.3 |     530.3
     302    444.5 |     531.7 |     531.7
     303    446.8 |     535.8 |     535.8
     304    455.0 |     540.0 |     540.0
     305    455.8 |     540.1 |     540.1
     306    456.3 |     540.8 |     540.8
     307    456.6 |     547.0 |     547.0
     308    458.3 |     547.0 |     547.0
     309    461.9 |     549.6 |     549.6
     310    462.9 |     551.5 |     551.5
     311    466.5 |     552.0 |     552.0
     312    467.1 |     553.1 |     553.1
     313    468.3 |     553.5 |     553.5
     314    472.8 |     554.6 |     554.6
     315    476.8 |     555.7 |     555.7
     316    478.3 |     558.3 |     558.3
     317    480.2 |     560.0 |     560.0
     318    480.5 |     560.4 |     560.4
     319    480.6 |     560.4 |     560.4
     320    481.2 |     561.8 |     561.8
     321    481.8 |     564.3 |     564.3
     322    482.6 |     565.9 |     565.9
     323    483.1 |     567.9 |     567.9
     324    483.4 |     576.2 |     576.2
     325    483.4 |     579.3 |     579.3
     326    484.6 |     580.8 |     580.8
     327    495.3 |     585.2 |     585.2
     328    496.8 |     587.4 |     587.4
     329    503.3 |     589.8 |     589.8
     330    505.9 |     592.2 |     592.2
     331    511.9 |     596.1 |     596.1
     332    512.7 |     596.3 |     596.3
     333    519.8 |     600.0 |     600.0
     334    532.2 |     600.5 |     600.5
     335    532.2 |     603.4 |     603.4
     336    539.2 |     607.5 |     607.5
     337    539.2 |     609.3 |     609.3
     338    539.2 |     610.4 |     610.4
     339    539.6 |     615.0 |     615.0
     340    540.0 |     616.8 |     616.8
     341    540.1 |     618.3 |     618.3
     342    540.5 |     622.8 |     622.8
     343    541.4 |     623.0 |     623.0
     344    541.5 |     623.0 |     623.0
     345    541.6 |     624.7 |     624.7
     346    548.7 |     626.6 |     626.6
     347    549.1 |     631.6 |     631.6
     348    569.4 |     633.7 |     633.7
     349    569.6 |     635.1 |     635.1
     350    569.6 |     636.1 |     636.1
     351    569.7 |     638.6 |     638.6
     352    569.8 |     639.4 |     639.4
     353    570.3 |     640.8 |     640.8
     354    570.6 |     641.5 |     641.5
     355    571.1 |     641.9 |     641.9
     356    571.3 |     643.6 |     643.6
     357    574.6 |     643.6 |     643.6
     358    575.5 |     645.7 |     645.7
     359    575.9 |     652.8 |     652.8
     360    576.9 |     654.7 |     654.7
     361    577.2 |     656.0 |     656.0
     362    577.4 |     657.7 |     657.7
     363    577.7 |     662.0 |     662.0
     364    577.9 |     662.1 |     662.1
     365    578.4 |     662.1 |     662.1
     366    593.1 |     664.3 |     664.3
     367    593.6 |     667.5 |     667.5
     368    594.8 |     671.1 |     671.1
     369    595.4 |     671.2 |     671.2
     370    597.1 |     672.2 |     672.2
     371    597.5 |     673.0 |     673.0
     372    597.7 |     674.8 |     674.8
     373    598.1 |     675.7 |     675.7
     374    598.7 |     677.2 |     677.2
     375    598.7 |     677.8 |     677.8
     376    598.9 |     678.6 |     678.6
     377    599.0 |     680.3 |     680.3
     378    599.2 |     684.2 |     684.2
     379    599.3 |     684.5 |     684.5
     380    600.9 |     686.0 |     686.0
     381    609.0 |     686.7 |     686.7
     382    611.7 |     689.9 |     689.9
     383    612.5 |     694.1 |     694.1
     384    614.0 |     696.8 |     696.8
     385    616.4 |     697.3 |     697.3
     386    618.3 |     697.4 |     697.4
     387    618.5 |     698.2 |     698.2
     388    620.5 |     701.3 |     701.3
     389    620.7 |     702.6 |     702.6
     390    621.4 |     704.8 |     704.8
     391    627.1 |     717.8 |     717.8
     392    629.7 |     717.9 |     717.9
     393    630.0 |     723.5 |     723.5
     394    630.1 |     729.2 |     729.2
     395    633.5 |     733.9 |     733.9
     396    633.6 |     734.7 |     734.7
     397    635.1 |     742.1 |     742.1
     398    635.8 |     742.3 |     742.3
     399    640.5 |     744.4 |     744.4
     400    640.8 |     744.6 |     744.6
     401    642.8 |     747.3 |     747.3
     402    643.0 |     755.5 |     755.5
     403    653.8 |     756.7 |     756.7
     404    655.2 |     757.5 |     757.5
     405    658.0 |     758.1 |     758.1
     406    658.1 |     776.9 |     776.9
     407    659.3 |     777.4 |     777.4
     408    661.7 |     778.0 |     778.0
     409    662.6 |     779.3 |     779.3
     410    666.3 |     779.5 |     779.5
     411    666.6 |     780.2 |     780.2
     412    667.0 |     781.5 |     781.5
     413    684.5 |     781.7 |     781.7
     414    684.7 |     781.9 |     781.9
     415    685.9 |     781.9 |     781.9
     416    687.0 |     783.2 |     783.2
     417    687.7 |     783.3 |     783.3
     418    689.6 |     783.4 |     783.4
     419    692.3 |     783.6 |     783.6
     420    693.7 |     785.5 |     785.5
     421    694.6 |     785.7 |     785.7
     422    695.7 |     786.2 |     786.2
     423    695.9 |     786.5 |     786.5
     424    698.5 |     786.6 |     786.6
     425    700.9 |     786.8 |     786.8
     426    702.2 |     790.3 |     790.3
     427    702.4 |     792.4 |     792.4
     428    702.9 |     792.6 |     792.6
     429    705.3 |     793.2 |     793.2
     430    712.4 |     795.0 |     795.0
     431    712.5 |     797.5 |     797.5
     432    715.4 |     797.8 |     797.8
     433    717.1 |     798.4 |     798.4
     434    717.6 |     799.1 |     799.1
     435    718.5 |     806.8 |     806.8
     436    719.1 |     808.2 |     808.2
     437    719.1 |     811.9 |     811.9
     438    724.3 |     812.9 |     812.9
     439    734.9 |     813.8 |     813.8
     440    736.3 |     814.4 |     814.4
     441    739.0 |     817.4 |     817.4
     442    740.5 |     817.5 |     817.5
     443    741.9 |     818.3 |     818.3
     444    742.9 |     820.0 |     820.0
     445    743.5 |     821.0 |     821.0
     446    743.6 |     821.4 |     821.4
     447    743.7 |     825.1 |     825.1
     448    744.4 |     825.2 |     825.2
     449    744.8 |     825.8 |     825.8
     450    745.2 |     829.3 |     829.3
     451    745.5 |     833.2 |     833.2
     452    746.5 |     833.3 |     833.3
     453    746.6 |     833.7 |     833.7
     454    747.1 |     833.8 |     833.8
     455    747.5 |     833.8 |     833.8
     456    747.5 |     834.0 |     834.0
     457    748.8 |     834.8 |     834.8
     458    769.7 |     835.1 |     835.1
     459    780.5 |     835.4 |     835.4
     460    780.9 |     835.5 |     835.5
     461    801.4 |     835.7 |     835.7
     462    806.4 |     835.8 |     835.8
     463    807.1 |     836.0 |     836.0
     464    810.5 |     836.1 |     836.1
     465    812.7 |     836.2 |     836.2
     466    815.2 |     836.7 |     836.7
     467    815.5 |     836.9 |     836.9
     468    815.7 |     836.9 |     836.9
     469    820.1 |     837.1 |     837.1
     470    821.9 |     837.2 |     837.2
     471    823.5 |     837.3 |     837.3
     472    828.7 |     837.7 |     837.7
     473    830.3 |     837.7 |     837.7
     474    830.7 |     837.9 |     837.9
     475    831.1 |     837.9 |     837.9
     476    831.9 |     838.1 |     838.1
     477    832.6 |     838.2 |     838.2
     478    832.7 |     839.5 |     839.5
     479    833.9 |     839.9 |     839.9
     480    834.2 |     840.9 |     840.9
     481    834.7 |     846.9 |     846.9
     482    835.0 |     847.2 |     847.2
     483    835.3 |     847.9 |     847.9
     484    835.3 |     851.5 |     851.5
     485    838.2 |     852.5 |     852.5
     486    838.4 |     857.6 |     857.6
     487    842.3 |     858.5 |     858.5
     488    844.0 |     859.3 |     859.3
     489    846.4 |     859.6 |     859.6
     490    855.7 |     859.9 |     859.9
     491    855.9 |     860.0 |     860.0
     492    855.9 |     860.2 |     860.2
     493    856.6 |     860.3 |     860.3
     494    856.8 |     860.6 |     860.6
     495    856.8 |     860.7 |     860.7
     496    857.4 |     861.0 |     861.0
     497    857.7 |     861.3 |     861.3
     498    857.8 |     863.2 |     863.2
     499    858.4 |     863.3 |     863.3
     500    858.7 |     867.5 |     867.5
     501    859.2 |     868.1 |     868.1
     502    870.3 |     870.1 |     870.1
     503    870.8 |     871.9 |     871.9
     504    871.9 |     874.3 |     874.3
     505    880.1 |     876.1 |     876.1
     506    882.1 |     877.3 |     877.3
     507    882.7 |     879.1 |     879.1
     508    886.4 |     879.6 |     879.6
     509    887.0 |     880.0 |     880.0
     510    891.9 |     884.7 |     884.7
     511    896.6 |     884.8 |     884.8
     512    896.6 |     885.3 |     885.3
     513    897.5 |     885.9 |     885.9
     514    898.0 |     886.8 |     886.8
     515    900.1 |     888.1 |     888.1
     516    900.1 |     888.9 |     888.9
     517    900.5 |     889.4 |     889.4
     518    900.5 |     891.3 |     891.3
     519    901.3 |     901.6 |     901.6
     520    901.5 |     902.6 |     902.6
     521    901.6 |     903.9 |     903.9
     522    901.6 |     906.1 |     906.1
     523    902.4 |     909.0 |     909.0
     524    904.4 |     912.1 |     912.1
     525    905.4 |     912.6 |     912.6
     526    907.3 |     920.0 |     920.0
     527    929.7 |     920.3 |     920.3
     528    930.9 |     923.3 |     923.3
     529    930.9 |     924.8 |     924.8
     530    931.6 |     926.4 |     926.4
     531    931.8 |     929.9 |     929.9
     532    932.6 |     933.1 |     933.1
     533    932.7 |     935.9 |     935.9
     534    933.9 |     938.3 |     938.3
     535    935.1 |     940.4 |     940.4
     536    935.6 |     941.1 |     941.1
     537    936.1 |     942.8 |     942.8
     538    937.6 |     943.3 |     943.3
     539    939.1 |     943.9 |     943.9
     540    939.3 |     944.3 |     944.3
     541    939.6 |     944.3 |     944.3
     542    939.7 |     944.7 |     944.7
     543    940.4 |     944.9 |     944.9
     544    940.7 |     945.1 |     945.1
     545    941.6 |     945.7 |     945.7
     546    941.6 |     945.7 |     945.7
     547    942.1 |     946.3 |     946.3
     548    942.4 |     946.6 |     946.6
     549    942.8 |     946.7 |     946.7
     550    942.8 |     946.9 |     946.9
     551    945.4 |     947.4 |     947.4
     552    945.8 |     947.4 |     947.4
     553    947.1 |     948.2 |     948.2
     554    947.2 |     948.3 |     948.3
     555    947.4 |     949.1 |     949.1
     556    947.7 |     949.2 |     949.2
     557    948.0 |     949.9 |     949.9
     558    948.1 |     950.1 |     950.1
     559    948.4 |     950.4 |     950.4
     560    948.5 |     950.4 |     950.4
     561    948.6 |     951.8 |     951.8
     562    948.7 |     952.1 |     952.1
     563    949.6 |     952.8 |     952.8
     564    950.0 |     952.8 |     952.8
     565    958.3 |     953.0 |     953.0
     566    967.9 |     953.3 |     953.3
     567    967.9 |     954.3 |     954.3
     568    982.8 |     958.2 |     958.2
     569    983.8 |     959.3 |     959.3
     570    985.9 |     959.3 |     959.3
     571    987.4 |     960.0 |     960.0
     572    988.4 |     964.2 |     964.2
     573    989.2 |     964.4 |     964.4
     574    989.3 |     966.2 |     966.2
     575    991.8 |     966.4 |     966.4
     576    994.7 |     966.8 |     966.8
     577    998.7 |     968.2 |     968.2
     578    999.4 |     968.3 |     968.3
     579    999.9 |     969.2 |     969.2
     580   1000.2 |     969.7 |     969.7
     581   1000.5 |     969.9 |     969.9
     582   1001.0 |     970.0 |     970.0
     583   1001.2 |     971.4 |     971.4
     584   1001.7 |     973.0 |     973.0
     585   1001.7 |     973.3 |     973.3
     586   1002.0 |     977.4 |     977.4
     587   1002.2 |     986.6 |     986.6
     588   1002.9 |     986.7 |     986.7
     589   1002.9 |     989.6 |     989.6
     590   1004.9 |     989.9 |     989.9
     591   1005.5 |     990.7 |     990.7
     592   1006.1 |     991.7 |     991.7
     593   1006.8 |     992.3 |     992.3
     594   1006.8 |     992.7 |     992.7
     595   1007.2 |     993.0 |     993.0
     596   1007.3 |     996.8 |     996.8
     597   1008.3 |    1008.2 |    1008.2
     598   1008.5 |    1017.5 |    1017.5
     599   1009.5 |    1020.1 |    1020.1
     600   1009.9 |    1023.5 |    1023.5
     601   1009.9 |    1025.3 |    1025.3
     602   1010.0 |    1026.3 |    1026.3
     603   1011.1 |    1026.4 |    1026.4
     604   1011.3 |    1028.5 |    1028.5
     605   1011.7 |    1029.7 |    1029.7
     606   1012.9 |    1030.1 |    1030.1
     607   1013.4 |    1030.2 |    1030.2
     608   1014.8 |    1030.2 |    1030.2
     609   1015.0 |    1030.4 |    1030.4
     610   1015.3 |    1031.2 |    1031.2
     611   1015.4 |    1031.9 |    1031.9
     612   1016.5 |    1032.0 |    1032.0
     613   1018.9 |    1032.9 |    1032.9
     614   1019.7 |    1033.1 |    1033.1
     615   1020.1 |    1033.4 |    1033.4
     616   1025.5 |    1033.9 |    1033.9
     617   1025.5 |    1034.8 |    1034.8
     618   1025.8 |    1035.1 |    1035.1
     619   1026.9 |    1035.3 |    1035.3
     620   1028.2 |    1035.3 |    1035.3
     621   1028.4 |    1035.4 |    1035.4
     622   1028.7 |    1037.0 |    1037.0
     623   1029.3 |    1037.3 |    1037.3
     624   1029.9 |    1042.5 |    1042.5
     625   1030.8 |    1043.1 |    1043.1
     626   1031.7 |    1043.2 |    1043.2
     627   1031.8 |    1046.2 |    1046.2
     628   1032.6 |    1047.4 |    1047.4
     629   1032.8 |    1051.1 |    1051.1
     630   1033.4 |    1054.3 |    1054.3
     631   1033.6 |    1064.6 |    1064.6
     632   1035.0 |    1067.1 |    1067.1
     633   1036.6 |    1068.0 |    1068.0
     634   1037.0 |    1071.6 |    1071.6
     635   1043.3 |    1078.6 |    1078.6
     636   1043.8 |    1078.9 |    1078.9
     637   1043.8 |    1079.4 |    1079.4
     638   1045.7 |    1080.9 |    1080.9
     639   1061.1 |    1086.4 |    1086.4
     640   1061.5 |    1087.4 |    1087.4
     641   1065.4 |    1088.5 |    1088.5
     642   1065.6 |    1088.6 |    1088.6
     643   1072.9 |    1089.5 |    1089.5
     644   1074.5 |    1089.7 |    1089.7
     645   1074.7 |    1089.9 |    1089.9
     646   1075.0 |    1090.0 |    1090.0
     647   1075.4 |    1090.2 |    1090.2
     648   1076.5 |    1090.4 |    1090.4
     649   1076.9 |    1090.6 |    1090.6
     650   1078.2 |    1090.7 |    1090.7
     651   1079.0 |    1090.8 |    1090.8
     652   1080.3 |    1091.1 |    1091.1
     653   1083.1 |    1092.1 |    1092.1
     654   1085.7 |    1092.6 |    1092.6
     655   1089.9 |    1093.3 |    1093.3
     656   1090.1 |    1099.8 |    1099.8
     657   1092.1 |    1104.6 |    1104.6
     658   1092.6 |    1106.1 |    1106.1
     659   1094.1 |    1107.1 |    1107.1
     660   1094.6 |    1107.1 |    1107.1
     661   1095.9 |    1108.2 |    1108.2
     662   1096.3 |    1108.4 |    1108.4
     663   1096.4 |    1109.2 |    1109.2
     664   1096.7 |    1109.8 |    1109.8
     665   1097.0 |    1110.3 |    1110.3
     666   1097.4 |    1110.8 |    1110.8
     667   1098.0 |    1111.4 |    1111.4
     668   1098.9 |    1112.0 |    1112.0
     669   1099.0 |    1113.0 |    1113.0
     670   1099.0 |    1113.1 |    1113.1
     671   1099.2 |    1114.1 |    1114.1
     672   1101.4 |    1114.6 |    1114.6
     673   1101.5 |    1125.8 |    1125.8
     674   1101.8 |    1129.2 |    1129.2
     675   1102.5 |    1129.2 |    1129.2
     676   1103.0 |    1129.6 |    1129.6
     677   1103.1 |    1130.4 |    1130.4
     678   1104.1 |    1130.7 |    1130.7
     679   1117.6 |    1130.8 |    1130.8
     680   1118.0 |    1131.0 |    1131.0
     681   1118.4 |    1132.2 |    1132.2
     682   1120.1 |    1133.1 |    1133.1
     683   1121.5 |    1175.6 |    1175.6
     684   1122.2 |    1176.7 |    1176.7
     685   1123.5 |    1177.4 |    1177.4
     686   1126.8 |    1177.8 |    1177.8
     687   1127.7 |    1179.8 |    1179.8
     688   1127.8 |    1179.9 |    1179.9
     689   1129.2 |    1180.4 |    1180.4
     690   1129.6 |    1181.6 |    1181.6
     691   1130.5 |    1181.8 |    1181.8
     692   1132.4 |    1182.1 |    1182.1
     693   1133.0 |    1182.2 |    1182.2
     694   1138.5 |    1183.0 |    1183.0
     695   1138.9 |    1184.8 |    1184.8
     696   1139.2 |    1193.3 |    1193.3
     697   1139.4 |    1194.1 |    1194.1
     698   1139.5 |    1212.0 |    1212.0
     699   1139.9 |    1216.1 |    1216.1
     700   1140.4 |    1216.4 |    1216.4
     701   1140.9 |    1216.5 |    1216.5
     702   1141.7 |    1216.6 |    1216.6
     703   1141.9 |    1216.9 |    1216.9
     704   1142.0 |    1217.2 |    1217.2
     705   1142.2 |    1217.5 |    1217.5
     706   1142.3 |    1218.2 |    1218.2
     707   1143.4 |    1218.3 |    1218.3
     708   1149.7 |    1218.4 |    1218.4
     709   1164.2 |    1218.5 |    1218.5
     710   1164.7 |    1218.7 |    1218.7
     711   1164.7 |    1218.9 |    1218.9
     712   1165.0 |    1219.2 |    1219.2
     713   1173.9 |    1219.5 |    1219.5
     714   1175.2 |    1220.3 |    1220.3
     715   1176.6 |    1220.9 |    1220.9
     716   1178.7 |    1222.6 |    1222.6
     717   1185.3 |    1222.7 |    1222.7
     718   1185.7 |    1223.6 |    1223.6
     719   1186.3 |    1224.6 |    1224.6
     720   1186.4 |    1225.7 |    1225.7
     721   1186.9 |    1225.7 |    1225.7
     722   1186.9 |    1226.3 |    1226.3
     723   1188.1 |    1226.3 |    1226.3
     724   1188.4 |    1230.0 |    1230.0
     725   1192.5 |    1235.9 |    1235.9
     726   1192.6 |    1237.4 |    1237.4
     727   1192.9 |    1237.8 |    1237.8
     728   1193.1 |    1238.7 |    1238.7
     729   1201.2 |    1239.2 |    1239.2
     730   1201.9 |    1240.0 |    1240.0
     731   1202.9 |    1240.3 |    1240.3
     732   1204.1 |    1241.7 |    1241.7
     733   1204.2 |    1241.8 |    1241.8
     734   1204.4 |    1242.1 |    1242.1
     735   1204.7 |    1244.1 |    1244.1
     736   1204.8 |    1246.2 |    1246.2
     737   1204.8 |    1247.5 |    1247.5
     738   1205.6 |    1248.3 |    1248.3
     739   1205.8 |    1248.5 |    1248.5
     740   1225.0 |    1249.2 |    1249.2
     741   1225.1 |    1249.2 |    1249.2
     742   1225.2 |    1250.5 |    1250.5
     743   1225.9 |    1251.8 |    1251.8
     744   1226.0 |    1252.7 |    1252.7
     745   1226.0 |    1255.2 |    1255.2
     746   1226.4 |    1256.9 |    1256.9
     747   1227.0 |    1260.0 |    1260.0
     748   1227.1 |    1260.5 |    1260.5
     749   1227.5 |    1261.4 |    1261.4
     750   1227.6 |    1262.3 |    1262.3
     751   1230.1 |    1264.0 |    1264.0
     752   1264.1 |    1268.2 |    1268.2
     753   1264.7 |    1268.5 |    1268.5
     754   1268.8 |    1270.0 |    1270.0
     755   1268.8 |    1270.4 |    1270.4
     756   1269.4 |    1273.0 |    1273.0
     757   1269.7 |    1275.1 |    1275.1
     758   1270.7 |    1275.8 |    1275.8
     759   1271.0 |    1277.3 |    1277.3
     760   1273.6 |    1277.6 |    1277.6
     761   1280.4 |    1277.6 |    1277.6
     762   1281.0 |    1279.8 |    1279.8
     763   1281.3 |    1280.0 |    1280.0
     764   1281.7 |    1284.3 |    1284.3
     765   1282.2 |    1287.1 |    1287.1
     766   1282.8 |    1287.4 |    1287.4
     767   1286.2 |    1288.8 |    1288.8
     768   1286.9 |    1293.6 |    1293.6
     769   1288.2 |    1293.8 |    1293.8
     770   1288.3 |    1297.0 |    1297.0
     771   1288.3 |    1298.4 |    1298.4
     772   1289.8 |    1298.9 |    1298.9
     773   1289.9 |    1299.0 |    1299.0
     774   1290.1 |    1300.0 |    1300.0
     775   1292.1 |    1300.5 |    1300.5
     776   1292.6 |    1300.8 |    1300.8
     777   1292.6 |    1302.8 |    1302.8
     778   1293.4 |    1305.0 |    1305.0
     779   1295.3 |    1310.0 |    1310.0
     780   1295.9 |    1312.9 |    1312.9
     781   1296.1 |    1314.4 |    1314.4
     782   1296.1 |    1315.1 |    1315.1
     783   1296.3 |    1315.4 |    1315.4
     784   1297.2 |    1315.4 |    1315.4
     785   1297.3 |    1315.5 |    1315.5
     786   1297.7 |    1316.4 |    1316.4
     787   1297.9 |    1316.6 |    1316.6
     788   1298.2 |    1317.9 |    1317.9
     789   1299.0 |    1318.4 |    1318.4
     790   1300.4 |    1320.9 |    1320.9
     791   1301.8 |    1321.6 |    1321.6
     792   1302.1 |    1322.5 |    1322.5
     793   1310.7 |    1326.5 |    1326.5
     794   1311.6 |    1326.7 |    1326.7
     795   1313.4 |    1328.2 |    1328.2
     796   1314.0 |    1331.1 |    1331.1
     797   1316.1 |    1333.7 |    1333.7
     798   1316.5 |    1345.0 |    1345.0
     799   1316.5 |    1349.7 |    1349.7
     800   1316.6 |    1350.4 |    1350.4
     801   1316.9 |    1350.9 |    1350.9
     802   1316.9 |    1351.0 |    1351.0
     803   1317.6 |    1351.0 |    1351.0
     804   1318.1 |    1351.1 |    1351.1
     805   1318.1 |    1351.2 |    1351.2
     806   1318.1 |    1351.7 |    1351.7
     807   1318.2 |    1356.3 |    1356.3
     808   1318.7 |    1356.3 |    1356.3
     809   1319.5 |    1356.5 |    1356.5
     810   1320.0 |    1357.1 |    1357.1
     811   1320.7 |    1357.1 |    1357.1
     812   1321.3 |    1357.7 |    1357.7
     813   1322.0 |    1358.1 |    1358.1
     814   1323.8 |    1358.1 |    1358.1
     815   1323.8 |    1358.3 |    1358.3
     816   1324.5 |    1358.4 |    1358.4
     817   1324.7 |    1358.6 |    1358.6
     818   1325.4 |    1359.4 |    1359.4
     819   1326.8 |    1360.7 |    1360.7
     820   1328.3 |    1360.7 |    1360.7
     821   1328.4 |    1360.8 |    1360.8
     822   1329.1 |    1361.2 |    1361.2
     823   1330.2 |    1362.0 |    1362.0
     824   1332.6 |    1364.5 |    1364.5
     825   1334.0 |    1372.9 |    1372.9
     826   1342.8 |    1373.3 |    1373.3
     827   1343.8 |    1373.7 |    1373.7
     828   1344.7 |    1375.4 |    1375.4
     829   1344.8 |    1377.9 |    1377.9
     830   1345.3 |    1379.7 |    1379.7
     831   1346.9 |    1380.3 |    1380.3
     832   1357.5 |    1381.9 |    1381.9
     833   1358.0 |    1382.7 |    1382.7
     834   1358.6 |    1382.8 |    1382.8
     835   1359.6 |    1383.0 |    1383.0
     836   1360.5 |    1383.6 |    1383.6
     837   1360.6 |    1383.7 |    1383.7
     838   1361.1 |    1384.7 |    1384.7
     839   1361.2 |    1385.1 |    1385.1
     840   1361.7 |    1385.1 |    1385.1
     841   1362.3 |    1385.5 |    1385.5
     842   1362.7 |    1386.9 |    1386.9
     843   1363.1 |    1387.1 |    1387.1
     844   1363.1 |    1387.4 |    1387.4
     845   1363.2 |    1387.6 |    1387.6
     846   1363.4 |    1388.0 |    1388.0
     847   1363.4 |    1388.0 |    1388.0
     848   1365.0 |    1388.1 |    1388.1
     849   1365.0 |    1388.6 |    1388.6
     850   1365.2 |    1388.6 |    1388.6
     851   1365.5 |    1389.6 |    1389.6
     852   1365.6 |    1390.2 |    1390.2
     853   1366.0 |    1390.3 |    1390.3
     854   1366.0 |    1390.6 |    1390.6
     855   1366.8 |    1390.8 |    1390.8
     856   1366.8 |    1391.2 |    1391.2
     857   1366.9 |    1391.5 |    1391.5
     858   1367.5 |    1391.9 |    1391.9
     859   1367.6 |    1391.9 |    1391.9
     860   1367.7 |    1392.0 |    1392.0
     861   1367.7 |    1392.5 |    1392.5
     862   1368.0 |    1393.4 |    1393.4
     863   1369.6 |    1393.4 |    1393.4
     864   1370.0 |    1395.1 |    1395.1
     865   1370.4 |    1396.4 |    1396.4
     866   1370.5 |    1397.8 |    1397.8
     867   1371.2 |    1399.0 |    1399.0
     868   1371.3 |    1399.1 |    1399.1
     869   1371.5 |    1399.8 |    1399.8
     870   1372.6 |    1400.1 |    1400.1
     871   1398.6 |    1400.2 |    1400.2
     872   1399.4 |    1400.3 |    1400.3
     873   1399.5 |    1400.4 |    1400.4
     874   1399.5 |    1401.8 |    1401.8
     875   1399.6 |    1402.0 |    1402.0
     876   1399.6 |    1403.0 |    1403.0
     877   1400.1 |    1405.9 |    1405.9
     878   1400.5 |    1405.9 |    1405.9
     879   1400.7 |    1406.7 |    1406.7
     880   1426.2 |    1406.8 |    1406.8
     881   1426.4 |    1406.9 |    1406.9
     882   1427.9 |    1407.2 |    1407.2
     883   1428.6 |    1407.3 |    1407.3
     884   1429.1 |    1407.4 |    1407.4
     885   1429.4 |    1407.6 |    1407.6
     886   1429.8 |    1407.7 |    1407.7
     887   1430.5 |    1407.8 |    1407.8
     888   1430.7 |    1408.6 |    1408.6
     889   1430.8 |    1408.7 |    1408.7
     890   1431.1 |    1408.8 |    1408.8
     891   1431.6 |    1409.7 |    1409.7
     892   1431.6 |    1409.8 |    1409.8
     893   1431.8 |    1410.2 |    1410.2
     894   1432.0 |    1410.4 |    1410.4
     895   1432.1 |    1410.7 |    1410.7
     896   1432.2 |    1411.0 |    1411.0
     897   1433.0 |    1411.1 |    1411.1
     898   1433.1 |    1411.3 |    1411.3
     899   1433.4 |    1411.8 |    1411.8
     900   1433.4 |    1412.3 |    1412.3
     901   1433.7 |    1412.5 |    1412.5
     902   1433.8 |    1412.8 |    1412.8
     903   1434.5 |    1413.2 |    1413.2
     904   1458.6 |    1413.2 |    1413.2
     905   1459.2 |    1414.1 |    1414.1
     906   1460.9 |    1416.7 |    1416.7
     907   1461.0 |    1417.4 |    1417.4
     908   1461.3 |    1419.0 |    1419.0
     909   1462.0 |    1419.3 |    1419.3
     910   1464.7 |    1419.8 |    1419.8
     911   1466.1 |    1419.9 |    1419.9
     912   1466.1 |    1422.8 |    1422.8
     913   1466.6 |    1423.9 |    1423.9
     914   1467.8 |    1425.1 |    1425.1
     915   1468.1 |    1425.5 |    1425.5
     916   1468.9 |    1426.0 |    1426.0
     917   1469.0 |    1426.3 |    1426.3
     918   1469.7 |    1426.3 |    1426.3
     919   1469.7 |    1426.4 |    1426.4
     920   1472.5 |    1426.5 |    1426.5
     921   1473.0 |    1426.6 |    1426.6
     922   1473.2 |    1427.0 |    1427.0
     923   1473.6 |    1427.2 |    1427.2
     924   1473.9 |    1427.3 |    1427.3
     925   1474.0 |    1428.0 |    1428.0
     926   1475.0 |    1428.2 |    1428.2
     927   1475.3 |    1428.5 |    1428.5
     928   1475.6 |    1429.3 |    1429.3
     929   1475.9 |    1429.7 |    1429.7
     930   1476.0 |    1429.8 |    1429.8
     931   1476.8 |    1430.0 |    1430.0
     932   1479.0 |    1431.1 |    1431.1
     933   1479.1 |    1431.6 |    1431.6
     934   1479.6 |    1432.2 |    1432.2
     935   1480.1 |    1432.4 |    1432.4
     936   1482.4 |    1432.6 |    1432.6
     937   1483.0 |    1433.9 |    1433.9
     938   1484.0 |    1434.0 |    1434.0
     939   1484.1 |    1434.5 |    1434.5
     940   1485.5 |    1435.3 |    1435.3
     941   1485.5 |    1438.1 |    1438.1
     942   1490.8 |    1441.9 |    1441.9
     943   1493.1 |    1449.1 |    1449.1
     944   1493.9 |    1449.3 |    1449.3
     945   1493.9 |    1449.6 |    1449.6
     946   1494.5 |    1450.3 |    1450.3
     947   1495.7 |    1450.5 |    1450.5
     948   1495.7 |    1450.7 |    1450.7
     949   1496.0 |    1450.8 |    1450.8
     950   1496.3 |    1450.9 |    1450.9
     951   1496.4 |    1451.1 |    1451.1
     952   1497.2 |    1455.0 |    1455.0
     953   1498.1 |    1457.6 |    1457.6
     954   1498.6 |    1459.4 |    1459.4
     955   1498.9 |    1488.0 |    1488.0
     956   1499.1 |    1490.0 |    1490.0
     957   1499.1 |    1509.3 |    1509.3
     958   1499.3 |    1509.9 |    1509.9
     959   1500.6 |    1509.9 |    1509.9
     960   1500.6 |    1512.5 |    1512.5
     961   1501.0 |    1513.2 |    1513.2
     962   1501.1 |    1513.9 |    1513.9
     963   1501.2 |    1514.2 |    1514.2
     964   1501.4 |    1514.2 |    1514.2
     965   1501.4 |    1514.4 |    1514.4
     966   1501.5 |    1529.8 |    1529.8
     967   1501.5 |    1532.0 |    1532.0
     968   1501.6 |    1539.3 |    1539.3
     969   1501.7 |    1541.7 |    1541.7
     970   1501.9 |    1572.5 |    1572.5
     971   1502.1 |    1572.6 |    1572.6
     972   1503.2 |    1572.9 |    1572.9
     973   1503.9 |    1577.9 |    1577.9
     974   1505.2 |    1580.1 |    1580.1
     975   1505.8 |    1581.7 |    1581.7
     976   1506.1 |    1583.9 |    1583.9
     977   1506.5 |    1584.1 |    1584.1
     978   1506.8 |    1587.1 |    1587.1
     979   1506.9 |    1737.0 |    1737.0
     980   1507.1 |    1738.0 |    1738.0
     981   1507.5 |    1739.3 |    1739.3
     982   1507.5 |    1740.0 |    1740.0
     983   1507.7 |    1740.3 |    1740.3
     984   1507.8 |    1740.6 |    1740.6
     985   1508.1 |    1741.5 |    1741.5
     986   1508.1 |    1744.2 |    1744.2
     987   1508.4 |    1745.3 |    1745.3
     988   1508.6 |    1818.0 |    1818.0
     989   1508.6 |    1822.0 |    1822.0
     990   1508.7 |    1822.0 |    1822.0
     991   1508.8 |    1842.0 |    1842.0
     992   1509.0 |    1853.0 |    1853.0
     993   1509.0 |    1860.8 |    1860.8
     994   1509.1 |    1873.1 |    1873.1
     995   1509.2 |    1920.1 |    1920.1
     996   1509.3 |    1926.2 |    1926.2
     997   1509.8 |    1928.4 |    1928.4
     998   1510.1 |    1937.3 |    1937.3
     999   1510.4 |    1946.8 |    1946.8
    1000   1510.5 |    1947.5 |    1947.5
    1001   1510.6 |    1956.4 |    1956.4
    1002   1511.1 |    1962.7 |    1962.7
    1003   1511.5 |    1979.0 |    1979.0
    1004   1511.6 |    1989.5 |    1989.5
    1005   1512.2 |    1990.0 |    1990.0
    1006   1512.3 |    1992.4 |    1992.4
    1007   1512.5 |    1993.2 |    1993.2
    1008   1512.5 |    2252.5 |    2252.5
    1009   1512.7 |    2254.0 |    2254.0
    1010   1512.8 |    2255.1 |    2255.1
    1011   1512.9 |    2257.2 |    2257.2
    1012   1513.6 |    2259.0 |    2259.0
    1013   1513.7 |    2260.2 |    2260.2
    1014   1514.8 |    2260.4 |    2260.4
    1015   1514.9 |    2260.4 |    2260.4
    1016   1515.1 |    2261.1 |    2261.1
    1017   1515.1 |    2877.1 |    2877.1
    1018   1515.2 |    2877.3 |    2877.3
    1019   1515.4 |    2878.0 |    2878.0
    1020   1516.0 |    2879.0 |    2879.0
    1021   1516.8 |    2880.8 |    2880.8
    1022   1517.7 |    2881.8 |    2881.8
    1023   1517.7 |    2882.3 |    2882.3
    1024   1518.9 |    2882.7 |    2882.7
    1025   1530.9 |    2883.4 |    2883.4
    1026   1531.4 |    2883.6 |    2883.6
    1027   1532.4 |    2883.9 |    2883.9
    1028   1535.3 |    2883.9 |    2883.9
    1029   1536.6 |    2883.9 |    2883.9
    1030   1536.9 |    2884.1 |    2884.1
    1031   1537.1 |    2884.1 |    2884.1
    1032   1538.0 |    2884.2 |    2884.2
    1033   1538.1 |    2884.3 |    2884.3
    1034   1613.2 |    2884.3 |    2884.3
    1035   1613.2 |    2884.6 |    2884.6
    1036   1628.5 |    2884.6 |    2884.6
    1037   1629.2 |    2884.8 |    2884.8
    1038   1642.4 |    2884.9 |    2884.9
    1039   1682.8 |    2885.0 |    2885.0
    1040   1684.2 |    2886.1 |    2886.1
    1041   1685.6 |    2886.7 |    2886.7
    1042   1685.8 |    2887.0 |    2887.0
    1043   1686.0 |    2887.1 |    2887.1
    1044   1686.7 |    2887.2 |    2887.2
    1045   1689.1 |    2887.2 |    2887.2
    1046   1689.1 |    2887.5 |    2887.5
    1047   1691.2 |    2888.0 |    2888.0
    1048   1910.4 |    2888.1 |    2888.1
    1049   1910.8 |    2888.7 |    2888.7
    1050   1912.0 |    2888.9 |    2888.9
    1051   1920.3 |    2889.3 |    2889.3
    1052   1930.6 |    2889.4 |    2889.4
    1053   1935.1 |    2889.8 |    2889.8
    1054   1965.2 |    2890.2 |    2890.2
    1055   1970.5 |    2890.2 |    2890.2
    1056   1972.9 |    2890.3 |    2890.3
    1057   2073.0 |    2890.3 |    2890.3
    1058   2077.7 |    2890.4 |    2890.4
    1059   2078.2 |    2890.6 |    2890.6
    1060   2082.2 |    2890.7 |    2890.7
    1061   2086.6 |    2890.8 |    2890.8
    1062   2096.5 |    2891.4 |    2891.4
    1063   2096.9 |    2891.9 |    2891.9
    1064   2097.0 |    2895.2 |    2895.2
    1065   2101.4 |    2896.3 |    2896.3
    1066   2313.1 |    2896.9 |    2896.9
    1067   2314.9 |    2896.9 |    2896.9
    1068   2316.1 |    2897.6 |    2897.6
    1069   2317.4 |    2897.9 |    2897.9
    1070   2319.9 |    2898.3 |    2898.3
    1071   2320.5 |    2898.5 |    2898.5
    1072   2320.8 |    2898.5 |    2898.5
    1073   2321.0 |    2898.8 |    2898.8
    1074   2321.4 |    2899.0 |    2899.0
    1075   3022.9 |    2900.0 |    2900.0
    1076   3027.5 |    2902.3 |    2902.3
    1077   3028.7 |    2904.5 |    2904.5
    1078   3029.6 |    2905.1 |    2905.1
    1079   3029.6 |    2905.3 |    2905.3
    1080   3031.2 |    2906.7 |    2906.7
    1081   3031.8 |    2907.5 |    2907.5
    1082   3032.3 |    2908.0 |    2908.0
    1083   3034.1 |    2909.5 |    2909.5
    1084   3034.1 |    2910.8 |    2910.8
    1085   3034.2 |    2911.1 |    2911.1
    1086   3034.6 |    2911.7 |    2911.7
    1087   3034.8 |    2912.5 |    2912.5
    1088   3035.0 |    2913.5 |    2913.5
    1089   3035.2 |    2913.5 |    2913.5
    1090   3035.4 |    2914.1 |    2914.1
    1091   3035.7 |    2915.1 |    2915.1
    1092   3036.6 |    2917.0 |    2917.0
    1093   3036.7 |    2917.3 |    2917.3
    1094   3037.9 |    2917.7 |    2917.7
    1095   3038.5 |    2918.7 |    2918.7
    1096   3039.7 |    2920.6 |    2920.6
    1097   3040.3 |    2920.7 |    2920.7
    1098   3040.4 |    2921.2 |    2921.2
    1099   3041.9 |    2922.5 |    2922.5
    1100   3042.0 |    2924.7 |    2924.7
    1101   3042.3 |    2926.9 |    2926.9
    1102   3042.3 |    2926.9 |    2926.9
    1103   3042.3 |    2927.5 |    2927.5
    1104   3042.8 |    2928.2 |    2928.2
    1105   3044.1 |    2928.5 |    2928.5
    1106   3044.3 |    2930.2 |    2930.2
    1107   3045.0 |    2930.4 |    2930.4
    1108   3045.8 |    2933.5 |    2933.5
    1109   3046.4 |    2934.3 |    2934.3
    1110   3047.0 |    2940.1 |    2940.1
    1111   3047.4 |    2940.5 |    2940.5
    1112   3047.6 |    2941.1 |    2941.1
    1113   3048.4 |    2964.3 |    2964.3
    1114   3049.5 |    2965.6 |    2965.6
    1115   3050.4 |    2965.6 |    2965.6
    1116   3050.8 |    2965.6 |    2965.6
    1117   3051.0 |    2965.9 |    2965.9
    1118   3051.2 |    2966.3 |    2966.3
    1119   3051.4 |    2966.6 |    2966.6
    1120   3051.5 |    2966.7 |    2966.7
    1121   3052.0 |    2967.3 |    2967.3
    1122   3052.1 |    2967.7 |    2967.7
    1123   3052.4 |    2967.8 |    2967.8
    1124   3052.4 |    2968.0 |    2968.0
    1125   3052.5 |    2968.1 |    2968.1
    1126   3052.5 |    2968.3 |    2968.3
    1127   3052.5 |    2968.4 |    2968.4
    1128   3053.2 |    2968.5 |    2968.5
    1129   3053.2 |    2968.9 |    2968.9
    1130   3053.2 |    2969.0 |    2969.0
    1131   3053.3 |    2969.2 |    2969.2
    1132   3053.7 |    2969.2 |    2969.2
    1133   3054.0 |    2969.2 |    2969.2
    1134   3054.2 |    2969.3 |    2969.3
    1135   3054.9 |    2969.5 |    2969.5
    1136   3055.3 |    2969.5 |    2969.5
    1137   3055.9 |    2969.6 |    2969.6
    1138   3055.9 |    2970.0 |    2970.0
    1139   3056.2 |    2970.5 |    2970.5
    1140   3056.4 |    2970.7 |    2970.7
    1141   3056.5 |    2970.8 |    2970.8
    1142   3056.5 |    2971.0 |    2971.0
    1143   3057.1 |    2971.3 |    2971.3
    1144   3057.3 |    2971.3 |    2971.3
    1145   3057.5 |    2972.1 |    2972.1
    1146   3057.5 |    2972.5 |    2972.5
    1147   3057.8 |    2972.6 |    2972.6
    1148   3058.0 |    2974.1 |    2974.1
    1149   3058.1 |    2974.8 |    2974.8
    1150   3058.3 |    2976.5 |    2976.5
    1151   3059.6 |    2977.0 |    2977.0
    1152   3059.8 |    2978.2 |    2978.2
    1153   3059.8 |    2978.5 |    2978.5
    1154   3060.3 |    2978.5 |    2978.5
    1155   3060.5 |    2979.1 |    2979.1
    1156   3060.8 |    2980.3 |    2980.3
    1157   3061.3 |    2980.5 |    2980.5
    1158   3061.4 |    2980.6 |    2980.6
    1159   3061.6 |    2981.0 |    2981.0
    1160   3061.8 |    2981.1 |    2981.1
    1161   3062.4 |    2981.4 |    2981.4
    1162   3062.5 |    2981.4 |    2981.4
    1163   3062.6 |    2981.6 |    2981.6
    1164   3063.2 |    2982.0 |    2982.0
    1165   3063.5 |    2982.2 |    2982.2
    1166   3064.1 |    2984.0 |    2984.0
    1167   3065.4 |    2984.0 |    2984.0
    1168   3066.1 |    2984.3 |    2984.3
    1169   3066.4 |    2984.4 |    2984.4
    1170   3068.3 |    2985.8 |    2985.8
    1171   3093.6 |    2986.1 |    2986.1
    1172   3093.7 |    2986.1 |    2986.1
    1173   3095.5 |    2986.4 |    2986.4
    1174   3095.7 |    2986.6 |    2986.6
    1175   3095.8 |    2986.7 |    2986.7
    1176   3095.9 |    2986.7 |    2986.7
    1177   3096.0 |    2986.9 |    2986.9
    1178   3098.0 |    2987.3 |    2987.3
    1179   3098.4 |    2987.5 |    2987.5
    1180   3098.8 |    2988.0 |    2988.0
    1181   3099.3 |    2988.6 |    2988.6
    1182   3099.7 |    2989.1 |    2989.1
    1183   3099.7 |    2989.2 |    2989.2
    1184   3100.2 |    2991.0 |    2991.0
    1185   3100.6 |    2991.1 |    2991.1
    1186   3100.9 |    2991.5 |    2991.5
    1187   3101.2 |    2992.2 |    2992.2
    1188   3101.3 |    2992.5 |    2992.5
    1189   3101.5 |    2992.7 |    2992.7
    1190   3102.6 |    2993.7 |    2993.7
    1191   3102.8 |    2994.6 |    2994.6
    1192   3103.2 |    2996.8 |    2996.8
    1193   3104.2 |    2997.4 |    2997.4
    1194   3104.3 |    2997.6 |    2997.6
    1195   3104.5 |    2998.0 |    2998.0
    1196   3107.2 |    2998.3 |    2998.3
    1197   3109.4 |    2998.5 |    2998.5
    1198   3109.6 |    2998.8 |    2998.8
    1199   3109.8 |    2999.0 |    2999.0
    1200   3111.8 |    2999.3 |    2999.3
    1201   3113.3 |    2999.6 |    2999.6
    1202   3113.8 |    3000.9 |    3000.9
    1203   3114.0 |    3001.1 |    3001.1
    1204   3114.5 |    3002.2 |    3002.2
    1205   3114.6 |    3002.7 |    3002.7
    1206   3114.8 |    3003.0 |    3003.0
    1207   3114.8 |    3003.0 |    3003.0
    1208   3115.2 |    3003.2 |    3003.2
    1209   3115.9 |    3004.1 |    3004.1
    1210   3115.9 |    3004.1 |    3004.1
    1211   3116.0 |    3004.2 |    3004.2
    1212   3117.2 |    3004.9 |    3004.9
    1213   3117.4 |    3006.7 |    3006.7
    1214   3117.8 |    3006.9 |    3006.9
    1215   3117.8 |    3007.5 |    3007.5
    1216   3118.0 |    3008.0 |    3008.0
    1217   3118.1 |    3008.0 |    3008.0
    1218   3118.1 |    3008.3 |    3008.3
    1219   3118.4 |    3009.3 |    3009.3
    1220   3118.7 |    3010.7 |    3010.7
    1221   3119.0 |    3011.8 |    3011.8
    1222   3119.1 |    3012.1 |    3012.1
    1223   3119.4 |    3012.5 |    3012.5
    1224   3119.5 |    3013.5 |    3013.5
    1225   3119.5 |    3014.8 |    3014.8
    1226   3119.5 |    3015.2 |    3015.2
    1227   3119.6 |    3016.4 |    3016.4
    1228   3120.0 |    3017.4 |    3017.4
    1229   3120.3 |    3017.6 |    3017.6
    1230   3120.3 |    3054.8 |    3054.8
    1231   3120.4 |    3060.1 |    3060.1
    1232   3120.7 |    3066.9 |    3066.9
    1233   3120.9 |    3067.4 |    3067.4
    1234   3121.2 |    3067.6 |    3067.6
    1235   3121.4 |    3067.6 |    3067.6
    1236   3122.8 |    3069.0 |    3069.0
    1237   3122.8 |    3069.0 |    3069.0
    1238   3122.9 |    3071.2 |    3071.2
    1239   3123.2 |    3071.3 |    3071.3
    1240   3124.2 |    3071.8 |    3071.8
    1241   3125.3 |    3071.9 |    3071.9
    1242   3127.8 |    3072.6 |    3072.6
    1243   3132.0 |    3076.8 |    3076.8
    1244   3133.7 |    3077.2 |    3077.2
    1245   3133.7 |    3077.3 |    3077.3
    1246   3135.4 |    3079.4 |    3079.4
    1247   3136.6 |    3080.5 |    3080.5
    1248   3136.6 |    3083.5 |    3083.5
    1249   3137.7 |    3169.3 |    3169.3
    1250   3140.2 |    3170.2 |    3170.2
    1251   3141.3 |    3171.2 |    3171.2
    1252   3141.6 |    3172.5 |    3172.5
    1253   3141.7 |    3175.9 |    3175.9
    1254   3142.4 |    3176.0 |    3176.0
    1255   3142.8 |    3176.2 |    3176.2
    1256   3143.1 |    3187.2 |    3187.2
    1257   3143.6 |    3214.9 |    3214.9
    1258   3148.7 |    3694.8 |    3694.8
    1259   3150.1 |    3695.2 |    3695.2
    1260   3150.1 |    3695.2 |    3695.2
    1261   3150.9 |    3695.8 |    3695.8
    1262   3151.5 |    3696.7 |    3696.7
    1263   3152.1 |    3697.1 |    3697.1
    1264   3152.5 |    3697.2 |    3697.2
    1265   3152.7 |    3697.6 |    3697.6
    1266   3156.3 |    3697.8 |    3697.8
  -------------------------------------------------------
    RMSD          |     259.9 |     259.9
     MAE          |     113.5 |     113.5
=========================================================



==========================================
  TIMING [JAX (gpu) + MM3 + JaxOpt L-BFGS]
==========================================
  Optimization S               578.79 s
  Function Evaluations               75
  Per Evaluation S               7.72 s
==========================================


