
=====================================================
  SUMMARY [JAX (gpu) + MM3 + optax:adam + L2(λ=0.01)]
=====================================================
  RMSD (cm⁻¹):       259.9 → 227.9
  Score:             91.481736 → 65.537340  (+28.4%)
  Function evals:    2001
  Wall time:         298.3s
  Scipy converged:   False
  Scipy message:     Max steps (2000) reached
=====================================================



===================================================================
  FREQUENCY PROGRESSION [JAX (gpu) + MM3 + optax:adam + L2(λ=0.01)]
===================================================================
    Mode   QM ref |   QFUERZA | Optimized
  -----------------------------------------------------------------
       1     50.1 |      51.7 |      50.9
       2     53.0 |      56.5 |      54.3
       3     54.4 |      56.7 |      55.6
       4     56.2 |      59.5 |      57.3
       5     56.5 |      64.0 |      58.9
       6     57.0 |      64.2 |      59.9
       7     57.9 |      64.5 |      59.9
       8     59.4 |      69.5 |      61.4
       9     61.9 |      70.9 |      63.8
      10     63.5 |      74.0 |      65.6
      11     64.8 |      74.1 |      66.5
      12     65.4 |      78.1 |      67.6
      13     66.5 |      80.7 |      71.3
      14     67.1 |      82.4 |      72.1
      15     70.5 |      82.8 |      73.4
      16     70.5 |      84.3 |      83.7
      17     71.6 |      86.3 |      85.6
      18     73.5 |      86.9 |      85.7
      19     73.7 |      88.6 |      85.9
      20     75.8 |      89.6 |      87.2
      21     76.4 |      90.1 |      88.2
      22     79.6 |      90.5 |      88.5
      23     80.8 |      90.6 |      88.9
      24     81.1 |      95.1 |      92.0
      25     81.4 |      95.3 |      92.1
      26     82.3 |      97.8 |      93.3
      27     82.4 |      98.7 |      97.6
      28     82.6 |     100.6 |      98.4
      29     83.1 |     105.0 |      98.6
      30     83.2 |     107.9 |     101.9
      31     83.3 |     108.3 |     102.2
      32     86.9 |     110.5 |     103.3
      33     87.2 |     110.9 |     103.6
      34     87.5 |     111.3 |     106.5
      35     87.7 |     115.5 |     106.8
      36     88.2 |     116.6 |     109.8
      37     89.3 |     118.8 |     109.9
      38     92.2 |     120.6 |     112.1
      39     92.3 |     121.6 |     114.1
      40     92.5 |     122.3 |     114.1
      41     93.7 |     124.3 |     116.1
      42     96.3 |     126.2 |     118.5
      43     97.0 |     129.2 |     119.7
      44    101.6 |     129.7 |     121.7
      45    103.3 |     131.1 |     123.1
      46    103.6 |     134.2 |     124.9
      47    105.0 |     136.3 |     126.9
      48    108.7 |     136.8 |     128.4
      49    108.9 |     136.9 |     130.8
      50    110.4 |     137.2 |     132.1
      51    115.0 |     138.8 |     134.0
      52    116.1 |     138.8 |     134.1
      53    116.6 |     139.1 |     134.3
      54    117.8 |     140.2 |     138.8
      55    118.0 |     142.7 |     140.0
      56    118.2 |     144.4 |     141.9
      57    119.5 |     144.4 |     144.2
      58    120.4 |     144.9 |     144.7
      59    122.2 |     145.9 |     145.5
      60    123.8 |     146.2 |     146.5
      61    124.5 |     149.4 |     146.5
      62    125.3 |     151.5 |     147.1
      63    126.2 |     152.6 |     147.8
      64    126.7 |     152.6 |     150.7
      65    128.2 |     154.6 |     151.7
      66    129.0 |     157.4 |     151.9
      67    130.4 |     157.6 |     152.3
      68    130.7 |     160.2 |     152.9
      69    131.8 |     160.8 |     155.8
      70    132.7 |     161.6 |     155.8
      71    133.4 |     161.9 |     156.2
      72    135.7 |     161.9 |     158.8
      73    138.3 |     163.4 |     160.1
      74    139.7 |     164.1 |     160.8
      75    141.2 |     164.4 |     160.9
      76    141.4 |     167.9 |     161.9
      77    141.6 |     168.5 |     162.0
      78    143.5 |     170.4 |     163.8
      79    144.9 |     170.7 |     164.8
      80    147.2 |     171.2 |     165.2
      81    150.4 |     174.8 |     166.7
      82    151.2 |     175.8 |     168.1
      83    151.6 |     176.5 |     169.5
      84    152.9 |     178.1 |     177.0
      85    154.8 |     179.4 |     178.0
      86    156.7 |     179.8 |     179.0
      87    157.1 |     180.1 |     179.0
      88    160.0 |     182.3 |     183.4
      89    160.9 |     182.7 |     183.7
      90    165.9 |     182.8 |     183.8
      91    166.7 |     183.6 |     184.4
      92    166.7 |     185.4 |     185.4
      93    167.7 |     186.6 |     189.4
      94    167.9 |     188.6 |     191.4
      95    168.9 |     189.0 |     192.0
      96    169.9 |     190.8 |     192.3
      97    171.8 |     191.0 |     194.4
      98    173.5 |     192.2 |     195.2
      99    173.9 |     192.8 |     196.3
     100    174.6 |     192.8 |     197.1
     101    175.0 |     193.9 |     198.7
     102    176.3 |     199.9 |     198.8
     103    180.5 |     201.5 |     200.6
     104    183.4 |     201.7 |     200.7
     105    186.9 |     204.0 |     204.9
     106    188.6 |     204.3 |     205.9
     107    189.6 |     204.9 |     207.7
     108    190.8 |     205.2 |     207.7
     109    191.8 |     205.9 |     207.9
     110    192.6 |     208.0 |     208.3
     111    192.8 |     208.0 |     212.3
     112    193.0 |     208.2 |     214.3
     113    193.3 |     208.3 |     214.5
     114    193.6 |     210.3 |     218.3
     115    194.4 |     210.6 |     218.5
     116    196.4 |     211.4 |     218.7
     117    197.6 |     212.8 |     218.9
     118    198.3 |     217.6 |     220.4
     119    200.0 |     217.8 |     220.9
     120    204.1 |     218.0 |     228.0
     121    204.6 |     219.7 |     228.1
     122    205.7 |     221.9 |     229.2
     123    206.4 |     224.2 |     230.0
     124    207.4 |     224.7 |     230.7
     125    207.8 |     226.6 |     231.1
     126    210.0 |     227.2 |     231.3
     127    210.4 |     227.4 |     231.7
     128    211.5 |     233.0 |     233.1
     129    212.0 |     233.8 |     236.2
     130    212.8 |     234.9 |     237.5
     131    213.0 |     240.9 |     239.0
     132    213.4 |     241.6 |     241.2
     133    213.5 |     242.6 |     249.7
     134    213.9 |     250.6 |     250.1
     135    214.3 |     255.9 |     250.9
     136    215.0 |     256.6 |     251.0
     137    215.8 |     256.8 |     251.3
     138    216.5 |     257.1 |     253.0
     139    216.6 |     260.5 |     255.9
     140    216.7 |     261.9 |     256.2
     141    220.1 |     262.4 |     256.4
     142    220.1 |     265.3 |     256.8
     143    220.6 |     267.2 |     257.5
     144    220.7 |     269.7 |     260.0
     145    222.4 |     270.8 |     260.5
     146    223.5 |     272.6 |     262.5
     147    223.8 |     273.0 |     263.2
     148    226.5 |     274.9 |     263.5
     149    227.0 |     276.7 |     263.7
     150    228.2 |     278.2 |     265.2
     151    229.3 |     278.7 |     265.3
     152    232.6 |     278.8 |     266.6
     153    233.0 |     283.1 |     267.4
     154    233.3 |     283.4 |     268.7
     155    234.0 |     284.2 |     268.9
     156    234.4 |     285.4 |     270.1
     157    234.6 |     287.6 |     276.7
     158    235.3 |     289.2 |     276.9
     159    236.1 |     293.4 |     277.6
     160    236.5 |     294.2 |     278.3
     161    237.3 |     295.2 |     283.7
     162    237.3 |     296.1 |     285.3
     163    240.6 |     297.0 |     285.5
     164    240.8 |     298.0 |     286.5
     165    240.9 |     300.7 |     286.7
     166    241.2 |     301.0 |     288.8
     167    242.1 |     302.6 |     288.8
     168    244.6 |     306.5 |     290.8
     169    244.8 |     307.9 |     291.1
     170    245.8 |     311.3 |     292.6
     171    246.0 |     311.9 |     296.2
     172    246.2 |     313.3 |     299.8
     173    246.6 |     314.4 |     301.7
     174    247.2 |     315.7 |     302.7
     175    248.1 |     317.1 |     307.4
     176    249.0 |     317.3 |     308.3
     177    249.6 |     320.2 |     308.5
     178    250.0 |     322.1 |     314.0
     179    250.3 |     322.2 |     314.2
     180    250.6 |     326.3 |     315.5
     181    251.1 |     335.0 |     317.2
     182    251.8 |     336.4 |     317.5
     183    251.9 |     339.4 |     321.5
     184    253.0 |     342.5 |     323.0
     185    253.1 |     346.7 |     323.1
     186    253.5 |     347.2 |     323.2
     187    253.6 |     350.3 |     323.2
     188    253.8 |     350.8 |     324.4
     189    255.4 |     355.0 |     327.9
     190    255.6 |     358.3 |     328.0
     191    256.2 |     361.7 |     328.1
     192    257.9 |     364.1 |     329.4
     193    258.8 |     364.9 |     330.1
     194    259.9 |     365.6 |     333.3
     195    260.4 |     365.9 |     334.6
     196    261.3 |     366.3 |     334.8
     197    262.6 |     367.1 |     337.3
     198    264.3 |     368.3 |     337.7
     199    264.8 |     371.5 |     338.3
     200    265.2 |     374.5 |     339.8
     201    266.4 |     375.7 |     342.1
     202    266.5 |     375.9 |     345.2
     203    267.2 |     385.8 |     345.5
     204    269.2 |     386.3 |     345.9
     205    270.0 |     386.9 |     347.8
     206    270.3 |     388.0 |     349.7
     207    273.3 |     390.1 |     351.2
     208    274.8 |     391.8 |     352.6
     209    275.0 |     394.3 |     354.2
     210    275.3 |     396.3 |     356.1
     211    276.9 |     397.8 |     358.2
     212    279.6 |     398.5 |     359.6
     213    280.1 |     399.9 |     362.1
     214    282.1 |     400.7 |     363.2
     215    282.2 |     401.0 |     363.4
     216    283.5 |     402.8 |     365.0
     217    283.8 |     404.6 |     366.2
     218    284.0 |     405.1 |     368.9
     219    285.3 |     408.8 |     369.6
     220    288.2 |     410.5 |     376.2
     221    288.8 |     410.7 |     378.1
     222    289.2 |     412.4 |     378.4
     223    295.4 |     412.6 |     380.2
     224    303.5 |     413.1 |     382.1
     225    305.4 |     413.6 |     382.4
     226    307.3 |     415.7 |     382.6
     227    307.9 |     416.0 |     383.7
     228    323.1 |     416.6 |     384.6
     229    324.8 |     416.6 |     386.0
     230    327.0 |     420.1 |     386.5
     231    330.7 |     422.0 |     386.6
     232    330.8 |     424.5 |     387.2
     233    331.6 |     427.2 |     389.4
     234    332.0 |     427.9 |     390.6
     235    333.8 |     430.0 |     391.1
     236    334.7 |     431.3 |     392.3
     237    335.2 |     434.4 |     393.6
     238    337.2 |     434.4 |     393.9
     239    337.4 |     438.8 |     394.3
     240    337.6 |     439.3 |     394.3
     241    338.6 |     440.8 |     396.7
     242    339.2 |     441.5 |     397.8
     243    339.8 |     441.6 |     399.2
     244    343.6 |     449.6 |     400.1
     245    344.9 |     450.0 |     401.2
     246    348.8 |     451.0 |     402.0
     247    349.3 |     451.6 |     403.7
     248    356.3 |     455.1 |     404.3
     249    356.5 |     455.7 |     404.6
     250    357.2 |     456.0 |     404.8
     251    358.1 |     459.8 |     404.9
     252    360.7 |     462.9 |     405.4
     253    361.8 |     465.0 |     405.7
     254    362.0 |     465.7 |     407.4
     255    363.3 |     466.2 |     408.6
     256    364.2 |     470.1 |     409.0
     257    367.2 |     470.1 |     409.8
     258    372.0 |     470.5 |     411.3
     259    377.4 |     473.1 |     412.7
     260    378.0 |     473.4 |     413.5
     261    378.2 |     474.4 |     413.7
     262    378.9 |     475.4 |     414.5
     263    378.9 |     476.7 |     416.0
     264    379.0 |     477.4 |     419.1
     265    381.3 |     478.1 |     421.6
     266    381.6 |     478.2 |     424.3
     267    381.8 |     478.5 |     424.7
     268    382.9 |     480.1 |     425.2
     269    383.1 |     481.3 |     426.2
     270    388.0 |     481.5 |     429.2
     271    388.9 |     482.3 |     430.6
     272    390.7 |     483.4 |     430.8
     273    392.3 |     483.9 |     432.0
     274    398.8 |     486.7 |     437.3
     275    400.4 |     486.8 |     439.7
     276    401.3 |     488.0 |     441.4
     277    402.5 |     488.9 |     442.2
     278    403.0 |     489.1 |     442.6
     279    403.3 |     492.2 |     442.9
     280    404.0 |     494.2 |     443.3
     281    404.3 |     495.2 |     444.0
     282    404.6 |     497.1 |     445.3
     283    404.9 |     497.4 |     446.1
     284    417.7 |     500.7 |     449.9
     285    418.0 |     504.0 |     455.2
     286    421.2 |     505.2 |     457.1
     287    421.3 |     505.7 |     457.7
     288    423.0 |     506.2 |     460.5
     289    424.0 |     507.3 |     464.0
     290    424.4 |     509.3 |     467.2
     291    425.1 |     509.3 |     467.5
     292    426.7 |     509.8 |     468.4
     293    429.5 |     511.1 |     470.1
     294    431.0 |     511.7 |     470.1
     295    431.2 |     512.0 |     470.1
     296    432.8 |     513.6 |     470.9
     297    433.0 |     525.7 |     473.2
     298    433.8 |     526.8 |     476.5
     299    434.4 |     527.0 |     476.6
     300    434.6 |     529.1 |     476.9
     301    435.1 |     530.3 |     477.4
     302    444.5 |     531.7 |     479.4
     303    446.8 |     535.8 |     483.3
     304    455.0 |     540.0 |     483.7
     305    455.8 |     540.1 |     485.7
     306    456.3 |     540.8 |     486.0
     307    456.6 |     547.0 |     486.6
     308    458.3 |     547.0 |     488.8
     309    461.9 |     549.6 |     490.0
     310    462.9 |     551.5 |     490.1
     311    466.5 |     552.0 |     491.2
     312    467.1 |     553.1 |     492.1
     313    468.3 |     553.5 |     495.2
     314    472.8 |     554.6 |     498.6
     315    476.8 |     555.7 |     499.4
     316    478.3 |     558.3 |     500.6
     317    480.2 |     560.0 |     502.2
     318    480.5 |     560.4 |     502.8
     319    480.6 |     560.4 |     504.7
     320    481.2 |     561.8 |     505.2
     321    481.8 |     564.3 |     508.5
     322    482.6 |     565.9 |     509.9
     323    483.1 |     567.9 |     514.4
     324    483.4 |     576.2 |     514.8
     325    483.4 |     579.3 |     516.3
     326    484.6 |     580.8 |     516.8
     327    495.3 |     585.2 |     517.1
     328    496.8 |     587.4 |     519.7
     329    503.3 |     589.8 |     519.9
     330    505.9 |     592.2 |     519.9
     331    511.9 |     596.1 |     522.2
     332    512.7 |     596.3 |     522.2
     333    519.8 |     600.0 |     523.9
     334    532.2 |     600.5 |     525.5
     335    532.2 |     603.4 |     525.7
     336    539.2 |     607.5 |     529.9
     337    539.2 |     609.3 |     530.2
     338    539.2 |     610.4 |     532.5
     339    539.6 |     615.0 |     532.6
     340    540.0 |     616.8 |     533.8
     341    540.1 |     618.3 |     533.9
     342    540.5 |     622.8 |     534.3
     343    541.4 |     623.0 |     534.9
     344    541.5 |     623.0 |     536.0
     345    541.6 |     624.7 |     539.2
     346    548.7 |     626.6 |     539.9
     347    549.1 |     631.6 |     540.4
     348    569.4 |     633.7 |     542.3
     349    569.6 |     635.1 |     542.9
     350    569.6 |     636.1 |     543.4
     351    569.7 |     638.6 |     544.1
     352    569.8 |     639.4 |     544.6
     353    570.3 |     640.8 |     547.7
     354    570.6 |     641.5 |     549.3
     355    571.1 |     641.9 |     549.3
     356    571.3 |     643.6 |     549.7
     357    574.6 |     643.6 |     554.9
     358    575.5 |     645.7 |     555.5
     359    575.9 |     652.8 |     555.7
     360    576.9 |     654.7 |     558.0
     361    577.2 |     656.0 |     558.2
     362    577.4 |     657.7 |     558.8
     363    577.7 |     662.0 |     563.4
     364    577.9 |     662.1 |     563.8
     365    578.4 |     662.1 |     567.4
     366    593.1 |     664.3 |     568.6
     367    593.6 |     667.5 |     569.9
     368    594.8 |     671.1 |     571.4
     369    595.4 |     671.2 |     572.4
     370    597.1 |     672.2 |     578.6
     371    597.5 |     673.0 |     584.0
     372    597.7 |     674.8 |     586.2
     373    598.1 |     675.7 |     595.3
     374    598.7 |     677.2 |     597.4
     375    598.7 |     677.8 |     600.6
     376    598.9 |     678.6 |     604.4
     377    599.0 |     680.3 |     606.1
     378    599.2 |     684.2 |     621.3
     379    599.3 |     684.5 |     632.0
     380    600.9 |     686.0 |     635.1
     381    609.0 |     686.7 |     636.2
     382    611.7 |     689.9 |     639.4
     383    612.5 |     694.1 |     644.7
     384    614.0 |     696.8 |     645.7
     385    616.4 |     697.3 |     647.4
     386    618.3 |     697.4 |     649.6
     387    618.5 |     698.2 |     649.7
     388    620.5 |     701.3 |     649.8
     389    620.7 |     702.6 |     650.9
     390    621.4 |     704.8 |     655.0
     391    627.1 |     717.8 |     657.1
     392    629.7 |     717.9 |     659.0
     393    630.0 |     723.5 |     661.1
     394    630.1 |     729.2 |     662.3
     395    633.5 |     733.9 |     662.7
     396    633.6 |     734.7 |     663.0
     397    635.1 |     742.1 |     664.4
     398    635.8 |     742.3 |     669.2
     399    640.5 |     744.4 |     669.8
     400    640.8 |     744.6 |     672.5
     401    642.8 |     747.3 |     673.6
     402    643.0 |     755.5 |     673.6
     403    653.8 |     756.7 |     673.7
     404    655.2 |     757.5 |     675.3
     405    658.0 |     758.1 |     676.8
     406    658.1 |     776.9 |     680.5
     407    659.3 |     777.4 |     680.9
     408    661.7 |     778.0 |     683.1
     409    662.6 |     779.3 |     683.4
     410    666.3 |     779.5 |     684.7
     411    666.6 |     780.2 |     687.3
     412    667.0 |     781.5 |     688.2
     413    684.5 |     781.7 |     688.5
     414    684.7 |     781.9 |     691.4
     415    685.9 |     781.9 |     694.0
     416    687.0 |     783.2 |     697.3
     417    687.7 |     783.3 |     697.6
     418    689.6 |     783.4 |     698.0
     419    692.3 |     783.6 |     700.5
     420    693.7 |     785.5 |     701.1
     421    694.6 |     785.7 |     704.1
     422    695.7 |     786.2 |     706.3
     423    695.9 |     786.5 |     716.3
     424    698.5 |     786.6 |     718.0
     425    700.9 |     786.8 |     719.6
     426    702.2 |     790.3 |     725.5
     427    702.4 |     792.4 |     730.4
     428    702.9 |     792.6 |     732.6
     429    705.3 |     793.2 |     737.6
     430    712.4 |     795.0 |     746.0
     431    712.5 |     797.5 |     746.2
     432    715.4 |     797.8 |     747.7
     433    717.1 |     798.4 |     748.8
     434    717.6 |     799.1 |     748.9
     435    718.5 |     806.8 |     752.5
     436    719.1 |     808.2 |     753.1
     437    719.1 |     811.9 |     754.5
     438    724.3 |     812.9 |     755.9
     439    734.9 |     813.8 |     755.9
     440    736.3 |     814.4 |     757.3
     441    739.0 |     817.4 |     760.6
     442    740.5 |     817.5 |     760.6
     443    741.9 |     818.3 |     763.5
     444    742.9 |     820.0 |     765.5
     445    743.5 |     821.0 |     766.6
     446    743.6 |     821.4 |     766.9
     447    743.7 |     825.1 |     768.9
     448    744.4 |     825.2 |     772.0
     449    744.8 |     825.8 |     786.3
     450    745.2 |     829.3 |     788.7
     451    745.5 |     833.2 |     789.5
     452    746.5 |     833.3 |     789.7
     453    746.6 |     833.7 |     789.8
     454    747.1 |     833.8 |     790.7
     455    747.5 |     833.8 |     794.4
     456    747.5 |     834.0 |     802.3
     457    748.8 |     834.8 |     802.5
     458    769.7 |     835.1 |     803.3
     459    780.5 |     835.4 |     806.6
     460    780.9 |     835.5 |     806.7
     461    801.4 |     835.7 |     807.5
     462    806.4 |     835.8 |     811.7
     463    807.1 |     836.0 |     811.7
     464    810.5 |     836.1 |     812.3
     465    812.7 |     836.2 |     813.0
     466    815.2 |     836.7 |     813.9
     467    815.5 |     836.9 |     815.9
     468    815.7 |     836.9 |     816.0
     469    820.1 |     837.1 |     821.0
     470    821.9 |     837.2 |     821.7
     471    823.5 |     837.3 |     822.9
     472    828.7 |     837.7 |     823.0
     473    830.3 |     837.7 |     823.3
     474    830.7 |     837.9 |     824.8
     475    831.1 |     837.9 |     825.9
     476    831.9 |     838.1 |     826.8
     477    832.6 |     838.2 |     827.0
     478    832.7 |     839.5 |     827.8
     479    833.9 |     839.9 |     827.9
     480    834.2 |     840.9 |     828.0
     481    834.7 |     846.9 |     831.4
     482    835.0 |     847.2 |     831.4
     483    835.3 |     847.9 |     834.0
     484    835.3 |     851.5 |     834.4
     485    838.2 |     852.5 |     834.8
     486    838.4 |     857.6 |     834.9
     487    842.3 |     858.5 |     835.9
     488    844.0 |     859.3 |     836.2
     489    846.4 |     859.6 |     838.3
     490    855.7 |     859.9 |     838.7
     491    855.9 |     860.0 |     839.0
     492    855.9 |     860.2 |     839.2
     493    856.6 |     860.3 |     839.5
     494    856.8 |     860.6 |     839.9
     495    856.8 |     860.7 |     839.9
     496    857.4 |     861.0 |     840.2
     497    857.7 |     861.3 |     842.0
     498    857.8 |     863.2 |     846.9
     499    858.4 |     863.3 |     848.8
     500    858.7 |     867.5 |     852.9
     501    859.2 |     868.1 |     853.8
     502    870.3 |     870.1 |     854.4
     503    870.8 |     871.9 |     855.3
     504    871.9 |     874.3 |     859.5
     505    880.1 |     876.1 |     864.9
     506    882.1 |     877.3 |     865.1
     507    882.7 |     879.1 |     868.9
     508    886.4 |     879.6 |     873.9
     509    887.0 |     880.0 |     878.7
     510    891.9 |     884.7 |     879.8
     511    896.6 |     884.8 |     880.7
     512    896.6 |     885.3 |     882.7
     513    897.5 |     885.9 |     885.5
     514    898.0 |     886.8 |     886.0
     515    900.1 |     888.1 |     887.0
     516    900.1 |     888.9 |     887.3
     517    900.5 |     889.4 |     893.3
     518    900.5 |     891.3 |     893.8
     519    901.3 |     901.6 |     895.6
     520    901.5 |     902.6 |     899.9
     521    901.6 |     903.9 |     901.4
     522    901.6 |     906.1 |     903.1
     523    902.4 |     909.0 |     906.8
     524    904.4 |     912.1 |     907.2
     525    905.4 |     912.6 |     908.6
     526    907.3 |     920.0 |     909.8
     527    929.7 |     920.3 |     912.9
     528    930.9 |     923.3 |     915.3
     529    930.9 |     924.8 |     916.5
     530    931.6 |     926.4 |     916.8
     531    931.8 |     929.9 |     921.3
     532    932.6 |     933.1 |     921.6
     533    932.7 |     935.9 |     921.9
     534    933.9 |     938.3 |     927.5
     535    935.1 |     940.4 |     928.6
     536    935.6 |     941.1 |     929.8
     537    936.1 |     942.8 |     933.9
     538    937.6 |     943.3 |     936.6
     539    939.1 |     943.9 |     944.7
     540    939.3 |     944.3 |     945.3
     541    939.6 |     944.3 |     947.0
     542    939.7 |     944.7 |     947.9
     543    940.4 |     944.9 |     950.3
     544    940.7 |     945.1 |     956.9
     545    941.6 |     945.7 |     960.0
     546    941.6 |     945.7 |     960.7
     547    942.1 |     946.3 |     962.3
     548    942.4 |     946.6 |     964.7
     549    942.8 |     946.7 |     965.2
     550    942.8 |     946.9 |     965.8
     551    945.4 |     947.4 |     966.6
     552    945.8 |     947.4 |     967.1
     553    947.1 |     948.2 |     970.0
     554    947.2 |     948.3 |     971.8
     555    947.4 |     949.1 |     975.3
     556    947.7 |     949.2 |     977.6
     557    948.0 |     949.9 |     978.7
     558    948.1 |     950.1 |     978.9
     559    948.4 |     950.4 |     981.3
     560    948.5 |     950.4 |     982.9
     561    948.6 |     951.8 |     983.0
     562    948.7 |     952.1 |     985.0
     563    949.6 |     952.8 |     986.0
     564    950.0 |     952.8 |     986.4
     565    958.3 |     953.0 |     988.3
     566    967.9 |     953.3 |     988.9
     567    967.9 |     954.3 |     990.2
     568    982.8 |     958.2 |     995.2
     569    983.8 |     959.3 |     995.3
     570    985.9 |     959.3 |     996.1
     571    987.4 |     960.0 |     996.8
     572    988.4 |     964.2 |    1001.4
     573    989.2 |     964.4 |    1002.7
     574    989.3 |     966.2 |    1004.4
     575    991.8 |     966.4 |    1005.1
     576    994.7 |     966.8 |    1007.5
     577    998.7 |     968.2 |    1009.4
     578    999.4 |     968.3 |    1010.0
     579    999.9 |     969.2 |    1010.4
     580   1000.2 |     969.7 |    1011.2
     581   1000.5 |     969.9 |    1013.3
     582   1001.0 |     970.0 |    1013.4
     583   1001.2 |     971.4 |    1013.4
     584   1001.7 |     973.0 |    1013.8
     585   1001.7 |     973.3 |    1015.6
     586   1002.0 |     977.4 |    1015.7
     587   1002.2 |     986.6 |    1017.0
     588   1002.9 |     986.7 |    1019.2
     589   1002.9 |     989.6 |    1019.4
     590   1004.9 |     989.9 |    1019.9
     591   1005.5 |     990.7 |    1020.6
     592   1006.1 |     991.7 |    1025.4
     593   1006.8 |     992.3 |    1026.3
     594   1006.8 |     992.7 |    1028.3
     595   1007.2 |     993.0 |    1029.1
     596   1007.3 |     996.8 |    1031.6
     597   1008.3 |    1008.2 |    1033.6
     598   1008.5 |    1017.5 |    1034.2
     599   1009.5 |    1020.1 |    1035.1
     600   1009.9 |    1023.5 |    1035.4
     601   1009.9 |    1025.3 |    1040.4
     602   1010.0 |    1026.3 |    1040.5
     603   1011.1 |    1026.4 |    1042.3
     604   1011.3 |    1028.5 |    1044.4
     605   1011.7 |    1029.7 |    1044.5
     606   1012.9 |    1030.1 |    1048.7
     607   1013.4 |    1030.2 |    1049.9
     608   1014.8 |    1030.2 |    1050.3
     609   1015.0 |    1030.4 |    1051.7
     610   1015.3 |    1031.2 |    1053.5
     611   1015.4 |    1031.9 |    1053.9
     612   1016.5 |    1032.0 |    1056.2
     613   1018.9 |    1032.9 |    1056.4
     614   1019.7 |    1033.1 |    1056.5
     615   1020.1 |    1033.4 |    1057.2
     616   1025.5 |    1033.9 |    1057.7
     617   1025.5 |    1034.8 |    1058.7
     618   1025.8 |    1035.1 |    1059.9
     619   1026.9 |    1035.3 |    1062.0
     620   1028.2 |    1035.3 |    1062.4
     621   1028.4 |    1035.4 |    1066.8
     622   1028.7 |    1037.0 |    1067.9
     623   1029.3 |    1037.3 |    1068.0
     624   1029.9 |    1042.5 |    1068.9
     625   1030.8 |    1043.1 |    1069.6
     626   1031.7 |    1043.2 |    1070.8
     627   1031.8 |    1046.2 |    1071.3
     628   1032.6 |    1047.4 |    1072.9
     629   1032.8 |    1051.1 |    1074.3
     630   1033.4 |    1054.3 |    1074.3
     631   1033.6 |    1064.6 |    1075.2
     632   1035.0 |    1067.1 |    1076.7
     633   1036.6 |    1068.0 |    1077.6
     634   1037.0 |    1071.6 |    1078.3
     635   1043.3 |    1078.6 |    1078.7
     636   1043.8 |    1078.9 |    1079.5
     637   1043.8 |    1079.4 |    1079.8
     638   1045.7 |    1080.9 |    1079.9
     639   1061.1 |    1086.4 |    1087.6
     640   1061.5 |    1087.4 |    1088.8
     641   1065.4 |    1088.5 |    1093.3
     642   1065.6 |    1088.6 |    1094.9
     643   1072.9 |    1089.5 |    1096.1
     644   1074.5 |    1089.7 |    1099.6
     645   1074.7 |    1089.9 |    1101.7
     646   1075.0 |    1090.0 |    1104.7
     647   1075.4 |    1090.2 |    1104.8
     648   1076.5 |    1090.4 |    1105.9
     649   1076.9 |    1090.6 |    1106.2
     650   1078.2 |    1090.7 |    1106.6
     651   1079.0 |    1090.8 |    1108.7
     652   1080.3 |    1091.1 |    1109.2
     653   1083.1 |    1092.1 |    1109.8
     654   1085.7 |    1092.6 |    1110.2
     655   1089.9 |    1093.3 |    1111.7
     656   1090.1 |    1099.8 |    1111.7
     657   1092.1 |    1104.6 |    1112.0
     658   1092.6 |    1106.1 |    1113.6
     659   1094.1 |    1107.1 |    1114.0
     660   1094.6 |    1107.1 |    1115.2
     661   1095.9 |    1108.2 |    1116.4
     662   1096.3 |    1108.4 |    1117.7
     663   1096.4 |    1109.2 |    1121.1
     664   1096.7 |    1109.8 |    1121.6
     665   1097.0 |    1110.3 |    1124.6
     666   1097.4 |    1110.8 |    1127.7
     667   1098.0 |    1111.4 |    1129.9
     668   1098.9 |    1112.0 |    1134.5
     669   1099.0 |    1113.0 |    1134.9
     670   1099.0 |    1113.1 |    1135.2
     671   1099.2 |    1114.1 |    1138.0
     672   1101.4 |    1114.6 |    1139.3
     673   1101.5 |    1125.8 |    1141.4
     674   1101.8 |    1129.2 |    1149.4
     675   1102.5 |    1129.2 |    1151.9
     676   1103.0 |    1129.6 |    1152.0
     677   1103.1 |    1130.4 |    1152.4
     678   1104.1 |    1130.7 |    1152.6
     679   1117.6 |    1130.8 |    1152.8
     680   1118.0 |    1131.0 |    1153.1
     681   1118.4 |    1132.2 |    1154.6
     682   1120.1 |    1133.1 |    1157.8
     683   1121.5 |    1175.6 |    1159.1
     684   1122.2 |    1176.7 |    1161.1
     685   1123.5 |    1177.4 |    1166.0
     686   1126.8 |    1177.8 |    1168.7
     687   1127.7 |    1179.8 |    1172.5
     688   1127.8 |    1179.9 |    1172.6
     689   1129.2 |    1180.4 |    1173.7
     690   1129.6 |    1181.6 |    1175.4
     691   1130.5 |    1181.8 |    1178.0
     692   1132.4 |    1182.1 |    1182.8
     693   1133.0 |    1182.2 |    1185.0
     694   1138.5 |    1183.0 |    1185.7
     695   1138.9 |    1184.8 |    1187.8
     696   1139.2 |    1193.3 |    1190.4
     697   1139.4 |    1194.1 |    1190.5
     698   1139.5 |    1212.0 |    1194.2
     699   1139.9 |    1216.1 |    1198.2
     700   1140.4 |    1216.4 |    1200.7
     701   1140.9 |    1216.5 |    1205.3
     702   1141.7 |    1216.6 |    1205.6
     703   1141.9 |    1216.9 |    1212.5
     704   1142.0 |    1217.2 |    1212.6
     705   1142.2 |    1217.5 |    1213.9
     706   1142.3 |    1218.2 |    1216.2
     707   1143.4 |    1218.3 |    1222.0
     708   1149.7 |    1218.4 |    1222.0
     709   1164.2 |    1218.5 |    1229.8
     710   1164.7 |    1218.7 |    1230.2
     711   1164.7 |    1218.9 |    1230.5
     712   1165.0 |    1219.2 |    1230.7
     713   1173.9 |    1219.5 |    1234.2
     714   1175.2 |    1220.3 |    1234.8
     715   1176.6 |    1220.9 |    1234.9
     716   1178.7 |    1222.6 |    1235.2
     717   1185.3 |    1222.7 |    1235.4
     718   1185.7 |    1223.6 |    1235.5
     719   1186.3 |    1224.6 |    1237.0
     720   1186.4 |    1225.7 |    1237.7
     721   1186.9 |    1225.7 |    1238.8
     722   1186.9 |    1226.3 |    1239.0
     723   1188.1 |    1226.3 |    1239.6
     724   1188.4 |    1230.0 |    1242.3
     725   1192.5 |    1235.9 |    1242.8
     726   1192.6 |    1237.4 |    1242.8
     727   1192.9 |    1237.8 |    1244.0
     728   1193.1 |    1238.7 |    1244.1
     729   1201.2 |    1239.2 |    1244.2
     730   1201.9 |    1240.0 |    1244.6
     731   1202.9 |    1240.3 |    1245.3
     732   1204.1 |    1241.7 |    1249.0
     733   1204.2 |    1241.8 |    1249.6
     734   1204.4 |    1242.1 |    1249.6
     735   1204.7 |    1244.1 |    1249.8
     736   1204.8 |    1246.2 |    1249.8
     737   1204.8 |    1247.5 |    1251.2
     738   1205.6 |    1248.3 |    1252.4
     739   1205.8 |    1248.5 |    1252.8
     740   1225.0 |    1249.2 |    1253.6
     741   1225.1 |    1249.2 |    1257.0
     742   1225.2 |    1250.5 |    1257.5
     743   1225.9 |    1251.8 |    1258.1
     744   1226.0 |    1252.7 |    1258.6
     745   1226.0 |    1255.2 |    1260.0
     746   1226.4 |    1256.9 |    1262.9
     747   1227.0 |    1260.0 |    1263.3
     748   1227.1 |    1260.5 |    1265.0
     749   1227.5 |    1261.4 |    1265.9
     750   1227.6 |    1262.3 |    1266.4
     751   1230.1 |    1264.0 |    1266.4
     752   1264.1 |    1268.2 |    1266.7
     753   1264.7 |    1268.5 |    1268.6
     754   1268.8 |    1270.0 |    1270.5
     755   1268.8 |    1270.4 |    1272.3
     756   1269.4 |    1273.0 |    1273.7
     757   1269.7 |    1275.1 |    1274.0
     758   1270.7 |    1275.8 |    1275.1
     759   1271.0 |    1277.3 |    1277.1
     760   1273.6 |    1277.6 |    1277.8
     761   1280.4 |    1277.6 |    1278.7
     762   1281.0 |    1279.8 |    1279.4
     763   1281.3 |    1280.0 |    1279.5
     764   1281.7 |    1284.3 |    1281.4
     765   1282.2 |    1287.1 |    1281.7
     766   1282.8 |    1287.4 |    1281.7
     767   1286.2 |    1288.8 |    1282.0
     768   1286.9 |    1293.6 |    1287.2
     769   1288.2 |    1293.8 |    1287.6
     770   1288.3 |    1297.0 |    1288.8
     771   1288.3 |    1298.4 |    1289.8
     772   1289.8 |    1298.9 |    1291.5
     773   1289.9 |    1299.0 |    1291.6
     774   1290.1 |    1300.0 |    1292.2
     775   1292.1 |    1300.5 |    1292.5
     776   1292.6 |    1300.8 |    1295.7
     777   1292.6 |    1302.8 |    1297.3
     778   1293.4 |    1305.0 |    1297.6
     779   1295.3 |    1310.0 |    1298.8
     780   1295.9 |    1312.9 |    1299.8
     781   1296.1 |    1314.4 |    1300.4
     782   1296.1 |    1315.1 |    1301.7
     783   1296.3 |    1315.4 |    1302.2
     784   1297.2 |    1315.4 |    1303.0
     785   1297.3 |    1315.5 |    1303.2
     786   1297.7 |    1316.4 |    1303.6
     787   1297.9 |    1316.6 |    1304.2
     788   1298.2 |    1317.9 |    1305.1
     789   1299.0 |    1318.4 |    1305.4
     790   1300.4 |    1320.9 |    1306.2
     791   1301.8 |    1321.6 |    1308.1
     792   1302.1 |    1322.5 |    1308.6
     793   1310.7 |    1326.5 |    1308.7
     794   1311.6 |    1326.7 |    1309.0
     795   1313.4 |    1328.2 |    1309.7
     796   1314.0 |    1331.1 |    1310.0
     797   1316.1 |    1333.7 |    1310.9
     798   1316.5 |    1345.0 |    1311.2
     799   1316.5 |    1349.7 |    1311.9
     800   1316.6 |    1350.4 |    1315.4
     801   1316.9 |    1350.9 |    1316.6
     802   1316.9 |    1351.0 |    1317.7
     803   1317.6 |    1351.0 |    1318.7
     804   1318.1 |    1351.1 |    1318.9
     805   1318.1 |    1351.2 |    1320.2
     806   1318.1 |    1351.7 |    1321.0
     807   1318.2 |    1356.3 |    1321.8
     808   1318.7 |    1356.3 |    1321.9
     809   1319.5 |    1356.5 |    1322.4
     810   1320.0 |    1357.1 |    1322.4
     811   1320.7 |    1357.1 |    1325.9
     812   1321.3 |    1357.7 |    1327.8
     813   1322.0 |    1358.1 |    1328.1
     814   1323.8 |    1358.1 |    1328.2
     815   1323.8 |    1358.3 |    1328.3
     816   1324.5 |    1358.4 |    1331.1
     817   1324.7 |    1358.6 |    1333.9
     818   1325.4 |    1359.4 |    1335.4
     819   1326.8 |    1360.7 |    1336.9
     820   1328.3 |    1360.7 |    1337.0
     821   1328.4 |    1360.8 |    1338.9
     822   1329.1 |    1361.2 |    1339.6
     823   1330.2 |    1362.0 |    1339.8
     824   1332.6 |    1364.5 |    1341.3
     825   1334.0 |    1372.9 |    1342.4
     826   1342.8 |    1373.3 |    1342.6
     827   1343.8 |    1373.7 |    1346.2
     828   1344.7 |    1375.4 |    1346.6
     829   1344.8 |    1377.9 |    1347.1
     830   1345.3 |    1379.7 |    1349.0
     831   1346.9 |    1380.3 |    1350.0
     832   1357.5 |    1381.9 |    1355.7
     833   1358.0 |    1382.7 |    1356.6
     834   1358.6 |    1382.8 |    1356.9
     835   1359.6 |    1383.0 |    1360.8
     836   1360.5 |    1383.6 |    1361.5
     837   1360.6 |    1383.7 |    1363.5
     838   1361.1 |    1384.7 |    1364.0
     839   1361.2 |    1385.1 |    1364.0
     840   1361.7 |    1385.1 |    1364.2
     841   1362.3 |    1385.5 |    1367.6
     842   1362.7 |    1386.9 |    1368.4
     843   1363.1 |    1387.1 |    1368.6
     844   1363.1 |    1387.4 |    1368.9
     845   1363.2 |    1387.6 |    1370.9
     846   1363.4 |    1388.0 |    1371.2
     847   1363.4 |    1388.0 |    1372.8
     848   1365.0 |    1388.1 |    1373.3
     849   1365.0 |    1388.6 |    1375.7
     850   1365.2 |    1388.6 |    1376.2
     851   1365.5 |    1389.6 |    1381.7
     852   1365.6 |    1390.2 |    1381.8
     853   1366.0 |    1390.3 |    1383.9
     854   1366.0 |    1390.6 |    1385.2
     855   1366.8 |    1390.8 |    1385.3
     856   1366.8 |    1391.2 |    1386.3
     857   1366.9 |    1391.5 |    1387.3
     858   1367.5 |    1391.9 |    1388.2
     859   1367.6 |    1391.9 |    1389.4
     860   1367.7 |    1392.0 |    1394.7
     861   1367.7 |    1392.5 |    1394.8
     862   1368.0 |    1393.4 |    1394.9
     863   1369.6 |    1393.4 |    1395.4
     864   1370.0 |    1395.1 |    1396.0
     865   1370.4 |    1396.4 |    1400.0
     866   1370.5 |    1397.8 |    1400.4
     867   1371.2 |    1399.0 |    1400.6
     868   1371.3 |    1399.1 |    1400.8
     869   1371.5 |    1399.8 |    1404.0
     870   1372.6 |    1400.1 |    1405.3
     871   1398.6 |    1400.2 |    1405.3
     872   1399.4 |    1400.3 |    1406.6
     873   1399.5 |    1400.4 |    1408.5
     874   1399.5 |    1401.8 |    1413.8
     875   1399.6 |    1402.0 |    1414.3
     876   1399.6 |    1403.0 |    1414.7
     877   1400.1 |    1405.9 |    1415.1
     878   1400.5 |    1405.9 |    1416.1
     879   1400.7 |    1406.7 |    1417.6
     880   1426.2 |    1406.8 |    1417.9
     881   1426.4 |    1406.9 |    1421.0
     882   1427.9 |    1407.2 |    1422.1
     883   1428.6 |    1407.3 |    1422.6
     884   1429.1 |    1407.4 |    1422.8
     885   1429.4 |    1407.6 |    1424.6
     886   1429.8 |    1407.7 |    1425.2
     887   1430.5 |    1407.8 |    1426.0
     888   1430.7 |    1408.6 |    1429.7
     889   1430.8 |    1408.7 |    1431.4
     890   1431.1 |    1408.8 |    1433.1
     891   1431.6 |    1409.7 |    1434.4
     892   1431.6 |    1409.8 |    1434.9
     893   1431.8 |    1410.2 |    1436.6
     894   1432.0 |    1410.4 |    1439.3
     895   1432.1 |    1410.7 |    1446.8
     896   1432.2 |    1411.0 |    1448.6
     897   1433.0 |    1411.1 |    1449.4
     898   1433.1 |    1411.3 |    1450.3
     899   1433.4 |    1411.8 |    1454.0
     900   1433.4 |    1412.3 |    1454.1
     901   1433.7 |    1412.5 |    1454.4
     902   1433.8 |    1412.8 |    1456.1
     903   1434.5 |    1413.2 |    1457.2
     904   1458.6 |    1413.2 |    1458.5
     905   1459.2 |    1414.1 |    1459.9
     906   1460.9 |    1416.7 |    1460.1
     907   1461.0 |    1417.4 |    1460.8
     908   1461.3 |    1419.0 |    1460.9
     909   1462.0 |    1419.3 |    1462.7
     910   1464.7 |    1419.8 |    1465.1
     911   1466.1 |    1419.9 |    1467.1
     912   1466.1 |    1422.8 |    1467.3
     913   1466.6 |    1423.9 |    1469.1
     914   1467.8 |    1425.1 |    1469.1
     915   1468.1 |    1425.5 |    1469.9
     916   1468.9 |    1426.0 |    1472.1
     917   1469.0 |    1426.3 |    1472.1
     918   1469.7 |    1426.3 |    1472.3
     919   1469.7 |    1426.4 |    1473.0
     920   1472.5 |    1426.5 |    1473.5
     921   1473.0 |    1426.6 |    1474.0
     922   1473.2 |    1427.0 |    1474.1
     923   1473.6 |    1427.2 |    1474.5
     924   1473.9 |    1427.3 |    1474.8
     925   1474.0 |    1428.0 |    1475.8
     926   1475.0 |    1428.2 |    1476.1
     927   1475.3 |    1428.5 |    1476.6
     928   1475.6 |    1429.3 |    1476.7
     929   1475.9 |    1429.7 |    1479.3
     930   1476.0 |    1429.8 |    1479.9
     931   1476.8 |    1430.0 |    1480.9
     932   1479.0 |    1431.1 |    1481.6
     933   1479.1 |    1431.6 |    1484.4
     934   1479.6 |    1432.2 |    1485.0
     935   1480.1 |    1432.4 |    1486.1
     936   1482.4 |    1432.6 |    1486.9
     937   1483.0 |    1433.9 |    1488.6
     938   1484.0 |    1434.0 |    1489.8
     939   1484.1 |    1434.5 |    1493.7
     940   1485.5 |    1435.3 |    1497.2
     941   1485.5 |    1438.1 |    1498.4
     942   1490.8 |    1441.9 |    1499.2
     943   1493.1 |    1449.1 |    1500.2
     944   1493.9 |    1449.3 |    1500.2
     945   1493.9 |    1449.6 |    1502.2
     946   1494.5 |    1450.3 |    1502.6
     947   1495.7 |    1450.5 |    1502.7
     948   1495.7 |    1450.7 |    1502.9
     949   1496.0 |    1450.8 |    1503.2
     950   1496.3 |    1450.9 |    1503.6
     951   1496.4 |    1451.1 |    1503.9
     952   1497.2 |    1455.0 |    1504.3
     953   1498.1 |    1457.6 |    1508.9
     954   1498.6 |    1459.4 |    1510.4
     955   1498.9 |    1488.0 |    1517.6
     956   1499.1 |    1490.0 |    1518.1
     957   1499.1 |    1509.3 |    1518.4
     958   1499.3 |    1509.9 |    1519.1
     959   1500.6 |    1509.9 |    1520.5
     960   1500.6 |    1512.5 |    1522.6
     961   1501.0 |    1513.2 |    1522.7
     962   1501.1 |    1513.9 |    1523.2
     963   1501.2 |    1514.2 |    1523.2
     964   1501.4 |    1514.2 |    1523.2
     965   1501.4 |    1514.4 |    1524.0
     966   1501.5 |    1529.8 |    1524.6
     967   1501.5 |    1532.0 |    1525.1
     968   1501.6 |    1539.3 |    1525.6
     969   1501.7 |    1541.7 |    1526.0
     970   1501.9 |    1572.5 |    1526.5
     971   1502.1 |    1572.6 |    1527.3
     972   1503.2 |    1572.9 |    1527.9
     973   1503.9 |    1577.9 |    1530.1
     974   1505.2 |    1580.1 |    1531.2
     975   1505.8 |    1581.7 |    1535.0
     976   1506.1 |    1583.9 |    1543.2
     977   1506.5 |    1584.1 |    1546.6
     978   1506.8 |    1587.1 |    1549.6
     979   1506.9 |    1737.0 |    1552.2
     980   1507.1 |    1738.0 |    1552.6
     981   1507.5 |    1739.3 |    1555.3
     982   1507.5 |    1740.0 |    1558.5
     983   1507.7 |    1740.3 |    1560.4
     984   1507.8 |    1740.6 |    1564.2
     985   1508.1 |    1741.5 |    1565.4
     986   1508.1 |    1744.2 |    1566.0
     987   1508.4 |    1745.3 |    1566.3
     988   1508.6 |    1818.0 |    1567.8
     989   1508.6 |    1822.0 |    1574.8
     990   1508.7 |    1822.0 |    1577.2
     991   1508.8 |    1842.0 |    1579.2
     992   1509.0 |    1853.0 |    1579.8
     993   1509.0 |    1860.8 |    1580.4
     994   1509.1 |    1873.1 |    1581.0
     995   1509.2 |    1920.1 |    1587.0
     996   1509.3 |    1926.2 |    1590.2
     997   1509.8 |    1928.4 |    1591.6
     998   1510.1 |    1937.3 |    1597.0
     999   1510.4 |    1946.8 |    1598.8
    1000   1510.5 |    1947.5 |    1598.9
    1001   1510.6 |    1956.4 |    1608.2
    1002   1511.1 |    1962.7 |    1614.8
    1003   1511.5 |    1979.0 |    1623.5
    1004   1511.6 |    1989.5 |    1632.2
    1005   1512.2 |    1990.0 |    1645.4
    1006   1512.3 |    1992.4 |    1653.5
    1007   1512.5 |    1993.2 |    1666.3
    1008   1512.5 |    2252.5 |    1667.7
    1009   1512.7 |    2254.0 |    1677.6
    1010   1512.8 |    2255.1 |    1801.5
    1011   1512.9 |    2257.2 |    1923.4
    1012   1513.6 |    2259.0 |    2638.5
    1013   1513.7 |    2260.2 |    2639.0
    1014   1514.8 |    2260.4 |    2639.6
    1015   1514.9 |    2260.4 |    2639.7
    1016   1515.1 |    2261.1 |    2640.0
    1017   1515.1 |    2877.1 |    2640.2
    1018   1515.2 |    2877.3 |    2640.6
    1019   1515.4 |    2878.0 |    2641.2
    1020   1516.0 |    2879.0 |    2642.6
    1021   1516.8 |    2880.8 |    2643.7
    1022   1517.7 |    2881.8 |    2644.0
    1023   1517.7 |    2882.3 |    2644.3
    1024   1518.9 |    2882.7 |    2644.3
    1025   1530.9 |    2883.4 |    2644.9
    1026   1531.4 |    2883.6 |    2645.3
    1027   1532.4 |    2883.9 |    2645.9
    1028   1535.3 |    2883.9 |    2646.0
    1029   1536.6 |    2883.9 |    2646.3
    1030   1536.9 |    2884.1 |    2646.6
    1031   1537.1 |    2884.1 |    2647.0
    1032   1538.0 |    2884.2 |    2647.0
    1033   1538.1 |    2884.3 |    2647.1
    1034   1613.2 |    2884.3 |    2647.2
    1035   1613.2 |    2884.6 |    2647.5
    1036   1628.5 |    2884.6 |    2647.7
    1037   1629.2 |    2884.8 |    2647.8
    1038   1642.4 |    2884.9 |    2647.9
    1039   1682.8 |    2885.0 |    2648.4
    1040   1684.2 |    2886.1 |    2648.6
    1041   1685.6 |    2886.7 |    2648.8
    1042   1685.8 |    2887.0 |    2650.3
    1043   1686.0 |    2887.1 |    2650.5
    1044   1686.7 |    2887.2 |    2651.1
    1045   1689.1 |    2887.2 |    2651.2
    1046   1689.1 |    2887.5 |    2651.5
    1047   1691.2 |    2888.0 |    2652.0
    1048   1910.4 |    2888.1 |    2652.1
    1049   1910.8 |    2888.7 |    2652.1
    1050   1912.0 |    2888.9 |    2652.2
    1051   1920.3 |    2889.3 |    2652.4
    1052   1930.6 |    2889.4 |    2652.4
    1053   1935.1 |    2889.8 |    2654.0
    1054   1965.2 |    2890.2 |    2654.4
    1055   1970.5 |    2890.2 |    2655.4
    1056   1972.9 |    2890.3 |    2655.6
    1057   2073.0 |    2890.3 |    2655.7
    1058   2077.7 |    2890.4 |    2657.6
    1059   2078.2 |    2890.6 |    2658.5
    1060   2082.2 |    2890.7 |    2662.3
    1061   2086.6 |    2890.8 |    2662.7
    1062   2096.5 |    2891.4 |    2664.0
    1063   2096.9 |    2891.9 |    2666.7
    1064   2097.0 |    2895.2 |    2666.9
    1065   2101.4 |    2896.3 |    2672.7
    1066   2313.1 |    2896.9 |    2684.8
    1067   2314.9 |    2896.9 |    2685.4
    1068   2316.1 |    2897.6 |    2686.4
    1069   2317.4 |    2897.9 |    2686.5
    1070   2319.9 |    2898.3 |    2686.8
    1071   2320.5 |    2898.5 |    2686.8
    1072   2320.8 |    2898.5 |    2688.5
    1073   2321.0 |    2898.8 |    2689.6
    1074   2321.4 |    2899.0 |    2693.5
    1075   3022.9 |    2900.0 |    2694.9
    1076   3027.5 |    2902.3 |    2697.2
    1077   3028.7 |    2904.5 |    2699.2
    1078   3029.6 |    2905.1 |    2717.0
    1079   3029.6 |    2905.3 |    2717.1
    1080   3031.2 |    2906.7 |    2717.9
    1081   3031.8 |    2907.5 |    2718.9
    1082   3032.3 |    2908.0 |    2719.2
    1083   3034.1 |    2909.5 |    2719.4
    1084   3034.1 |    2910.8 |    2719.7
    1085   3034.2 |    2911.1 |    2719.7
    1086   3034.6 |    2911.7 |    2721.6
    1087   3034.8 |    2912.5 |    2723.0
    1088   3035.0 |    2913.5 |    2723.7
    1089   3035.2 |    2913.5 |    2725.2
    1090   3035.4 |    2914.1 |    2726.5
    1091   3035.7 |    2915.1 |    2726.7
    1092   3036.6 |    2917.0 |    2727.3
    1093   3036.7 |    2917.3 |    2728.6
    1094   3037.9 |    2917.7 |    2731.4
    1095   3038.5 |    2918.7 |    2731.7
    1096   3039.7 |    2920.6 |    2732.3
    1097   3040.3 |    2920.7 |    2734.2
    1098   3040.4 |    2921.2 |    2736.3
    1099   3041.9 |    2922.5 |    2737.1
    1100   3042.0 |    2924.7 |    2737.5
    1101   3042.3 |    2926.9 |    2737.9
    1102   3042.3 |    2926.9 |    2739.7
    1103   3042.3 |    2927.5 |    2739.8
    1104   3042.8 |    2928.2 |    2741.3
    1105   3044.1 |    2928.5 |    2741.8
    1106   3044.3 |    2930.2 |    2742.3
    1107   3045.0 |    2930.4 |    2742.9
    1108   3045.8 |    2933.5 |    2743.1
    1109   3046.4 |    2934.3 |    2743.7
    1110   3047.0 |    2940.1 |    2743.7
    1111   3047.4 |    2940.5 |    2744.6
    1112   3047.6 |    2941.1 |    2744.9
    1113   3048.4 |    2964.3 |    2745.1
    1114   3049.5 |    2965.6 |    2745.3
    1115   3050.4 |    2965.6 |    2745.4
    1116   3050.8 |    2965.6 |    2745.6
    1117   3051.0 |    2965.9 |    2745.7
    1118   3051.2 |    2966.3 |    2745.8
    1119   3051.4 |    2966.6 |    2746.3
    1120   3051.5 |    2966.7 |    2746.5
    1121   3052.0 |    2967.3 |    2747.2
    1122   3052.1 |    2967.7 |    2748.2
    1123   3052.4 |    2967.8 |    2748.3
    1124   3052.4 |    2968.0 |    2748.5
    1125   3052.5 |    2968.1 |    2749.3
    1126   3052.5 |    2968.3 |    2749.3
    1127   3052.5 |    2968.4 |    2750.3
    1128   3053.2 |    2968.5 |    2750.8
    1129   3053.2 |    2968.9 |    2751.1
    1130   3053.2 |    2969.0 |    2751.2
    1131   3053.3 |    2969.2 |    2751.6
    1132   3053.7 |    2969.2 |    2751.6
    1133   3054.0 |    2969.2 |    2751.8
    1134   3054.2 |    2969.3 |    2751.9
    1135   3054.9 |    2969.5 |    2752.3
    1136   3055.3 |    2969.5 |    2752.4
    1137   3055.9 |    2969.6 |    2752.5
    1138   3055.9 |    2970.0 |    2752.8
    1139   3056.2 |    2970.5 |    2753.1
    1140   3056.4 |    2970.7 |    2753.2
    1141   3056.5 |    2970.8 |    2753.4
    1142   3056.5 |    2971.0 |    2753.7
    1143   3057.1 |    2971.3 |    2754.0
    1144   3057.3 |    2971.3 |    2755.0
    1145   3057.5 |    2972.1 |    2755.1
    1146   3057.5 |    2972.5 |    2755.3
    1147   3057.8 |    2972.6 |    2755.5
    1148   3058.0 |    2974.1 |    2756.1
    1149   3058.1 |    2974.8 |    2757.2
    1150   3058.3 |    2976.5 |    2757.8
    1151   3059.6 |    2977.0 |    2758.0
    1152   3059.8 |    2978.2 |    2758.2
    1153   3059.8 |    2978.5 |    2759.0
    1154   3060.3 |    2978.5 |    2759.7
    1155   3060.5 |    2979.1 |    2760.3
    1156   3060.8 |    2980.3 |    2760.6
    1157   3061.3 |    2980.5 |    2760.9
    1158   3061.4 |    2980.6 |    2761.0
    1159   3061.6 |    2981.0 |    2761.1
    1160   3061.8 |    2981.1 |    2761.2
    1161   3062.4 |    2981.4 |    2761.5
    1162   3062.5 |    2981.4 |    2761.8
    1163   3062.6 |    2981.6 |    2761.9
    1164   3063.2 |    2982.0 |    2761.9
    1165   3063.5 |    2982.2 |    2762.0
    1166   3064.1 |    2984.0 |    2762.2
    1167   3065.4 |    2984.0 |    2762.8
    1168   3066.1 |    2984.3 |    2763.2
    1169   3066.4 |    2984.4 |    2763.3
    1170   3068.3 |    2985.8 |    2763.8
    1171   3093.6 |    2986.1 |    2764.0
    1172   3093.7 |    2986.1 |    2764.6
    1173   3095.5 |    2986.4 |    2764.7
    1174   3095.7 |    2986.6 |    2765.5
    1175   3095.8 |    2986.7 |    2765.7
    1176   3095.9 |    2986.7 |    2765.8
    1177   3096.0 |    2986.9 |    2766.0
    1178   3098.0 |    2987.3 |    2766.6
    1179   3098.4 |    2987.5 |    2766.7
    1180   3098.8 |    2988.0 |    2767.2
    1181   3099.3 |    2988.6 |    2767.3
    1182   3099.7 |    2989.1 |    2767.3
    1183   3099.7 |    2989.2 |    2768.0
    1184   3100.2 |    2991.0 |    2768.1
    1185   3100.6 |    2991.1 |    2768.2
    1186   3100.9 |    2991.5 |    2768.7
    1187   3101.2 |    2992.2 |    2769.4
    1188   3101.3 |    2992.5 |    2769.9
    1189   3101.5 |    2992.7 |    2770.5
    1190   3102.6 |    2993.7 |    2771.1
    1191   3102.8 |    2994.6 |    2771.2
    1192   3103.2 |    2996.8 |    2771.8
    1193   3104.2 |    2997.4 |    2771.9
    1194   3104.3 |    2997.6 |    2771.9
    1195   3104.5 |    2998.0 |    2772.0
    1196   3107.2 |    2998.3 |    2773.5
    1197   3109.4 |    2998.5 |    2773.6
    1198   3109.6 |    2998.8 |    2775.3
    1199   3109.8 |    2999.0 |    2776.4
    1200   3111.8 |    2999.3 |    2778.0
    1201   3113.3 |    2999.6 |    2778.5
    1202   3113.8 |    3000.9 |    2781.6
    1203   3114.0 |    3001.1 |    2782.2
    1204   3114.5 |    3002.2 |    2783.6
    1205   3114.6 |    3002.7 |    2783.9
    1206   3114.8 |    3003.0 |    2784.0
    1207   3114.8 |    3003.0 |    2786.0
    1208   3115.2 |    3003.2 |    2787.6
    1209   3115.9 |    3004.1 |    2790.1
    1210   3115.9 |    3004.1 |    2794.6
    1211   3116.0 |    3004.2 |    2802.5
    1212   3117.2 |    3004.9 |    2809.3
    1213   3117.4 |    3006.7 |    2812.4
    1214   3117.8 |    3006.9 |    2812.6
    1215   3117.8 |    3007.5 |    2818.3
    1216   3118.0 |    3008.0 |    3073.8
    1217   3118.1 |    3008.0 |    3075.5
    1218   3118.1 |    3008.3 |    3076.2
    1219   3118.4 |    3009.3 |    3082.3
    1220   3118.7 |    3010.7 |    3085.5
    1221   3119.0 |    3011.8 |    3085.8
    1222   3119.1 |    3012.1 |    3088.6
    1223   3119.4 |    3012.5 |    3091.8
    1224   3119.5 |    3013.5 |    3096.1
    1225   3119.5 |    3014.8 |    3096.4
    1226   3119.5 |    3015.2 |    3100.9
    1227   3119.6 |    3016.4 |    3101.8
    1228   3120.0 |    3017.4 |    3107.9
    1229   3120.3 |    3017.6 |    3108.2
    1230   3120.3 |    3054.8 |    3114.4
    1231   3120.4 |    3060.1 |    3130.1
    1232   3120.7 |    3066.9 |    3133.6
    1233   3120.9 |    3067.4 |    3138.6
    1234   3121.2 |    3067.6 |    3138.9
    1235   3121.4 |    3067.6 |    3139.2
    1236   3122.8 |    3069.0 |    3140.0
    1237   3122.8 |    3069.0 |    3140.0
    1238   3122.9 |    3071.2 |    3140.1
    1239   3123.2 |    3071.3 |    3140.1
    1240   3124.2 |    3071.8 |    3140.7
    1241   3125.3 |    3071.9 |    3140.8
    1242   3127.8 |    3072.6 |    3141.4
    1243   3132.0 |    3076.8 |    3149.1
    1244   3133.7 |    3077.2 |    3150.2
    1245   3133.7 |    3077.3 |    3151.0
    1246   3135.4 |    3079.4 |    3151.1
    1247   3136.6 |    3080.5 |    3151.6
    1248   3136.6 |    3083.5 |    3151.7
    1249   3137.7 |    3169.3 |    3152.2
    1250   3140.2 |    3170.2 |    3152.2
    1251   3141.3 |    3171.2 |    3152.3
    1252   3141.6 |    3172.5 |    3152.3
    1253   3141.7 |    3175.9 |    3194.0
    1254   3142.4 |    3176.0 |    3199.2
    1255   3142.8 |    3176.2 |    3199.7
    1256   3143.1 |    3187.2 |    3205.8
    1257   3143.6 |    3214.9 |    3212.7
    1258   3148.7 |    3694.8 |    3221.5
    1259   3150.1 |    3695.2 |    3226.5
    1260   3150.1 |    3695.2 |    3275.5
    1261   3150.9 |    3695.8 |    3397.3
  -----------------------------------------------------------------
    RMSD          |     258.1 |     227.9
     MAE          |     111.8 |     101.2
===================================================================



====================================================
  TIMING [JAX (gpu) + MM3 + optax:adam + L2(λ=0.01)]
====================================================
  Optimization S               298.28 s
  Function Evaluations             2001
  Per Evaluation S             149.1 ms
====================================================


