
====================================================
  SUMMARY [JAX (gpu) + MM3 + Optax Adam]
====================================================
  RMSD (cm⁻¹):       259.9 → 210.4
  Score:             91.481736 → 65.738072  (+28.1%)
  Function evals:    2001
  Wall time:         421.3s
  Scipy converged:   False
  Scipy message:     Max steps (2000) reached
====================================================



======================================================
  FREQUENCY PROGRESSION [JAX (gpu) + MM3 + Optax Adam]
======================================================
    Mode   QM ref |   QFUERZA | Optimized
  ----------------------------------------------------
       1     50.1 |      51.7 |      50.1
       2     53.0 |      56.5 |      51.9
       3     54.4 |      56.7 |      54.1
       4     56.2 |      59.5 |      54.3
       5     56.5 |      64.0 |      54.8
       6     57.0 |      64.2 |      55.5
       7     57.9 |      64.5 |      59.0
       8     59.4 |      69.5 |      59.9
       9     61.9 |      70.9 |      60.3
      10     63.5 |      74.0 |      63.4
      11     64.8 |      74.1 |      65.5
      12     65.4 |      78.1 |      66.1
      13     66.5 |      80.7 |      66.8
      14     67.1 |      82.4 |      66.9
      15     70.5 |      82.8 |      71.3
      16     70.5 |      84.3 |      72.4
      17     71.6 |      86.3 |      73.1
      18     73.5 |      86.9 |      73.1
      19     73.7 |      88.6 |      74.7
      20     75.8 |      89.6 |      78.4
      21     76.4 |      90.1 |      80.3
      22     79.6 |      90.5 |      80.7
      23     80.8 |      90.6 |      82.2
      24     81.1 |      95.1 |      85.8
      25     81.4 |      95.3 |      86.7
      26     82.3 |      97.8 |      91.5
      27     82.4 |      98.7 |      92.0
      28     82.6 |     100.6 |      94.0
      29     83.1 |     105.0 |      94.6
      30     83.2 |     107.9 |      94.8
      31     83.3 |     108.3 |      95.4
      32     86.9 |     110.5 |      95.4
      33     87.2 |     110.9 |      97.9
      34     87.5 |     111.3 |      98.7
      35     87.7 |     115.5 |     101.7
      36     88.2 |     116.6 |     104.6
      37     89.3 |     118.8 |     105.8
      38     92.2 |     120.6 |     107.8
      39     92.3 |     121.6 |     108.1
      40     92.5 |     122.3 |     109.8
      41     93.7 |     124.3 |     111.4
      42     96.3 |     126.2 |     113.3
      43     97.0 |     129.2 |     113.8
      44    101.6 |     129.7 |     114.0
      45    103.3 |     131.1 |     117.2
      46    103.6 |     134.2 |     119.2
      47    105.0 |     136.3 |     119.2
      48    108.7 |     136.8 |     119.4
      49    108.9 |     136.9 |     120.1
      50    110.4 |     137.2 |     121.3
      51    115.0 |     138.8 |     124.7
      52    116.1 |     138.8 |     124.8
      53    116.6 |     139.1 |     126.0
      54    117.8 |     140.2 |     126.9
      55    118.0 |     142.7 |     128.8
      56    118.2 |     144.4 |     131.3
      57    119.5 |     144.4 |     131.6
      58    120.4 |     144.9 |     132.6
      59    122.2 |     145.9 |     132.8
      60    123.8 |     146.2 |     133.8
      61    124.5 |     149.4 |     134.0
      62    125.3 |     151.5 |     134.2
      63    126.2 |     152.6 |     137.2
      64    126.7 |     152.6 |     139.9
      65    128.2 |     154.6 |     140.5
      66    129.0 |     157.4 |     140.5
      67    130.4 |     157.6 |     141.0
      68    130.7 |     160.2 |     141.9
      69    131.8 |     160.8 |     142.0
      70    132.7 |     161.6 |     142.9
      71    133.4 |     161.9 |     146.7
      72    135.7 |     161.9 |     147.3
      73    138.3 |     163.4 |     147.6
      74    139.7 |     164.1 |     148.6
      75    141.2 |     164.4 |     149.9
      76    141.4 |     167.9 |     149.9
      77    141.6 |     168.5 |     150.8
      78    143.5 |     170.4 |     151.6
      79    144.9 |     170.7 |     153.8
      80    147.2 |     171.2 |     154.1
      81    150.4 |     174.8 |     155.0
      82    151.2 |     175.8 |     155.7
      83    151.6 |     176.5 |     155.9
      84    152.9 |     178.1 |     157.0
      85    154.8 |     179.4 |     157.4
      86    156.7 |     179.8 |     159.9
      87    157.1 |     180.1 |     160.8
      88    160.0 |     182.3 |     164.6
      89    160.9 |     182.7 |     167.7
      90    165.9 |     182.8 |     169.0
      91    166.7 |     183.6 |     169.2
      92    166.7 |     185.4 |     174.4
      93    167.7 |     186.6 |     177.3
      94    167.9 |     188.6 |     177.5
      95    168.9 |     189.0 |     178.9
      96    169.9 |     190.8 |     179.1
      97    171.8 |     191.0 |     180.0
      98    173.5 |     192.2 |     180.4
      99    173.9 |     192.8 |     181.5
     100    174.6 |     192.8 |     181.6
     101    175.0 |     193.9 |     185.6
     102    176.3 |     199.9 |     188.5
     103    180.5 |     201.5 |     190.4
     104    183.4 |     201.7 |     193.6
     105    186.9 |     204.0 |     194.0
     106    188.6 |     204.3 |     194.4
     107    189.6 |     204.9 |     196.7
     108    190.8 |     205.2 |     198.8
     109    191.8 |     205.9 |     199.8
     110    192.6 |     208.0 |     200.8
     111    192.8 |     208.0 |     201.0
     112    193.0 |     208.2 |     201.6
     113    193.3 |     208.3 |     203.9
     114    193.6 |     210.3 |     205.6
     115    194.4 |     210.6 |     205.7
     116    196.4 |     211.4 |     208.1
     117    197.6 |     212.8 |     208.6
     118    198.3 |     217.6 |     208.9
     119    200.0 |     217.8 |     209.0
     120    204.1 |     218.0 |     213.1
     121    204.6 |     219.7 |     214.7
     122    205.7 |     221.9 |     214.9
     123    206.4 |     224.2 |     215.3
     124    207.4 |     224.7 |     215.5
     125    207.8 |     226.6 |     217.5
     126    210.0 |     227.2 |     218.3
     127    210.4 |     227.4 |     219.6
     128    211.5 |     233.0 |     221.8
     129    212.0 |     233.8 |     226.5
     130    212.8 |     234.9 |     228.4
     131    213.0 |     240.9 |     228.5
     132    213.4 |     241.6 |     228.5
     133    213.5 |     242.6 |     232.3
     134    213.9 |     250.6 |     233.7
     135    214.3 |     255.9 |     233.9
     136    215.0 |     256.6 |     240.0
     137    215.8 |     256.8 |     241.9
     138    216.5 |     257.1 |     242.1
     139    216.6 |     260.5 |     242.5
     140    216.7 |     261.9 |     243.1
     141    220.1 |     262.4 |     244.1
     142    220.1 |     265.3 |     244.3
     143    220.6 |     267.2 |     245.4
     144    220.7 |     269.7 |     245.4
     145    222.4 |     270.8 |     246.0
     146    223.5 |     272.6 |     246.4
     147    223.8 |     273.0 |     246.5
     148    226.5 |     274.9 |     249.0
     149    227.0 |     276.7 |     249.5
     150    228.2 |     278.2 |     250.3
     151    229.3 |     278.7 |     251.2
     152    232.6 |     278.8 |     251.3
     153    233.0 |     283.1 |     253.0
     154    233.3 |     283.4 |     253.5
     155    234.0 |     284.2 |     254.0
     156    234.4 |     285.4 |     254.3
     157    234.6 |     287.6 |     254.6
     158    235.3 |     289.2 |     255.9
     159    236.1 |     293.4 |     260.9
     160    236.5 |     294.2 |     261.1
     161    237.3 |     295.2 |     264.2
     162    237.3 |     296.1 |     264.7
     163    240.6 |     297.0 |     266.0
     164    240.8 |     298.0 |     268.1
     165    240.9 |     300.7 |     270.0
     166    241.2 |     301.0 |     271.7
     167    242.1 |     302.6 |     271.8
     168    244.6 |     306.5 |     271.9
     169    244.8 |     307.9 |     273.7
     170    245.8 |     311.3 |     273.8
     171    246.0 |     311.9 |     274.4
     172    246.2 |     313.3 |     274.8
     173    246.6 |     314.4 |     275.6
     174    247.2 |     315.7 |     280.4
     175    248.1 |     317.1 |     285.0
     176    249.0 |     317.3 |     285.0
     177    249.6 |     320.2 |     286.3
     178    250.0 |     322.1 |     286.3
     179    250.3 |     322.2 |     286.9
     180    250.6 |     326.3 |     287.0
     181    251.1 |     335.0 |     287.3
     182    251.8 |     336.4 |     287.8
     183    251.9 |     339.4 |     287.9
     184    253.0 |     342.5 |     293.6
     185    253.1 |     346.7 |     293.7
     186    253.5 |     347.2 |     293.9
     187    253.6 |     350.3 |     298.1
     188    253.8 |     350.8 |     299.9
     189    255.4 |     355.0 |     301.1
     190    255.6 |     358.3 |     303.6
     191    256.2 |     361.7 |     304.0
     192    257.9 |     364.1 |     304.4
     193    258.8 |     364.9 |     304.8
     194    259.9 |     365.6 |     305.3
     195    260.4 |     365.9 |     306.3
     196    261.3 |     366.3 |     306.7
     197    262.6 |     367.1 |     306.8
     198    264.3 |     368.3 |     309.2
     199    264.8 |     371.5 |     310.7
     200    265.2 |     374.5 |     311.7
     201    266.4 |     375.7 |     312.5
     202    266.5 |     375.9 |     313.6
     203    267.2 |     385.8 |     318.2
     204    269.2 |     386.3 |     318.3
     205    270.0 |     386.9 |     318.6
     206    270.3 |     388.0 |     319.8
     207    273.3 |     390.1 |     321.5
     208    274.8 |     391.8 |     322.0
     209    275.0 |     394.3 |     322.1
     210    275.3 |     396.3 |     323.8
     211    276.9 |     397.8 |     325.4
     212    279.6 |     398.5 |     328.8
     213    280.1 |     399.9 |     329.3
     214    282.1 |     400.7 |     336.2
     215    282.2 |     401.0 |     336.5
     216    283.5 |     402.8 |     339.2
     217    283.8 |     404.6 |     339.4
     218    284.0 |     405.1 |     342.1
     219    285.3 |     408.8 |     342.9
     220    288.2 |     410.5 |     344.4
     221    288.8 |     410.7 |     344.5
     222    289.2 |     412.4 |     345.0
     223    295.4 |     412.6 |     345.4
     224    303.5 |     413.1 |     346.6
     225    305.4 |     413.6 |     347.5
     226    307.3 |     415.7 |     349.5
     227    307.9 |     416.0 |     352.2
     228    323.1 |     416.6 |     352.2
     229    324.8 |     416.6 |     353.4
     230    327.0 |     420.1 |     354.8
     231    330.7 |     422.0 |     355.2
     232    330.8 |     424.5 |     358.1
     233    331.6 |     427.2 |     358.2
     234    332.0 |     427.9 |     358.3
     235    333.8 |     430.0 |     359.5
     236    334.7 |     431.3 |     361.1
     237    335.2 |     434.4 |     362.8
     238    337.2 |     434.4 |     363.1
     239    337.4 |     438.8 |     363.4
     240    337.6 |     439.3 |     368.7
     241    338.6 |     440.8 |     368.9
     242    339.2 |     441.5 |     370.5
     243    339.8 |     441.6 |     372.2
     244    343.6 |     449.6 |     373.2
     245    344.9 |     450.0 |     373.5
     246    348.8 |     451.0 |     373.7
     247    349.3 |     451.6 |     377.0
     248    356.3 |     455.1 |     378.1
     249    356.5 |     455.7 |     379.3
     250    357.2 |     456.0 |     379.4
     251    358.1 |     459.8 |     379.5
     252    360.7 |     462.9 |     384.4
     253    361.8 |     465.0 |     387.8
     254    362.0 |     465.7 |     388.1
     255    363.3 |     466.2 |     388.9
     256    364.2 |     470.1 |     389.7
     257    367.2 |     470.1 |     391.3
     258    372.0 |     470.5 |     393.2
     259    377.4 |     473.1 |     393.9
     260    378.0 |     473.4 |     397.7
     261    378.2 |     474.4 |     398.9
     262    378.9 |     475.4 |     399.9
     263    378.9 |     476.7 |     400.8
     264    379.0 |     477.4 |     401.7
     265    381.3 |     478.1 |     403.6
     266    381.6 |     478.2 |     403.6
     267    381.8 |     478.5 |     403.7
     268    382.9 |     480.1 |     406.0
     269    383.1 |     481.3 |     408.3
     270    388.0 |     481.5 |     408.6
     271    388.9 |     482.3 |     409.9
     272    390.7 |     483.4 |     410.6
     273    392.3 |     483.9 |     410.7
     274    398.8 |     486.7 |     411.6
     275    400.4 |     486.8 |     411.9
     276    401.3 |     488.0 |     412.4
     277    402.5 |     488.9 |     413.7
     278    403.0 |     489.1 |     415.8
     279    403.3 |     492.2 |     418.2
     280    404.0 |     494.2 |     418.4
     281    404.3 |     495.2 |     421.6
     282    404.6 |     497.1 |     423.4
     283    404.9 |     497.4 |     425.8
     284    417.7 |     500.7 |     426.1
     285    418.0 |     504.0 |     428.4
     286    421.2 |     505.2 |     428.7
     287    421.3 |     505.7 |     430.7
     288    423.0 |     506.2 |     431.8
     289    424.0 |     507.3 |     433.2
     290    424.4 |     509.3 |     433.5
     291    425.1 |     509.3 |     437.6
     292    426.7 |     509.8 |     443.4
     293    429.5 |     511.1 |     451.7
     294    431.0 |     511.7 |     454.5
     295    431.2 |     512.0 |     455.3
     296    432.8 |     513.6 |     459.0
     297    433.0 |     525.7 |     459.1
     298    433.8 |     526.8 |     464.7
     299    434.4 |     527.0 |     464.7
     300    434.6 |     529.1 |     465.2
     301    435.1 |     530.3 |     466.3
     302    444.5 |     531.7 |     466.4
     303    446.8 |     535.8 |     468.3
     304    455.0 |     540.0 |     469.1
     305    455.8 |     540.1 |     469.5
     306    456.3 |     540.8 |     470.8
     307    456.6 |     547.0 |     474.3
     308    458.3 |     547.0 |     475.1
     309    461.9 |     549.6 |     476.3
     310    462.9 |     551.5 |     477.2
     311    466.5 |     552.0 |     478.0
     312    467.1 |     553.1 |     478.3
     313    468.3 |     553.5 |     479.1
     314    472.8 |     554.6 |     479.7
     315    476.8 |     555.7 |     480.7
     316    478.3 |     558.3 |     480.8
     317    480.2 |     560.0 |     481.3
     318    480.5 |     560.4 |     481.4
     319    480.6 |     560.4 |     482.8
     320    481.2 |     561.8 |     482.9
     321    481.8 |     564.3 |     484.0
     322    482.6 |     565.9 |     487.3
     323    483.1 |     567.9 |     488.1
     324    483.4 |     576.2 |     489.2
     325    483.4 |     579.3 |     495.3
     326    484.6 |     580.8 |     495.5
     327    495.3 |     585.2 |     496.1
     328    496.8 |     587.4 |     496.5
     329    503.3 |     589.8 |     498.0
     330    505.9 |     592.2 |     500.4
     331    511.9 |     596.1 |     501.8
     332    512.7 |     596.3 |     506.7
     333    519.8 |     600.0 |     508.8
     334    532.2 |     600.5 |     509.1
     335    532.2 |     603.4 |     509.3
     336    539.2 |     607.5 |     509.6
     337    539.2 |     609.3 |     511.9
     338    539.2 |     610.4 |     513.0
     339    539.6 |     615.0 |     514.3
     340    540.0 |     616.8 |     515.1
     341    540.1 |     618.3 |     515.3
     342    540.5 |     622.8 |     515.5
     343    541.4 |     623.0 |     516.6
     344    541.5 |     623.0 |     519.4
     345    541.6 |     624.7 |     519.5
     346    548.7 |     626.6 |     521.0
     347    549.1 |     631.6 |     524.7
     348    569.4 |     633.7 |     527.9
     349    569.6 |     635.1 |     529.0
     350    569.6 |     636.1 |     531.9
     351    569.7 |     638.6 |     532.9
     352    569.8 |     639.4 |     533.4
     353    570.3 |     640.8 |     534.5
     354    570.6 |     641.5 |     535.7
     355    571.1 |     641.9 |     535.8
     356    571.3 |     643.6 |     536.1
     357    574.6 |     643.6 |     536.3
     358    575.5 |     645.7 |     539.0
     359    575.9 |     652.8 |     541.2
     360    576.9 |     654.7 |     542.2
     361    577.2 |     656.0 |     544.0
     362    577.4 |     657.7 |     545.1
     363    577.7 |     662.0 |     546.0
     364    577.9 |     662.1 |     546.2
     365    578.4 |     662.1 |     547.1
     366    593.1 |     664.3 |     548.7
     367    593.6 |     667.5 |     550.0
     368    594.8 |     671.1 |     551.3
     369    595.4 |     671.2 |     553.5
     370    597.1 |     672.2 |     554.2
     371    597.5 |     673.0 |     554.5
     372    597.7 |     674.8 |     554.6
     373    598.1 |     675.7 |     556.7
     374    598.7 |     677.2 |     557.5
     375    598.7 |     677.8 |     557.7
     376    598.9 |     678.6 |     562.4
     377    599.0 |     680.3 |     564.7
     378    599.2 |     684.2 |     565.2
     379    599.3 |     684.5 |     568.7
     380    600.9 |     686.0 |     585.6
     381    609.0 |     686.7 |     589.6
     382    611.7 |     689.9 |     592.5
     383    612.5 |     694.1 |     600.8
     384    614.0 |     696.8 |     619.4
     385    616.4 |     697.3 |     620.7
     386    618.3 |     697.4 |     621.2
     387    618.5 |     698.2 |     621.3
     388    620.5 |     701.3 |     624.0
     389    620.7 |     702.6 |     627.1
     390    621.4 |     704.8 |     628.4
     391    627.1 |     717.8 |     629.4
     392    629.7 |     717.9 |     639.8
     393    630.0 |     723.5 |     644.8
     394    630.1 |     729.2 |     652.9
     395    633.5 |     733.9 |     653.9
     396    633.6 |     734.7 |     654.2
     397    635.1 |     742.1 |     656.8
     398    635.8 |     742.3 |     659.7
     399    640.5 |     744.4 |     660.2
     400    640.8 |     744.6 |     660.6
     401    642.8 |     747.3 |     662.4
     402    643.0 |     755.5 |     663.5
     403    653.8 |     756.7 |     665.8
     404    655.2 |     757.5 |     668.7
     405    658.0 |     758.1 |     671.3
     406    658.1 |     776.9 |     672.9
     407    659.3 |     777.4 |     673.9
     408    661.7 |     778.0 |     674.8
     409    662.6 |     779.3 |     678.0
     410    666.3 |     779.5 |     678.5
     411    666.6 |     780.2 |     679.0
     412    667.0 |     781.5 |     680.2
     413    684.5 |     781.7 |     680.6
     414    684.7 |     781.9 |     681.4
     415    685.9 |     781.9 |     688.1
     416    687.0 |     783.2 |     688.4
     417    687.7 |     783.3 |     690.2
     418    689.6 |     783.4 |     691.1
     419    692.3 |     783.6 |     695.5
     420    693.7 |     785.5 |     696.9
     421    694.6 |     785.7 |     697.0
     422    695.7 |     786.2 |     698.4
     423    695.9 |     786.5 |     701.7
     424    698.5 |     786.6 |     706.0
     425    700.9 |     786.8 |     707.0
     426    702.2 |     790.3 |     707.8
     427    702.4 |     792.4 |     709.7
     428    702.9 |     792.6 |     713.1
     429    705.3 |     793.2 |     715.3
     430    712.4 |     795.0 |     720.0
     431    712.5 |     797.5 |     725.2
     432    715.4 |     797.8 |     737.5
     433    717.1 |     798.4 |     738.9
     434    717.6 |     799.1 |     741.7
     435    718.5 |     806.8 |     742.9
     436    719.1 |     808.2 |     744.7
     437    719.1 |     811.9 |     745.4
     438    724.3 |     812.9 |     745.6
     439    734.9 |     813.8 |     746.2
     440    736.3 |     814.4 |     747.6
     441    739.0 |     817.4 |     748.3
     442    740.5 |     817.5 |     750.2
     443    741.9 |     818.3 |     752.2
     444    742.9 |     820.0 |     753.0
     445    743.5 |     821.0 |     755.3
     446    743.6 |     821.4 |     757.1
     447    743.7 |     825.1 |     764.5
     448    744.4 |     825.2 |     768.0
     449    744.8 |     825.8 |     772.7
     450    745.2 |     829.3 |     773.7
     451    745.5 |     833.2 |     780.2
     452    746.5 |     833.3 |     781.4
     453    746.6 |     833.7 |     781.5
     454    747.1 |     833.8 |     782.2
     455    747.5 |     833.8 |     783.1
     456    747.5 |     834.0 |     783.3
     457    748.8 |     834.8 |     784.0
     458    769.7 |     835.1 |     785.0
     459    780.5 |     835.4 |     786.6
     460    780.9 |     835.5 |     786.9
     461    801.4 |     835.7 |     788.7
     462    806.4 |     835.8 |     789.0
     463    807.1 |     836.0 |     789.6
     464    810.5 |     836.1 |     789.7
     465    812.7 |     836.2 |     793.0
     466    815.2 |     836.7 |     793.5
     467    815.5 |     836.9 |     795.3
     468    815.7 |     836.9 |     796.5
     469    820.1 |     837.1 |     799.3
     470    821.9 |     837.2 |     799.4
     471    823.5 |     837.3 |     800.7
     472    828.7 |     837.7 |     801.7
     473    830.3 |     837.7 |     803.9
     474    830.7 |     837.9 |     804.5
     475    831.1 |     837.9 |     805.1
     476    831.9 |     838.1 |     807.4
     477    832.6 |     838.2 |     825.4
     478    832.7 |     839.5 |     827.6
     479    833.9 |     839.9 |     828.2
     480    834.2 |     840.9 |     828.5
     481    834.7 |     846.9 |     828.7
     482    835.0 |     847.2 |     828.8
     483    835.3 |     847.9 |     829.5
     484    835.3 |     851.5 |     829.7
     485    838.2 |     852.5 |     830.5
     486    838.4 |     857.6 |     833.1
     487    842.3 |     858.5 |     833.6
     488    844.0 |     859.3 |     834.3
     489    846.4 |     859.6 |     834.5
     490    855.7 |     859.9 |     834.9
     491    855.9 |     860.0 |     836.0
     492    855.9 |     860.2 |     838.3
     493    856.6 |     860.3 |     845.2
     494    856.8 |     860.6 |     846.6
     495    856.8 |     860.7 |     847.9
     496    857.4 |     861.0 |     848.9
     497    857.7 |     861.3 |     849.7
     498    857.8 |     863.2 |     850.9
     499    858.4 |     863.3 |     851.1
     500    858.7 |     867.5 |     853.0
     501    859.2 |     868.1 |     854.5
     502    870.3 |     870.1 |     857.7
     503    870.8 |     871.9 |     859.0
     504    871.9 |     874.3 |     859.6
     505    880.1 |     876.1 |     865.4
     506    882.1 |     877.3 |     867.5
     507    882.7 |     879.1 |     869.2
     508    886.4 |     879.6 |     871.8
     509    887.0 |     880.0 |     873.3
     510    891.9 |     884.7 |     873.7
     511    896.6 |     884.8 |     877.3
     512    896.6 |     885.3 |     877.6
     513    897.5 |     885.9 |     878.5
     514    898.0 |     886.8 |     882.2
     515    900.1 |     888.1 |     882.9
     516    900.1 |     888.9 |     885.0
     517    900.5 |     889.4 |     886.7
     518    900.5 |     891.3 |     886.8
     519    901.3 |     901.6 |     887.1
     520    901.5 |     902.6 |     896.7
     521    901.6 |     903.9 |     897.9
     522    901.6 |     906.1 |     904.0
     523    902.4 |     909.0 |     904.3
     524    904.4 |     912.1 |     905.0
     525    905.4 |     912.6 |     905.0
     526    907.3 |     920.0 |     905.1
     527    929.7 |     920.3 |     905.7
     528    930.9 |     923.3 |     905.8
     529    930.9 |     924.8 |     905.9
     530    931.6 |     926.4 |     906.5
     531    931.8 |     929.9 |     906.5
     532    932.6 |     933.1 |     907.3
     533    932.7 |     935.9 |     907.7
     534    933.9 |     938.3 |     910.8
     535    935.1 |     940.4 |     910.9
     536    935.6 |     941.1 |     912.1
     537    936.1 |     942.8 |     912.3
     538    937.6 |     943.3 |     912.7
     539    939.1 |     943.9 |     912.7
     540    939.3 |     944.3 |     913.7
     541    939.6 |     944.3 |     913.7
     542    939.7 |     944.7 |     914.5
     543    940.4 |     944.9 |     914.9
     544    940.7 |     945.1 |     915.1
     545    941.6 |     945.7 |     915.4
     546    941.6 |     945.7 |     916.6
     547    942.1 |     946.3 |     916.8
     548    942.4 |     946.6 |     918.3
     549    942.8 |     946.7 |     932.2
     550    942.8 |     946.9 |     933.1
     551    945.4 |     947.4 |     948.8
     552    945.8 |     947.4 |     949.6
     553    947.1 |     948.2 |     951.7
     554    947.2 |     948.3 |     965.7
     555    947.4 |     949.1 |     969.3
     556    947.7 |     949.2 |     970.7
     557    948.0 |     949.9 |     972.6
     558    948.1 |     950.1 |     974.6
     559    948.4 |     950.4 |     975.8
     560    948.5 |     950.4 |     976.2
     561    948.6 |     951.8 |     979.6
     562    948.7 |     952.1 |     979.6
     563    949.6 |     952.8 |     979.9
     564    950.0 |     952.8 |     980.2
     565    958.3 |     953.0 |     981.0
     566    967.9 |     953.3 |     981.5
     567    967.9 |     954.3 |     983.3
     568    982.8 |     958.2 |     984.2
     569    983.8 |     959.3 |     985.9
     570    985.9 |     959.3 |     987.0
     571    987.4 |     960.0 |     987.2
     572    988.4 |     964.2 |     987.6
     573    989.2 |     964.4 |     987.9
     574    989.3 |     966.2 |     988.9
     575    991.8 |     966.4 |     989.2
     576    994.7 |     966.8 |     991.1
     577    998.7 |     968.2 |     992.4
     578    999.4 |     968.3 |     992.4
     579    999.9 |     969.2 |     995.7
     580   1000.2 |     969.7 |     996.3
     581   1000.5 |     969.9 |     996.6
     582   1001.0 |     970.0 |     996.8
     583   1001.2 |     971.4 |     998.1
     584   1001.7 |     973.0 |     998.3
     585   1001.7 |     973.3 |     999.7
     586   1002.0 |     977.4 |     999.9
     587   1002.2 |     986.6 |    1000.7
     588   1002.9 |     986.7 |    1001.8
     589   1002.9 |     989.6 |    1002.7
     590   1004.9 |     989.9 |    1002.9
     591   1005.5 |     990.7 |    1004.0
     592   1006.1 |     991.7 |    1004.3
     593   1006.8 |     992.3 |    1006.2
     594   1006.8 |     992.7 |    1006.2
     595   1007.2 |     993.0 |    1007.7
     596   1007.3 |     996.8 |    1008.8
     597   1008.3 |    1008.2 |    1010.4
     598   1008.5 |    1017.5 |    1011.5
     599   1009.5 |    1020.1 |    1015.0
     600   1009.9 |    1023.5 |    1015.2
     601   1009.9 |    1025.3 |    1015.2
     602   1010.0 |    1026.3 |    1015.5
     603   1011.1 |    1026.4 |    1015.7
     604   1011.3 |    1028.5 |    1016.3
     605   1011.7 |    1029.7 |    1019.2
     606   1012.9 |    1030.1 |    1019.3
     607   1013.4 |    1030.2 |    1019.5
     608   1014.8 |    1030.2 |    1021.6
     609   1015.0 |    1030.4 |    1023.1
     610   1015.3 |    1031.2 |    1023.4
     611   1015.4 |    1031.9 |    1033.1
     612   1016.5 |    1032.0 |    1033.2
     613   1018.9 |    1032.9 |    1034.0
     614   1019.7 |    1033.1 |    1035.0
     615   1020.1 |    1033.4 |    1035.1
     616   1025.5 |    1033.9 |    1036.9
     617   1025.5 |    1034.8 |    1039.0
     618   1025.8 |    1035.1 |    1039.7
     619   1026.9 |    1035.3 |    1041.5
     620   1028.2 |    1035.3 |    1041.9
     621   1028.4 |    1035.4 |    1042.9
     622   1028.7 |    1037.0 |    1045.4
     623   1029.3 |    1037.3 |    1052.3
     624   1029.9 |    1042.5 |    1053.5
     625   1030.8 |    1043.1 |    1055.1
     626   1031.7 |    1043.2 |    1057.0
     627   1031.8 |    1046.2 |    1058.7
     628   1032.6 |    1047.4 |    1059.2
     629   1032.8 |    1051.1 |    1060.7
     630   1033.4 |    1054.3 |    1060.9
     631   1033.6 |    1064.6 |    1061.1
     632   1035.0 |    1067.1 |    1061.4
     633   1036.6 |    1068.0 |    1063.6
     634   1037.0 |    1071.6 |    1064.8
     635   1043.3 |    1078.6 |    1065.4
     636   1043.8 |    1078.9 |    1065.6
     637   1043.8 |    1079.4 |    1065.9
     638   1045.7 |    1080.9 |    1067.7
     639   1061.1 |    1086.4 |    1068.1
     640   1061.5 |    1087.4 |    1069.1
     641   1065.4 |    1088.5 |    1071.3
     642   1065.6 |    1088.6 |    1071.3
     643   1072.9 |    1089.5 |    1073.0
     644   1074.5 |    1089.7 |    1074.2
     645   1074.7 |    1089.9 |    1076.5
     646   1075.0 |    1090.0 |    1077.5
     647   1075.4 |    1090.2 |    1077.8
     648   1076.5 |    1090.4 |    1078.6
     649   1076.9 |    1090.6 |    1080.1
     650   1078.2 |    1090.7 |    1081.2
     651   1079.0 |    1090.8 |    1085.7
     652   1080.3 |    1091.1 |    1087.5
     653   1083.1 |    1092.1 |    1087.6
     654   1085.7 |    1092.6 |    1088.4
     655   1089.9 |    1093.3 |    1089.2
     656   1090.1 |    1099.8 |    1089.8
     657   1092.1 |    1104.6 |    1092.9
     658   1092.6 |    1106.1 |    1095.9
     659   1094.1 |    1107.1 |    1100.3
     660   1094.6 |    1107.1 |    1101.5
     661   1095.9 |    1108.2 |    1108.6
     662   1096.3 |    1108.4 |    1109.5
     663   1096.4 |    1109.2 |    1113.1
     664   1096.7 |    1109.8 |    1115.4
     665   1097.0 |    1110.3 |    1115.8
     666   1097.4 |    1110.8 |    1118.8
     667   1098.0 |    1111.4 |    1121.4
     668   1098.9 |    1112.0 |    1123.3
     669   1099.0 |    1113.0 |    1133.3
     670   1099.0 |    1113.1 |    1133.5
     671   1099.2 |    1114.1 |    1136.1
     672   1101.4 |    1114.6 |    1137.3
     673   1101.5 |    1125.8 |    1139.9
     674   1101.8 |    1129.2 |    1141.3
     675   1102.5 |    1129.2 |    1143.7
     676   1103.0 |    1129.6 |    1144.3
     677   1103.1 |    1130.4 |    1144.9
     678   1104.1 |    1130.7 |    1146.6
     679   1117.6 |    1130.8 |    1148.5
     680   1118.0 |    1131.0 |    1148.5
     681   1118.4 |    1132.2 |    1149.0
     682   1120.1 |    1133.1 |    1149.4
     683   1121.5 |    1175.6 |    1149.6
     684   1122.2 |    1176.7 |    1151.1
     685   1123.5 |    1177.4 |    1156.1
     686   1126.8 |    1177.8 |    1156.3
     687   1127.7 |    1179.8 |    1156.4
     688   1127.8 |    1179.9 |    1156.8
     689   1129.2 |    1180.4 |    1157.3
     690   1129.6 |    1181.6 |    1157.7
     691   1130.5 |    1181.8 |    1157.7
     692   1132.4 |    1182.1 |    1158.2
     693   1133.0 |    1182.2 |    1159.9
     694   1138.5 |    1183.0 |    1160.7
     695   1138.9 |    1184.8 |    1161.4
     696   1139.2 |    1193.3 |    1163.0
     697   1139.4 |    1194.1 |    1167.8
     698   1139.5 |    1212.0 |    1168.8
     699   1139.9 |    1216.1 |    1171.5
     700   1140.4 |    1216.4 |    1174.5
     701   1140.9 |    1216.5 |    1179.0
     702   1141.7 |    1216.6 |    1179.5
     703   1141.9 |    1216.9 |    1184.4
     704   1142.0 |    1217.2 |    1185.2
     705   1142.2 |    1217.5 |    1185.3
     706   1142.3 |    1218.2 |    1185.5
     707   1143.4 |    1218.3 |    1186.9
     708   1149.7 |    1218.4 |    1188.2
     709   1164.2 |    1218.5 |    1188.4
     710   1164.7 |    1218.7 |    1190.5
     711   1164.7 |    1218.9 |    1191.5
     712   1165.0 |    1219.2 |    1191.9
     713   1173.9 |    1219.5 |    1192.3
     714   1175.2 |    1220.3 |    1192.4
     715   1176.6 |    1220.9 |    1192.5
     716   1178.7 |    1222.6 |    1192.5
     717   1185.3 |    1222.7 |    1214.2
     718   1185.7 |    1223.6 |    1215.6
     719   1186.3 |    1224.6 |    1217.9
     720   1186.4 |    1225.7 |    1220.2
     721   1186.9 |    1225.7 |    1222.4
     722   1186.9 |    1226.3 |    1222.7
     723   1188.1 |    1226.3 |    1223.4
     724   1188.4 |    1230.0 |    1226.8
     725   1192.5 |    1235.9 |    1227.5
     726   1192.6 |    1237.4 |    1228.4
     727   1192.9 |    1237.8 |    1228.4
     728   1193.1 |    1238.7 |    1228.9
     729   1201.2 |    1239.2 |    1229.7
     730   1201.9 |    1240.0 |    1230.6
     731   1202.9 |    1240.3 |    1232.3
     732   1204.1 |    1241.7 |    1233.0
     733   1204.2 |    1241.8 |    1234.5
     734   1204.4 |    1242.1 |    1235.5
     735   1204.7 |    1244.1 |    1235.7
     736   1204.8 |    1246.2 |    1236.5
     737   1204.8 |    1247.5 |    1236.7
     738   1205.6 |    1248.3 |    1237.7
     739   1205.8 |    1248.5 |    1238.2
     740   1225.0 |    1249.2 |    1238.5
     741   1225.1 |    1249.2 |    1239.5
     742   1225.2 |    1250.5 |    1240.6
     743   1225.9 |    1251.8 |    1240.7
     744   1226.0 |    1252.7 |    1240.9
     745   1226.0 |    1255.2 |    1241.7
     746   1226.4 |    1256.9 |    1244.3
     747   1227.0 |    1260.0 |    1245.4
     748   1227.1 |    1260.5 |    1247.3
     749   1227.5 |    1261.4 |    1251.9
     750   1227.6 |    1262.3 |    1253.2
     751   1230.1 |    1264.0 |    1255.1
     752   1264.1 |    1268.2 |    1256.7
     753   1264.7 |    1268.5 |    1256.8
     754   1268.8 |    1270.0 |    1257.8
     755   1268.8 |    1270.4 |    1258.3
     756   1269.4 |    1273.0 |    1261.2
     757   1269.7 |    1275.1 |    1264.2
     758   1270.7 |    1275.8 |    1268.4
     759   1271.0 |    1277.3 |    1271.9
     760   1273.6 |    1277.6 |    1272.3
     761   1280.4 |    1277.6 |    1282.9
     762   1281.0 |    1279.8 |    1284.5
     763   1281.3 |    1280.0 |    1287.9
     764   1281.7 |    1284.3 |    1288.0
     765   1282.2 |    1287.1 |    1289.0
     766   1282.8 |    1287.4 |    1289.4
     767   1286.2 |    1288.8 |    1289.9
     768   1286.9 |    1293.6 |    1290.1
     769   1288.2 |    1293.8 |    1292.7
     770   1288.3 |    1297.0 |    1293.2
     771   1288.3 |    1298.4 |    1293.9
     772   1289.8 |    1298.9 |    1294.2
     773   1289.9 |    1299.0 |    1294.3
     774   1290.1 |    1300.0 |    1294.7
     775   1292.1 |    1300.5 |    1295.0
     776   1292.6 |    1300.8 |    1295.5
     777   1292.6 |    1302.8 |    1295.8
     778   1293.4 |    1305.0 |    1296.8
     779   1295.3 |    1310.0 |    1298.9
     780   1295.9 |    1312.9 |    1298.9
     781   1296.1 |    1314.4 |    1299.6
     782   1296.1 |    1315.1 |    1299.8
     783   1296.3 |    1315.4 |    1299.9
     784   1297.2 |    1315.4 |    1300.3
     785   1297.3 |    1315.5 |    1301.3
     786   1297.7 |    1316.4 |    1301.7
     787   1297.9 |    1316.6 |    1301.9
     788   1298.2 |    1317.9 |    1302.3
     789   1299.0 |    1318.4 |    1302.5
     790   1300.4 |    1320.9 |    1303.0
     791   1301.8 |    1321.6 |    1305.3
     792   1302.1 |    1322.5 |    1306.0
     793   1310.7 |    1326.5 |    1307.0
     794   1311.6 |    1326.7 |    1307.1
     795   1313.4 |    1328.2 |    1307.2
     796   1314.0 |    1331.1 |    1307.9
     797   1316.1 |    1333.7 |    1308.3
     798   1316.5 |    1345.0 |    1309.1
     799   1316.5 |    1349.7 |    1309.2
     800   1316.6 |    1350.4 |    1309.6
     801   1316.9 |    1350.9 |    1310.8
     802   1316.9 |    1351.0 |    1311.1
     803   1317.6 |    1351.0 |    1316.7
     804   1318.1 |    1351.1 |    1317.4
     805   1318.1 |    1351.2 |    1322.0
     806   1318.1 |    1351.7 |    1324.1
     807   1318.2 |    1356.3 |    1325.5
     808   1318.7 |    1356.3 |    1325.7
     809   1319.5 |    1356.5 |    1326.2
     810   1320.0 |    1357.1 |    1326.9
     811   1320.7 |    1357.1 |    1328.4
     812   1321.3 |    1357.7 |    1329.8
     813   1322.0 |    1358.1 |    1333.1
     814   1323.8 |    1358.1 |    1334.7
     815   1323.8 |    1358.3 |    1335.1
     816   1324.5 |    1358.4 |    1335.3
     817   1324.7 |    1358.6 |    1340.6
     818   1325.4 |    1359.4 |    1341.3
     819   1326.8 |    1360.7 |    1343.2
     820   1328.3 |    1360.7 |    1343.2
     821   1328.4 |    1360.8 |    1344.2
     822   1329.1 |    1361.2 |    1347.6
     823   1330.2 |    1362.0 |    1347.7
     824   1332.6 |    1364.5 |    1350.0
     825   1334.0 |    1372.9 |    1355.1
     826   1342.8 |    1373.3 |    1355.2
     827   1343.8 |    1373.7 |    1356.4
     828   1344.7 |    1375.4 |    1356.7
     829   1344.8 |    1377.9 |    1357.0
     830   1345.3 |    1379.7 |    1357.2
     831   1346.9 |    1380.3 |    1357.6
     832   1357.5 |    1381.9 |    1358.7
     833   1358.0 |    1382.7 |    1360.1
     834   1358.6 |    1382.8 |    1360.5
     835   1359.6 |    1383.0 |    1360.7
     836   1360.5 |    1383.6 |    1361.0
     837   1360.6 |    1383.7 |    1361.4
     838   1361.1 |    1384.7 |    1362.5
     839   1361.2 |    1385.1 |    1363.1
     840   1361.7 |    1385.1 |    1363.5
     841   1362.3 |    1385.5 |    1363.7
     842   1362.7 |    1386.9 |    1363.8
     843   1363.1 |    1387.1 |    1363.9
     844   1363.1 |    1387.4 |    1364.8
     845   1363.2 |    1387.6 |    1364.8
     846   1363.4 |    1388.0 |    1365.0
     847   1363.4 |    1388.0 |    1365.2
     848   1365.0 |    1388.1 |    1366.2
     849   1365.0 |    1388.6 |    1366.6
     850   1365.2 |    1388.6 |    1367.9
     851   1365.5 |    1389.6 |    1368.6
     852   1365.6 |    1390.2 |    1369.6
     853   1366.0 |    1390.3 |    1370.1
     854   1366.0 |    1390.6 |    1370.3
     855   1366.8 |    1390.8 |    1370.3
     856   1366.8 |    1391.2 |    1371.2
     857   1366.9 |    1391.5 |    1371.2
     858   1367.5 |    1391.9 |    1371.8
     859   1367.6 |    1391.9 |    1372.1
     860   1367.7 |    1392.0 |    1372.5
     861   1367.7 |    1392.5 |    1373.6
     862   1368.0 |    1393.4 |    1374.1
     863   1369.6 |    1393.4 |    1374.9
     864   1370.0 |    1395.1 |    1375.0
     865   1370.4 |    1396.4 |    1375.8
     866   1370.5 |    1397.8 |    1377.1
     867   1371.2 |    1399.0 |    1380.0
     868   1371.3 |    1399.1 |    1381.0
     869   1371.5 |    1399.8 |    1381.6
     870   1372.6 |    1400.1 |    1382.8
     871   1398.6 |    1400.2 |    1384.8
     872   1399.4 |    1400.3 |    1386.9
     873   1399.5 |    1400.4 |    1386.9
     874   1399.5 |    1401.8 |    1387.5
     875   1399.6 |    1402.0 |    1389.4
     876   1399.6 |    1403.0 |    1389.9
     877   1400.1 |    1405.9 |    1391.0
     878   1400.5 |    1405.9 |    1391.4
     879   1400.7 |    1406.7 |    1394.4
     880   1426.2 |    1406.8 |    1395.5
     881   1426.4 |    1406.9 |    1395.5
     882   1427.9 |    1407.2 |    1398.7
     883   1428.6 |    1407.3 |    1399.3
     884   1429.1 |    1407.4 |    1400.5
     885   1429.4 |    1407.6 |    1401.1
     886   1429.8 |    1407.7 |    1401.5
     887   1430.5 |    1407.8 |    1402.6
     888   1430.7 |    1408.6 |    1403.6
     889   1430.8 |    1408.7 |    1405.5
     890   1431.1 |    1408.8 |    1407.3
     891   1431.6 |    1409.7 |    1407.3
     892   1431.6 |    1409.8 |    1407.6
     893   1431.8 |    1410.2 |    1408.7
     894   1432.0 |    1410.4 |    1408.8
     895   1432.1 |    1410.7 |    1409.3
     896   1432.2 |    1411.0 |    1409.6
     897   1433.0 |    1411.1 |    1412.1
     898   1433.1 |    1411.3 |    1414.7
     899   1433.4 |    1411.8 |    1415.0
     900   1433.4 |    1412.3 |    1415.1
     901   1433.7 |    1412.5 |    1417.5
     902   1433.8 |    1412.8 |    1417.8
     903   1434.5 |    1413.2 |    1417.9
     904   1458.6 |    1413.2 |    1420.1
     905   1459.2 |    1414.1 |    1423.5
     906   1460.9 |    1416.7 |    1423.7
     907   1461.0 |    1417.4 |    1423.8
     908   1461.3 |    1419.0 |    1424.4
     909   1462.0 |    1419.3 |    1425.7
     910   1464.7 |    1419.8 |    1434.6
     911   1466.1 |    1419.9 |    1438.2
     912   1466.1 |    1422.8 |    1440.4
     913   1466.6 |    1423.9 |    1442.8
     914   1467.8 |    1425.1 |    1447.2
     915   1468.1 |    1425.5 |    1450.8
     916   1468.9 |    1426.0 |    1451.7
     917   1469.0 |    1426.3 |    1452.8
     918   1469.7 |    1426.3 |    1452.8
     919   1469.7 |    1426.4 |    1468.2
     920   1472.5 |    1426.5 |    1468.3
     921   1473.0 |    1426.6 |    1468.5
     922   1473.2 |    1427.0 |    1468.6
     923   1473.6 |    1427.2 |    1468.7
     924   1473.9 |    1427.3 |    1469.9
     925   1474.0 |    1428.0 |    1470.3
     926   1475.0 |    1428.2 |    1470.4
     927   1475.3 |    1428.5 |    1470.9
     928   1475.6 |    1429.3 |    1471.1
     929   1475.9 |    1429.7 |    1471.5
     930   1476.0 |    1429.8 |    1472.1
     931   1476.8 |    1430.0 |    1472.8
     932   1479.0 |    1431.1 |    1472.9
     933   1479.1 |    1431.6 |    1474.6
     934   1479.6 |    1432.2 |    1474.7
     935   1480.1 |    1432.4 |    1474.9
     936   1482.4 |    1432.6 |    1475.5
     937   1483.0 |    1433.9 |    1475.6
     938   1484.0 |    1434.0 |    1476.1
     939   1484.1 |    1434.5 |    1476.3
     940   1485.5 |    1435.3 |    1476.6
     941   1485.5 |    1438.1 |    1476.7
     942   1490.8 |    1441.9 |    1477.9
     943   1493.1 |    1449.1 |    1479.3
     944   1493.9 |    1449.3 |    1480.9
     945   1493.9 |    1449.6 |    1481.4
     946   1494.5 |    1450.3 |    1483.7
     947   1495.7 |    1450.5 |    1489.4
     948   1495.7 |    1450.7 |    1489.9
     949   1496.0 |    1450.8 |    1493.5
     950   1496.3 |    1450.9 |    1494.4
     951   1496.4 |    1451.1 |    1496.6
     952   1497.2 |    1455.0 |    1496.7
     953   1498.1 |    1457.6 |    1497.1
     954   1498.6 |    1459.4 |    1497.9
     955   1498.9 |    1488.0 |    1498.1
     956   1499.1 |    1490.0 |    1498.3
     957   1499.1 |    1509.3 |    1498.4
     958   1499.3 |    1509.9 |    1499.2
     959   1500.6 |    1509.9 |    1499.6
     960   1500.6 |    1512.5 |    1499.7
     961   1501.0 |    1513.2 |    1502.4
     962   1501.1 |    1513.9 |    1503.1
     963   1501.2 |    1514.2 |    1503.4
     964   1501.4 |    1514.2 |    1504.0
     965   1501.4 |    1514.4 |    1504.3
     966   1501.5 |    1529.8 |    1504.3
     967   1501.5 |    1532.0 |    1507.5
     968   1501.6 |    1539.3 |    1508.4
     969   1501.7 |    1541.7 |    1509.2
     970   1501.9 |    1572.5 |    1509.4
     971   1502.1 |    1572.6 |    1509.9
     972   1503.2 |    1572.9 |    1510.4
     973   1503.9 |    1577.9 |    1510.5
     974   1505.2 |    1580.1 |    1510.6
     975   1505.8 |    1581.7 |    1510.7
     976   1506.1 |    1583.9 |    1511.0
     977   1506.5 |    1584.1 |    1511.2
     978   1506.8 |    1587.1 |    1511.4
     979   1506.9 |    1737.0 |    1511.5
     980   1507.1 |    1738.0 |    1511.7
     981   1507.5 |    1739.3 |    1512.1
     982   1507.5 |    1740.0 |    1513.0
     983   1507.7 |    1740.3 |    1513.2
     984   1507.8 |    1740.6 |    1513.4
     985   1508.1 |    1741.5 |    1513.5
     986   1508.1 |    1744.2 |    1515.7
     987   1508.4 |    1745.3 |    1518.1
     988   1508.6 |    1818.0 |    1518.9
     989   1508.6 |    1822.0 |    1519.5
     990   1508.7 |    1822.0 |    1520.0
     991   1508.8 |    1842.0 |    1520.8
     992   1509.0 |    1853.0 |    1520.9
     993   1509.0 |    1860.8 |    1521.1
     994   1509.1 |    1873.1 |    1522.9
     995   1509.2 |    1920.1 |    1522.9
     996   1509.3 |    1926.2 |    1523.0
     997   1509.8 |    1928.4 |    1523.2
     998   1510.1 |    1937.3 |    1524.3
     999   1510.4 |    1946.8 |    1524.3
    1000   1510.5 |    1947.5 |    1524.5
    1001   1510.6 |    1956.4 |    1524.9
    1002   1511.1 |    1962.7 |    1525.4
    1003   1511.5 |    1979.0 |    1529.6
    1004   1511.6 |    1989.5 |    1530.2
    1005   1512.2 |    1990.0 |    1531.8
    1006   1512.3 |    1992.4 |    1532.5
    1007   1512.5 |    1993.2 |    1537.5
    1008   1512.5 |    2252.5 |    1541.3
    1009   1512.7 |    2254.0 |    1542.5
    1010   1512.8 |    2255.1 |    1544.0
    1011   1512.9 |    2257.2 |    1544.3
    1012   1513.6 |    2259.0 |    1545.1
    1013   1513.7 |    2260.2 |    1558.6
    1014   1514.8 |    2260.4 |    1566.7
    1015   1514.9 |    2260.4 |    1570.5
    1016   1515.1 |    2261.1 |    1579.4
    1017   1515.1 |    2877.1 |    1588.0
    1018   1515.2 |    2877.3 |    1588.2
    1019   1515.4 |    2878.0 |    1786.4
    1020   1516.0 |    2879.0 |    1842.5
    1021   1516.8 |    2880.8 |    2661.1
    1022   1517.7 |    2881.8 |    2661.1
    1023   1517.7 |    2882.3 |    2661.2
    1024   1518.9 |    2882.7 |    2662.0
    1025   1530.9 |    2883.4 |    2662.1
    1026   1531.4 |    2883.6 |    2662.1
    1027   1532.4 |    2883.9 |    2662.4
    1028   1535.3 |    2883.9 |    2662.6
    1029   1536.6 |    2883.9 |    2662.9
    1030   1536.9 |    2884.1 |    2663.0
    1031   1537.1 |    2884.1 |    2663.2
    1032   1538.0 |    2884.2 |    2663.4
    1033   1538.1 |    2884.3 |    2663.6
    1034   1613.2 |    2884.3 |    2663.7
    1035   1613.2 |    2884.6 |    2664.1
    1036   1628.5 |    2884.6 |    2664.6
    1037   1629.2 |    2884.8 |    2664.7
    1038   1642.4 |    2884.9 |    2664.8
    1039   1682.8 |    2885.0 |    2664.8
    1040   1684.2 |    2886.1 |    2665.4
    1041   1685.6 |    2886.7 |    2665.5
    1042   1685.8 |    2887.0 |    2665.5
    1043   1686.0 |    2887.1 |    2665.5
    1044   1686.7 |    2887.2 |    2665.7
    1045   1689.1 |    2887.2 |    2665.7
    1046   1689.1 |    2887.5 |    2665.8
    1047   1691.2 |    2888.0 |    2666.0
    1048   1910.4 |    2888.1 |    2666.1
    1049   1910.8 |    2888.7 |    2666.3
    1050   1912.0 |    2888.9 |    2666.5
    1051   1920.3 |    2889.3 |    2666.6
    1052   1930.6 |    2889.4 |    2666.7
    1053   1935.1 |    2889.8 |    2666.8
    1054   1965.2 |    2890.2 |    2667.0
    1055   1970.5 |    2890.2 |    2667.0
    1056   1972.9 |    2890.3 |    2667.2
    1057   2073.0 |    2890.3 |    2667.3
    1058   2077.7 |    2890.4 |    2667.6
    1059   2078.2 |    2890.6 |    2667.6
    1060   2082.2 |    2890.7 |    2667.8
    1061   2086.6 |    2890.8 |    2668.2
    1062   2096.5 |    2891.4 |    2668.5
    1063   2096.9 |    2891.9 |    2669.1
    1064   2097.0 |    2895.2 |    2669.2
    1065   2101.4 |    2896.3 |    2670.3
    1066   2313.1 |    2896.9 |    2674.3
    1067   2314.9 |    2896.9 |    2675.9
    1068   2316.1 |    2897.6 |    2678.9
    1069   2317.4 |    2897.9 |    2679.1
    1070   2319.9 |    2898.3 |    2679.4
    1071   2320.5 |    2898.5 |    2680.2
    1072   2320.8 |    2898.5 |    2680.2
    1073   2321.0 |    2898.8 |    2680.2
    1074   2321.4 |    2899.0 |    2680.6
    1075   3022.9 |    2900.0 |    2681.0
    1076   3027.5 |    2902.3 |    2681.1
    1077   3028.7 |    2904.5 |    2681.2
    1078   3029.6 |    2905.1 |    2681.7
    1079   3029.6 |    2905.3 |    2681.9
    1080   3031.2 |    2906.7 |    2682.1
    1081   3031.8 |    2907.5 |    2683.4
    1082   3032.3 |    2908.0 |    2683.8
    1083   3034.1 |    2909.5 |    2684.2
    1084   3034.1 |    2910.8 |    2685.6
    1085   3034.2 |    2911.1 |    2686.5
    1086   3034.6 |    2911.7 |    2688.6
    1087   3034.8 |    2912.5 |    2696.7
    1088   3035.0 |    2913.5 |    2698.7
    1089   3035.2 |    2913.5 |    2700.2
    1090   3035.4 |    2914.1 |    2702.1
    1091   3035.7 |    2915.1 |    2702.6
    1092   3036.6 |    2917.0 |    2702.7
    1093   3036.7 |    2917.3 |    2703.0
    1094   3037.9 |    2917.7 |    2703.3
    1095   3038.5 |    2918.7 |    2706.4
    1096   3039.7 |    2920.6 |    2707.0
    1097   3040.3 |    2920.7 |    2707.7
    1098   3040.4 |    2921.2 |    2708.7
    1099   3041.9 |    2922.5 |    2710.2
    1100   3042.0 |    2924.7 |    2710.4
    1101   3042.3 |    2926.9 |    2711.1
    1102   3042.3 |    2926.9 |    2712.0
    1103   3042.3 |    2927.5 |    2712.6
    1104   3042.8 |    2928.2 |    2713.0
    1105   3044.1 |    2928.5 |    2714.8
    1106   3044.3 |    2930.2 |    2715.0
    1107   3045.0 |    2930.4 |    2715.3
    1108   3045.8 |    2933.5 |    2718.3
    1109   3046.4 |    2934.3 |    2720.0
    1110   3047.0 |    2940.1 |    2722.0
    1111   3047.4 |    2940.5 |    2723.0
    1112   3047.6 |    2941.1 |    2725.4
    1113   3048.4 |    2964.3 |    2726.2
    1114   3049.5 |    2965.6 |    2734.2
    1115   3050.4 |    2965.6 |    2740.9
    1116   3050.8 |    2965.6 |    2744.0
    1117   3051.0 |    2965.9 |    2747.5
    1118   3051.2 |    2966.3 |    2748.0
    1119   3051.4 |    2966.6 |    2748.2
    1120   3051.5 |    2966.7 |    2748.2
    1121   3052.0 |    2967.3 |    2748.5
    1122   3052.1 |    2967.7 |    2748.7
    1123   3052.4 |    2967.8 |    2748.8
    1124   3052.4 |    2968.0 |    2749.0
    1125   3052.5 |    2968.1 |    2749.9
    1126   3052.5 |    2968.3 |    2749.9
    1127   3052.5 |    2968.4 |    2750.2
    1128   3053.2 |    2968.5 |    2750.2
    1129   3053.2 |    2968.9 |    2750.4
    1130   3053.2 |    2969.0 |    2750.7
    1131   3053.3 |    2969.2 |    2750.7
    1132   3053.7 |    2969.2 |    2750.8
    1133   3054.0 |    2969.2 |    2751.1
    1134   3054.2 |    2969.3 |    2751.3
    1135   3054.9 |    2969.5 |    2751.5
    1136   3055.3 |    2969.5 |    2751.5
    1137   3055.9 |    2969.6 |    2751.6
    1138   3055.9 |    2970.0 |    2751.7
    1139   3056.2 |    2970.5 |    2752.0
    1140   3056.4 |    2970.7 |    2752.4
    1141   3056.5 |    2970.8 |    2752.5
    1142   3056.5 |    2971.0 |    2753.0
    1143   3057.1 |    2971.3 |    2753.2
    1144   3057.3 |    2971.3 |    2753.2
    1145   3057.5 |    2972.1 |    2753.6
    1146   3057.5 |    2972.5 |    2753.7
    1147   3057.8 |    2972.6 |    2754.6
    1148   3058.0 |    2974.1 |    2756.0
    1149   3058.1 |    2974.8 |    2756.2
    1150   3058.3 |    2976.5 |    2756.3
    1151   3059.6 |    2977.0 |    2756.4
    1152   3059.8 |    2978.2 |    2757.0
    1153   3059.8 |    2978.5 |    2757.2
    1154   3060.3 |    2978.5 |    2757.9
    1155   3060.5 |    2979.1 |    2757.9
    1156   3060.8 |    2980.3 |    2758.1
    1157   3061.3 |    2980.5 |    2758.5
    1158   3061.4 |    2980.6 |    2759.3
    1159   3061.6 |    2981.0 |    2760.7
    1160   3061.8 |    2981.1 |    2761.0
    1161   3062.4 |    2981.4 |    2761.1
    1162   3062.5 |    2981.4 |    2761.2
    1163   3062.6 |    2981.6 |    2761.7
    1164   3063.2 |    2982.0 |    2762.0
    1165   3063.5 |    2982.2 |    2762.5
    1166   3064.1 |    2984.0 |    2762.7
    1167   3065.4 |    2984.0 |    2762.8
    1168   3066.1 |    2984.3 |    2763.2
    1169   3066.4 |    2984.4 |    2763.2
    1170   3068.3 |    2985.8 |    2763.4
    1171   3093.6 |    2986.1 |    2763.5
    1172   3093.7 |    2986.1 |    2763.9
    1173   3095.5 |    2986.4 |    2764.0
    1174   3095.7 |    2986.6 |    2764.0
    1175   3095.8 |    2986.7 |    2764.1
    1176   3095.9 |    2986.7 |    2764.2
    1177   3096.0 |    2986.9 |    2764.5
    1178   3098.0 |    2987.3 |    2764.6
    1179   3098.4 |    2987.5 |    2765.4
    1180   3098.8 |    2988.0 |    2766.0
    1181   3099.3 |    2988.6 |    2766.2
    1182   3099.7 |    2989.1 |    2766.3
    1183   3099.7 |    2989.2 |    2766.5
    1184   3100.2 |    2991.0 |    2766.9
    1185   3100.6 |    2991.1 |    2768.2
    1186   3100.9 |    2991.5 |    2769.7
    1187   3101.2 |    2992.2 |    2770.7
    1188   3101.3 |    2992.5 |    2771.1
    1189   3101.5 |    2992.7 |    2771.3
    1190   3102.6 |    2993.7 |    2771.6
    1191   3102.8 |    2994.6 |    2771.7
    1192   3103.2 |    2996.8 |    2771.8
    1193   3104.2 |    2997.4 |    2772.1
    1194   3104.3 |    2997.6 |    2772.3
    1195   3104.5 |    2998.0 |    2772.8
    1196   3107.2 |    2998.3 |    2772.9
    1197   3109.4 |    2998.5 |    2773.2
    1198   3109.6 |    2998.8 |    2773.2
    1199   3109.8 |    2999.0 |    2773.4
    1200   3111.8 |    2999.3 |    2774.3
    1201   3113.3 |    2999.6 |    2774.4
    1202   3113.8 |    3000.9 |    2774.4
    1203   3114.0 |    3001.1 |    2774.8
    1204   3114.5 |    3002.2 |    2774.9
    1205   3114.6 |    3002.7 |    2775.9
    1206   3114.8 |    3003.0 |    2776.9
    1207   3114.8 |    3003.0 |    2777.3
    1208   3115.2 |    3003.2 |    2777.6
    1209   3115.9 |    3004.1 |    2779.2
    1210   3115.9 |    3004.1 |    2779.3
    1211   3116.0 |    3004.2 |    2779.4
    1212   3117.2 |    3004.9 |    2779.6
    1213   3117.4 |    3006.7 |    2779.7
    1214   3117.8 |    3006.9 |    2780.2
    1215   3117.8 |    3007.5 |    2780.5
    1216   3118.0 |    3008.0 |    2780.9
    1217   3118.1 |    3008.0 |    2782.5
    1218   3118.1 |    3008.3 |    2783.0
    1219   3118.4 |    3009.3 |    2783.8
    1220   3118.7 |    3010.7 |    2784.5
    1221   3119.0 |    3011.8 |    2786.5
    1222   3119.1 |    3012.1 |    2787.7
    1223   3119.4 |    3012.5 |    2792.1
    1224   3119.5 |    3013.5 |    2798.9
    1225   3119.5 |    3014.8 |    3088.8
    1226   3119.5 |    3015.2 |    3090.3
    1227   3119.6 |    3016.4 |    3090.4
    1228   3120.0 |    3017.4 |    3090.8
    1229   3120.3 |    3017.6 |    3092.3
    1230   3120.3 |    3054.8 |    3094.6
    1231   3120.4 |    3060.1 |    3095.6
    1232   3120.7 |    3066.9 |    3095.8
    1233   3120.9 |    3067.4 |    3096.0
    1234   3121.2 |    3067.6 |    3096.6
    1235   3121.4 |    3067.6 |    3097.2
    1236   3122.8 |    3069.0 |    3103.8
    1237   3122.8 |    3069.0 |    3104.4
    1238   3122.9 |    3071.2 |    3104.5
    1239   3123.2 |    3071.3 |    3112.6
    1240   3124.2 |    3071.8 |    3113.4
    1241   3125.3 |    3071.9 |    3114.0
    1242   3127.8 |    3072.6 |    3116.3
    1243   3132.0 |    3076.8 |    3120.1
    1244   3133.7 |    3077.2 |    3135.1
    1245   3133.7 |    3077.3 |    3135.3
    1246   3135.4 |    3079.4 |    3135.4
    1247   3136.6 |    3080.5 |    3136.3
    1248   3136.6 |    3083.5 |    3136.7
    1249   3137.7 |    3169.3 |    3136.7
    1250   3140.2 |    3170.2 |    3136.9
    1251   3141.3 |    3171.2 |    3137.2
    1252   3141.6 |    3172.5 |    3137.5
    1253   3141.7 |    3175.9 |    3149.5
    1254   3142.4 |    3176.0 |    3150.0
    1255   3142.8 |    3176.2 |    3150.3
    1256   3143.1 |    3187.2 |    3150.6
    1257   3143.6 |    3214.9 |    3150.8
    1258   3148.7 |    3694.8 |    3151.2
    1259   3150.1 |    3695.2 |    3151.4
    1260   3150.1 |    3695.2 |    3151.7
    1261   3150.9 |    3695.8 |    3151.9
    1262   3151.5 |    3696.7 |    3198.9
    1263   3152.1 |    3697.1 |    3201.2
    1264   3152.5 |    3697.2 |    3201.6
    1265   3152.7 |    3697.6 |    3204.4
    1266   3156.3 |    3697.8 |    3208.2
  ----------------------------------------------------
    RMSD          |     259.9 |     210.4
     MAE          |     113.5 |      87.6
======================================================



=======================================
  TIMING [JAX (gpu) + MM3 + Optax Adam]
=======================================
  Optimization S               421.25 s
  Function Evaluations             2001
  Per Evaluation S             210.5 ms
=======================================


