
=======================================================
  SUMMARY [JAX (gpu) + MM3 + Optax Adam+cosine]
=======================================================
  RMSD (cm⁻¹):       1068.7 → 214.0
  Score:             1841.264466 → 453.840147  (+75.4%)
  Function evals:    2001
  Wall time:         661.6s
  Scipy converged:   False
  Scipy message:     Max steps (2000) reached
=======================================================



=============================================================
  FREQUENCY PROGRESSION [JAX (gpu) + MM3 + Optax Adam+cosine]
=============================================================
    Mode   QM ref |   QFUERZA | Optimized
  -----------------------------------------------------------
       1     50.2 |      50.1 |      50.4
       2     51.2 |      50.1 |      50.5
       3     51.6 |      50.2 |      51.0
       4     51.8 |      50.2 |      52.3
       5     52.5 |      50.5 |      52.6
       6     53.3 |      50.6 |      52.8
       7     53.6 |      51.0 |      53.8
       8     53.7 |      51.1 |      55.6
       9     54.0 |      51.2 |      56.6
      10     54.0 |      51.4 |      58.5
      11     54.4 |      52.5 |      59.1
      12     55.3 |      52.7 |      59.4
      13     55.3 |      53.2 |      60.4
      14     55.7 |      53.2 |      60.9
      15     55.8 |      54.2 |      61.1
      16     56.0 |      55.0 |      63.3
      17     56.1 |      55.3 |      64.3
      18     56.8 |      55.5 |      65.0
      19     57.7 |      56.1 |      65.9
      20     57.9 |      56.5 |      66.0
      21     58.2 |      56.7 |      66.0
      22     58.4 |      56.9 |      66.3
      23     58.8 |      57.0 |      67.6
      24     59.7 |      57.5 |      68.6
      25     59.8 |      57.8 |      70.5
      26     59.9 |      58.6 |      70.7
      27     60.1 |      58.9 |      71.4
      28     60.2 |      59.0 |      72.0
      29     61.1 |      59.3 |      72.1
      30     61.3 |      60.5 |      72.7
      31     61.4 |      60.5 |      72.7
      32     61.5 |      60.6 |      72.9
      33     62.5 |      61.3 |      74.7
      34     62.9 |      61.4 |      77.2
      35     63.1 |      62.3 |      77.9
      36     63.5 |      62.8 |      78.0
      37     63.7 |      63.1 |      80.2
      38     63.8 |      64.2 |      81.3
      39     63.9 |      64.5 |      83.9
      40     64.1 |      64.8 |      84.3
      41     64.4 |      65.1 |      85.1
      42     64.8 |      65.2 |      85.2
      43     65.0 |      65.3 |      85.5
      44     65.2 |      66.5 |      86.0
      45     65.3 |      66.8 |      86.2
      46     66.0 |      67.0 |      86.9
      47     66.0 |      67.2 |      87.0
      48     66.1 |      67.5 |      88.0
      49     66.5 |      67.8 |      88.4
      50     66.5 |      68.2 |      88.5
      51     66.6 |      68.6 |      88.5
      52     66.7 |      69.4 |      88.8
      53     67.0 |      69.5 |      89.4
      54     67.4 |      69.7 |      89.5
      55     67.6 |      69.8 |      90.3
      56     68.5 |      70.8 |      91.5
      57     68.6 |      71.6 |      92.2
      58     68.6 |      71.9 |      92.2
      59     68.9 |      72.2 |      93.8
      60     68.9 |      72.2 |      96.1
      61     69.8 |      72.3 |      96.1
      62     69.9 |      73.2 |      96.6
      63     70.4 |      73.4 |      96.7
      64     70.7 |      73.7 |      97.5
      65     71.8 |      74.1 |      97.7
      66     72.3 |      74.3 |      98.1
      67     72.5 |      74.4 |      99.4
      68     72.5 |      74.4 |     100.1
      69     72.7 |      74.6 |     100.4
      70     73.3 |      74.8 |     100.7
      71     73.7 |      77.1 |     102.0
      72     74.1 |      77.4 |     102.3
      73     75.3 |      77.5 |     102.7
      74     76.4 |      77.7 |     104.3
      75     76.5 |      77.8 |     106.4
      76     76.6 |      78.5 |     106.9
      77     77.1 |      78.6 |     107.8
      78     78.4 |      79.1 |     110.0
      79     78.5 |      79.3 |     112.3
      80     79.4 |      79.9 |     112.4
      81     79.6 |      80.6 |     112.5
      82     79.6 |      80.7 |     114.5
      83     79.7 |      80.8 |     118.0
      84     79.9 |      81.0 |     121.1
      85     80.1 |      81.2 |     121.4
      86     80.1 |      82.5 |     121.4
      87     80.8 |      83.4 |     121.4
      88     81.1 |      83.4 |     122.6
      89     83.9 |      83.8 |     125.0
      90     84.8 |      83.9 |     127.2
      91     85.5 |      83.9 |     127.5
      92     85.6 |      84.2 |     127.8
      93     85.8 |      84.6 |     128.0
      94     85.9 |      86.5 |     131.2
      95     86.2 |      86.8 |     131.4
      96     86.2 |      87.0 |     131.6
      97     86.4 |      87.3 |     132.7
      98     86.8 |      88.7 |     133.0
      99     87.1 |      89.1 |     134.1
     100     87.2 |      89.3 |     136.5
     101     87.4 |      89.3 |     138.0
     102     87.5 |      90.5 |     140.0
     103     87.6 |      90.9 |     140.6
     104     87.7 |      91.0 |     140.7
     105     88.1 |      91.5 |     141.1
     106     88.4 |      92.3 |     143.3
     107     88.4 |      92.4 |     144.5
     108     89.5 |      92.4 |     145.1
     109     90.0 |      92.8 |     145.5
     110     90.6 |      93.0 |     146.3
     111     90.9 |      93.9 |     147.9
     112     91.4 |      93.9 |     150.0
     113     91.4 |      95.3 |     150.4
     114     91.7 |      95.6 |     150.4
     115     91.9 |      96.1 |     150.9
     116     91.9 |      96.3 |     151.8
     117     93.5 |      96.4 |     152.5
     118     93.6 |      96.5 |     154.0
     119     94.1 |      97.2 |     155.1
     120     94.1 |      98.1 |     157.1
     121     94.2 |      98.2 |     157.9
     122     94.4 |      98.3 |     158.5
     123     94.8 |      98.3 |     159.0
     124     94.8 |      98.9 |     160.3
     125     96.0 |      99.0 |     160.9
     126     96.1 |      99.5 |     161.4
     127     96.2 |      99.5 |     163.0
     128     96.3 |     100.0 |     163.2
     129     96.7 |     100.1 |     163.2
     130     96.8 |     100.4 |     165.1
     131     97.3 |     100.5 |     168.6
     132     97.5 |     101.1 |     168.9
     133     97.8 |     101.3 |     169.3
     134     97.8 |     101.5 |     171.6
     135     98.2 |     101.5 |     172.0
     136     98.3 |     101.9 |     172.3
     137     99.1 |     101.9 |     172.5
     138     99.5 |     102.2 |     172.5
     139     99.5 |     102.9 |     172.7
     140     99.6 |     103.8 |     173.6
     141     99.8 |     104.8 |     180.6
     142    100.2 |     104.8 |     182.2
     143    100.3 |     106.9 |     182.8
     144    100.4 |     107.5 |     183.5
     145    100.5 |     107.6 |     183.9
     146    101.5 |     107.8 |     184.0
     147    101.5 |     109.3 |     184.4
     148    101.7 |     109.4 |     185.1
     149    102.0 |     110.0 |     187.4
     150    102.0 |     110.0 |     188.1
     151    103.5 |     110.6 |     189.0
     152    103.7 |     110.8 |     189.0
     153    105.2 |     111.9 |     191.0
     154    105.3 |     113.4 |     192.0
     155    105.4 |     113.7 |     192.2
     156    105.8 |     113.7 |     193.7
     157    107.5 |     113.9 |     193.8
     158    107.9 |     114.0 |     193.9
     159    108.3 |     114.9 |     194.5
     160    109.1 |     115.4 |     194.6
     161    109.5 |     116.5 |     195.0
     162    109.8 |     116.6 |     196.4
     163    110.1 |     117.6 |     199.0
     164    110.3 |     118.4 |     199.1
     165    110.5 |     118.5 |     200.6
     166    110.6 |     119.0 |     200.7
     167    110.6 |     119.2 |     200.8
     168    111.5 |     119.3 |     202.7
     169    111.5 |     119.9 |     203.2
     170    111.6 |     120.2 |     203.4
     171    112.8 |     120.3 |     205.0
     172    114.4 |     120.8 |     205.1
     173    114.8 |     120.9 |     206.1
     174    114.8 |     121.2 |     206.4
     175    116.2 |     121.8 |     209.0
     176    116.2 |     122.1 |     209.1
     177    116.4 |     122.1 |     209.7
     178    116.9 |     122.5 |     211.2
     179    117.9 |     123.5 |     212.4
     180    118.1 |     123.6 |     213.0
     181    118.9 |     124.6 |     213.2
     182    119.7 |     124.7 |     213.7
     183    120.4 |     125.0 |     215.4
     184    120.5 |     125.1 |     216.7
     185    120.5 |     125.1 |     217.3
     186    121.9 |     126.7 |     217.5
     187    122.0 |     127.4 |     217.8
     188    123.5 |     127.5 |     218.4
     189    123.8 |     127.7 |     218.6
     190    123.9 |     128.4 |     219.1
     191    124.1 |     128.5 |     219.3
     192    124.2 |     128.5 |     219.4
     193    124.6 |     129.0 |     220.1
     194    124.7 |     130.3 |     220.1
     195    125.3 |     132.1 |     222.0
     196    125.3 |     132.8 |     222.0
     197    126.2 |     133.1 |     222.1
     198    126.7 |     134.4 |     224.0
     199    127.1 |     134.8 |     224.0
     200    127.1 |     136.3 |     224.8
     201    127.5 |     136.3 |     224.9
     202    128.1 |     136.8 |     225.4
     203    128.2 |     138.5 |     225.5
     204    128.2 |     139.3 |     225.5
     205    128.3 |     139.4 |     225.9
     206    128.6 |     139.5 |     226.3
     207    129.1 |     140.1 |     226.3
     208    129.6 |     140.5 |     226.5
     209    129.9 |     140.5 |     227.0
     210    130.7 |     140.9 |     227.6
     211    130.7 |     141.0 |     228.0
     212    130.7 |     141.2 |     228.3
     213    131.0 |     141.9 |     228.8
     214    131.1 |     142.7 |     229.5
     215    131.1 |     143.0 |     229.7
     216    131.2 |     143.1 |     233.5
     217    132.0 |     143.4 |     234.2
     218    132.1 |     146.0 |     234.2
     219    132.2 |     146.1 |     234.3
     220    132.8 |     146.6 |     234.4
     221    133.1 |     148.5 |     234.5
     222    133.2 |     149.0 |     236.6
     223    133.4 |     149.6 |     237.4
     224    133.6 |     150.3 |     237.8
     225    133.6 |     151.1 |     239.7
     226    133.7 |     151.1 |     240.1
     227    133.9 |     151.5 |     240.4
     228    134.4 |     152.5 |     242.8
     229    134.7 |     154.1 |     242.9
     230    134.8 |     155.6 |     243.7
     231    135.5 |     156.1 |     243.9
     232    135.7 |     156.7 |     244.3
     233    135.9 |     157.3 |     244.3
     234    136.3 |     158.8 |     244.4
     235    136.4 |     158.9 |     244.6
     236    137.0 |     159.6 |     245.0
     237    137.1 |     160.3 |     245.3
     238    137.5 |     161.7 |     245.3
     239    138.1 |     163.0 |     246.1
     240    138.6 |     163.1 |     246.3
     241    139.9 |     163.6 |     246.3
     242    140.2 |     163.9 |     246.5
     243    141.6 |     164.1 |     246.8
     244    142.0 |     164.2 |     246.9
     245    142.3 |     164.2 |     247.3
     246    142.7 |     165.9 |     247.7
     247    142.8 |     166.2 |     248.6
     248    143.3 |     166.6 |     248.6
     249    143.5 |     167.0 |     249.7
     250    143.5 |     167.7 |     249.8
     251    143.7 |     167.8 |     249.8
     252    143.9 |     168.6 |     249.9
     253    145.0 |     169.1 |     250.6
     254    145.2 |     169.6 |     251.3
     255    145.5 |     170.2 |     251.7
     256    146.3 |     170.9 |     251.9
     257    146.4 |     171.8 |     253.2
     258    146.8 |     171.9 |     253.3
     259    147.6 |     172.2 |     254.4
     260    147.9 |     172.9 |     255.1
     261    148.2 |     173.1 |     256.3
     262    149.3 |     173.3 |     257.1
     263    149.4 |     175.6 |     258.2
     264    151.0 |     175.7 |     258.3
     265    151.0 |     176.4 |     258.4
     266    151.6 |     177.0 |     258.5
     267    151.7 |     177.3 |     258.6
     268    152.0 |     178.0 |     258.6
     269    152.0 |     178.2 |     259.5
     270    152.1 |     179.4 |     260.1
     271    152.5 |     180.1 |     261.4
     272    152.7 |     180.8 |     262.0
     273    153.0 |     180.8 |     262.0
     274    153.4 |     181.2 |     262.3
     275    153.4 |     182.3 |     262.3
     276    153.6 |     182.5 |     262.4
     277    154.8 |     182.7 |     262.5
     278    155.8 |     182.9 |     262.5
     279    155.9 |     182.9 |     262.7
     280    156.0 |     183.1 |     262.8
     281    156.0 |     186.8 |     262.9
     282    156.9 |     187.6 |     263.0
     283    156.9 |     187.7 |     264.3
     284    157.3 |     188.5 |     265.4
     285    157.7 |     188.7 |     265.8
     286    157.8 |     189.6 |     265.9
     287    159.0 |     190.8 |     266.4
     288    159.2 |     192.3 |     267.3
     289    159.6 |     192.6 |     267.4
     290    160.2 |     192.7 |     268.0
     291    160.5 |     192.9 |     268.2
     292    160.5 |     194.7 |     268.3
     293    160.6 |     195.8 |     270.4
     294    160.8 |     195.9 |     270.7
     295    161.0 |     196.8 |     270.8
     296    161.0 |     196.9 |     271.0
     297    161.5 |     198.4 |     271.1
     298    161.9 |     199.1 |     271.3
     299    162.1 |     199.2 |     273.6
     300    162.1 |     199.2 |     275.5
     301    162.6 |     199.4 |     276.4
     302    162.8 |     199.6 |     276.5
     303    163.2 |     199.9 |     276.5
     304    165.2 |     200.3 |     277.2
     305    165.2 |     200.8 |     277.2
     306    166.0 |     200.9 |     277.5
     307    166.5 |     201.0 |     278.3
     308    167.6 |     201.0 |     281.6
     309    167.8 |     201.2 |     281.8
     310    167.9 |     201.3 |     283.2
     311    168.0 |     201.7 |     283.9
     312    168.5 |     201.8 |     284.5
     313    168.7 |     202.8 |     284.7
     314    169.4 |     203.8 |     284.9
     315    170.1 |     203.9 |     285.3
     316    170.3 |     204.6 |     285.5
     317    170.5 |     204.7 |     286.4
     318    170.7 |     204.8 |     287.0
     319    170.9 |     205.6 |     288.2
     320    171.0 |     205.8 |     289.1
     321    171.5 |     206.0 |     289.1
     322    171.9 |     206.2 |     290.7
     323    172.2 |     206.4 |     290.8
     324    172.6 |     207.3 |     292.2
     325    172.6 |     208.1 |     293.1
     326    172.6 |     209.2 |     294.1
     327    173.0 |     209.3 |     294.9
     328    173.3 |     209.7 |     296.1
     329    173.8 |     210.3 |     297.2
     330    174.0 |     210.4 |     298.1
     331    174.5 |     210.4 |     298.2
     332    174.5 |     210.5 |     298.4
     333    175.0 |     211.0 |     298.4
     334    175.2 |     211.1 |     298.4
     335    175.5 |     212.6 |     298.6
     336    176.0 |     212.6 |     298.8
     337    176.1 |     213.1 |     298.9
     338    177.1 |     213.4 |     299.4
     339    177.7 |     213.8 |     305.3
     340    177.9 |     213.8 |     306.3
     341    178.1 |     214.1 |     306.5
     342    179.1 |     215.2 |     308.5
     343    179.1 |     215.7 |     309.0
     344    180.3 |     215.8 |     314.0
     345    183.5 |     216.8 |     314.6
     346    183.5 |     218.1 |     315.1
     347    183.8 |     219.1 |     315.2
     348    183.8 |     219.5 |     315.7
     349    184.1 |     221.2 |     315.8
     350    184.4 |     221.3 |     316.0
     351    184.5 |     221.6 |     316.4
     352    184.5 |     222.1 |     319.6
     353    184.6 |     222.9 |     319.7
     354    184.6 |     223.5 |     319.9
     355    184.8 |     223.5 |     320.7
     356    185.0 |     223.6 |     321.4
     357    185.2 |     224.1 |     323.1
     358    185.7 |     224.1 |     323.2
     359    185.8 |     224.6 |     323.5
     360    186.0 |     225.5 |     323.6
     361    186.2 |     225.7 |     323.7
     362    186.5 |     225.8 |     323.9
     363    187.0 |     226.5 |     324.1
     364    187.0 |     226.8 |     324.2
     365    187.0 |     227.1 |     326.0
     366    187.6 |     227.4 |     326.7
     367    187.8 |     228.9 |     329.6
     368    188.1 |     228.9 |     330.0
     369    188.4 |     229.3 |     330.5
     370    189.0 |     229.9 |     330.9
     371    189.9 |     230.0 |     333.2
     372    190.2 |     230.7 |     333.3
     373    190.6 |     232.0 |     333.4
     374    190.6 |     232.7 |     335.4
     375    191.5 |     235.2 |     335.9
     376    191.5 |     237.5 |     336.0
     377    192.1 |     237.7 |     336.1
     378    192.2 |     237.7 |     338.4
     379    193.5 |     240.0 |     339.0
     380    193.5 |     240.9 |     339.2
     381    194.3 |     241.5 |     340.3
     382    194.6 |     241.9 |     340.3
     383    194.8 |     242.8 |     341.1
     384    195.1 |     243.4 |     341.8
     385    195.5 |     243.5 |     341.9
     386    196.0 |     243.9 |     342.6
     387    196.3 |     244.6 |     344.9
     388    196.9 |     245.2 |     345.0
     389    198.9 |     246.2 |     345.2
     390    199.6 |     246.3 |     346.6
     391    199.7 |     246.7 |     347.9
     392    200.9 |     246.7 |     348.5
     393    201.9 |     247.6 |     352.5
     394    202.7 |     248.8 |     354.6
     395    202.8 |     248.9 |     357.0
     396    202.8 |     249.3 |     357.7
     397    203.3 |     250.0 |     357.8
     398    203.8 |     250.7 |     359.0
     399    204.0 |     251.2 |     359.6
     400    204.0 |     251.8 |     359.8
     401    204.7 |     251.9 |     360.5
     402    204.8 |     252.3 |     360.8
     403    204.8 |     253.1 |     369.3
     404    206.4 |     254.1 |     371.8
     405    207.4 |     255.1 |     373.0
     406    207.8 |     255.3 |     373.1
     407    207.8 |     255.7 |     374.3
     408    207.9 |     255.8 |     376.7
     409    208.1 |     256.1 |     377.0
     410    208.4 |     256.6 |     379.2
     411    211.4 |     256.7 |     381.4
     412    212.6 |     257.3 |     383.1
     413    212.9 |     257.3 |     385.8
     414    214.2 |     258.2 |     385.9
     415    214.9 |     258.3 |     387.5
     416    214.9 |     258.5 |     393.0
     417    215.3 |     259.1 |     394.1
     418    215.9 |     259.1 |     394.5
     419    216.0 |     261.9 |     396.1
     420    216.2 |     262.2 |     398.0
     421    216.2 |     262.5 |     398.1
     422    217.0 |     264.9 |     399.1
     423    217.1 |     265.0 |     406.7
     424    217.2 |     265.3 |     407.8
     425    217.8 |     265.6 |     412.2
     426    218.0 |     266.5 |     415.2
     427    218.1 |     268.9 |     416.0
     428    218.6 |     270.4 |     416.7
     429    218.7 |     271.7 |     417.1
     430    218.7 |     272.7 |     417.4
     431    218.8 |     273.1 |     417.6
     432    219.1 |     273.3 |     418.1
     433    219.3 |     273.5 |     418.1
     434    219.8 |     274.0 |     418.5
     435    220.8 |     274.9 |     419.8
     436    221.5 |     275.9 |     425.1
     437    222.2 |     276.5 |     425.4
     438    222.3 |     277.0 |     426.4
     439    222.3 |     277.3 |     426.5
     440    222.4 |     277.3 |     426.6
     441    223.2 |     277.5 |     426.7
     442    223.5 |     277.9 |     428.7
     443    223.7 |     278.7 |     433.7
     444    225.3 |     279.5 |     435.7
     445    226.1 |     279.5 |     436.5
     446    226.6 |     280.5 |     436.8
     447    226.7 |     280.6 |     437.8
     448    227.1 |     282.2 |     438.7
     449    228.2 |     282.5 |     438.7
     450    228.4 |     282.8 |     443.3
     451    228.6 |     282.9 |     444.5
     452    230.3 |     283.7 |     445.8
     453    237.8 |     284.5 |     447.2
     454    238.6 |     285.5 |     447.5
     455    239.4 |     289.8 |     450.9
     456    242.1 |     291.9 |     450.9
     457    242.5 |     292.0 |     451.4
     458    242.6 |     292.1 |     452.5
     459    244.2 |     292.2 |     453.9
     460    247.8 |     293.7 |     461.2
     461    249.1 |     293.7 |     462.2
     462    249.2 |     294.5 |     462.4
     463    249.5 |     294.9 |     462.6
     464    250.1 |     295.1 |     463.9
     465    250.2 |     295.6 |     465.7
     466    250.6 |     295.8 |     470.5
     467    251.9 |     295.9 |     472.4
     468    252.0 |     296.3 |     472.6
     469    252.3 |     298.8 |     479.0
     470    254.8 |     299.0 |     479.7
     471    255.9 |     300.6 |     479.8
     472    256.5 |     301.0 |     480.9
     473    256.6 |     302.1 |     486.8
     474    257.4 |     302.2 |     487.6
     475    258.1 |     302.5 |     492.8
     476    259.2 |     302.7 |     494.2
     477    259.7 |     302.8 |     495.1
     478    261.9 |     303.4 |     496.0
     479    265.6 |     303.5 |     496.4
     480    265.9 |     304.2 |     498.0
     481    267.5 |     305.2 |     500.4
     482    268.5 |     305.2 |     500.8
     483    271.3 |     305.5 |     500.8
     484    276.3 |     305.7 |     501.5
     485    280.9 |     306.1 |     505.2
     486    281.4 |     306.8 |     509.9
     487    282.2 |     306.9 |     510.5
     488    282.7 |     307.4 |     512.2
     489    284.2 |     307.5 |     522.1
     490    286.3 |     307.9 |     523.9
     491    286.6 |     308.1 |     524.8
     492    289.4 |     308.3 |     525.2
     493    291.3 |     308.7 |     528.3
     494    293.5 |     308.9 |     529.2
     495    295.1 |     308.9 |     530.0
     496    296.9 |     310.3 |     533.3
     497    297.0 |     310.3 |     534.4
     498    297.5 |     312.1 |     535.8
     499    297.5 |     312.8 |     536.7
     500    297.5 |     314.2 |     547.1
     501    297.7 |     314.7 |     548.0
     502    298.2 |     315.4 |     548.5
     503    299.0 |     316.0 |     549.9
     504    299.3 |     316.2 |     550.2
     505    299.8 |     316.2 |     550.3
     506    300.0 |     316.4 |     553.0
     507    300.2 |     316.6 |     553.5
     508    300.2 |     317.2 |     553.6
     509    300.3 |     317.6 |     555.9
     510    300.6 |     318.3 |     556.5
     511    300.8 |     318.6 |     556.9
     512    301.1 |     319.1 |     557.3
     513    301.6 |     319.2 |     557.3
     514    301.8 |     320.0 |     557.3
     515    301.8 |     320.4 |     557.4
     516    301.8 |     320.8 |     557.5
     517    302.3 |     321.9 |     557.7
     518    302.6 |     322.1 |     558.6
     519    303.4 |     322.2 |     564.1
     520    303.8 |     322.3 |     564.6
     521    306.7 |     322.5 |     564.9
     522    307.6 |     323.0 |     565.9
     523    309.7 |     323.5 |     566.9
     524    309.8 |     323.6 |     567.9
     525    310.9 |     323.9 |     569.1
     526    311.1 |     325.1 |     572.5
     527    312.9 |     325.1 |     577.5
     528    313.4 |     325.6 |     578.2
     529    314.0 |     325.6 |     579.6
     530    314.7 |     325.8 |     581.0
     531    314.8 |     327.2 |     581.1
     532    314.9 |     328.1 |     581.2
     533    315.5 |     328.6 |     581.4
     534    315.7 |     329.1 |     581.6
     535    315.8 |     329.3 |     581.8
     536    316.4 |     329.4 |     582.1
     537    317.3 |     330.1 |     582.6
     538    317.3 |     330.5 |     585.3
     539    317.4 |     330.8 |     585.3
     540    318.4 |     331.2 |     585.3
     541    318.5 |     332.4 |     585.4
     542    318.5 |     332.4 |     587.6
     543    319.5 |     332.7 |     590.9
     544    320.1 |     332.8 |     593.1
     545    320.8 |     335.1 |     595.2
     546    321.0 |     335.1 |     598.8
     547    321.7 |     335.5 |     600.6
     548    321.7 |     335.9 |     600.8
     549    323.2 |     335.9 |     600.9
     550    323.3 |     336.3 |     601.0
     551    323.9 |     336.7 |     601.2
     552    327.6 |     338.4 |     601.2
     553    328.2 |     338.6 |     601.5
     554    329.6 |     339.2 |     601.6
     555    330.1 |     342.1 |     601.8
     556    330.1 |     342.9 |     601.8
     557    330.5 |     343.1 |     602.0
     558    331.3 |     343.2 |     602.1
     559    332.0 |     343.3 |     602.1
     560    332.5 |     343.3 |     602.1
     561    333.3 |     344.0 |     602.1
     562    333.9 |     344.2 |     602.2
     563    333.9 |     344.4 |     602.4
     564    333.9 |     344.4 |     602.4
     565    334.0 |     345.3 |     602.5
     566    334.0 |     345.7 |     602.7
     567    336.0 |     346.4 |     602.8
     568    336.0 |     346.7 |     602.9
     569    336.8 |     348.2 |     602.9
     570    337.8 |     348.3 |     603.0
     571    338.0 |     348.3 |     603.0
     572    338.1 |     349.7 |     603.2
     573    338.7 |     350.2 |     603.2
     574    339.4 |     350.6 |     603.3
     575    339.6 |     350.8 |     603.4
     576    339.9 |     351.5 |     603.4
     577    340.7 |     351.7 |     603.4
     578    341.1 |     351.8 |     603.5
     579    341.7 |     351.8 |     603.5
     580    342.8 |     352.3 |     603.6
     581    344.4 |     352.7 |     603.7
     582    346.0 |     353.9 |     603.7
     583    346.6 |     355.2 |     603.7
     584    347.6 |     355.4 |     603.9
     585    349.7 |     355.5 |     603.9
     586    350.3 |     356.0 |     603.9
     587    350.7 |     356.2 |     604.1
     588    350.9 |     356.4 |     604.4
     589    350.9 |     356.6 |     604.7
     590    350.9 |     357.5 |     606.0
     591    351.6 |     357.7 |     606.3
     592    352.1 |     357.8 |     606.7
     593    352.1 |     357.9 |     607.8
     594    354.1 |     358.1 |     607.9
     595    356.1 |     358.3 |     608.1
     596    358.5 |     359.1 |     609.9
     597    359.2 |     359.9 |     610.6
     598    360.8 |     362.1 |     610.6
     599    361.2 |     363.3 |     612.9
     600    361.9 |     363.4 |     614.6
     601    362.3 |     364.3 |     617.9
     602    363.1 |     364.6 |     618.1
     603    363.6 |     365.1 |     618.2
     604    364.2 |     365.4 |     618.4
     605    366.2 |     365.5 |     618.4
     606    367.2 |     365.7 |     618.4
     607    367.8 |     366.3 |     618.5
     608    369.0 |     367.0 |     618.5
     609    369.4 |     369.6 |     618.8
     610    369.5 |     370.2 |     619.2
     611    369.7 |     371.5 |     619.3
     612    370.7 |     371.7 |     619.5
     613    370.8 |     371.8 |     619.5
     614    371.0 |     373.4 |     619.5
     615    371.1 |     375.7 |     619.6
     616    371.4 |     375.8 |     619.8
     617    371.6 |     376.8 |     619.8
     618    371.9 |     377.7 |     619.9
     619    372.3 |     377.9 |     619.9
     620    372.4 |     378.3 |     619.9
     621    373.0 |     378.7 |     620.3
     622    373.1 |     379.3 |     620.3
     623    373.4 |     380.2 |     620.5
     624    375.0 |     380.4 |     620.6
     625    375.0 |     380.6 |     620.9
     626    375.0 |     381.4 |     620.9
     627    375.1 |     381.4 |     621.1
     628    375.1 |     381.9 |     621.2
     629    375.7 |     382.3 |     621.3
     630    375.8 |     383.1 |     621.3
     631    375.8 |     385.6 |     621.4
     632    376.1 |     386.0 |     621.6
     633    376.9 |     386.3 |     622.0
     634    377.9 |     386.4 |     623.0
     635    377.9 |     387.0 |     623.3
     636    378.1 |     387.2 |     623.3
     637    378.6 |     387.3 |     623.4
     638    378.7 |     387.8 |     623.6
     639    378.8 |     388.2 |     624.1
     640    379.0 |     388.4 |     624.1
     641    379.6 |     391.2 |     624.1
     642    380.0 |     391.3 |     624.2
     643    380.8 |     391.7 |     624.5
     644    381.4 |     393.1 |     624.6
     645    381.4 |     393.6 |     624.7
     646    382.9 |     393.7 |     624.7
     647    383.4 |     395.4 |     624.7
     648    383.6 |     396.2 |     625.5
     649    383.8 |     396.4 |     626.8
     650    384.2 |     397.4 |     628.0
     651    384.4 |     398.0 |     628.8
     652    384.8 |     398.1 |     629.6
     653    385.0 |     398.3 |     630.2
     654    385.1 |     398.7 |     630.8
     655    385.3 |     399.9 |     631.4
     656    385.8 |     402.5 |     634.2
     657    385.8 |     402.6 |     635.5
     658    385.8 |     402.6 |     635.9
     659    385.9 |     402.8 |     636.4
     660    386.3 |     404.4 |     641.4
     661    386.3 |     405.0 |     647.7
     662    387.5 |     406.8 |     650.8
     663    387.9 |     407.2 |     651.7
     664    388.0 |     407.3 |     652.3
     665    388.4 |     409.0 |     653.9
     666    388.4 |     411.8 |     654.6
     667    388.5 |     412.0 |     658.0
     668    388.5 |     417.6 |     663.8
     669    389.0 |     417.9 |     668.9
     670    389.0 |     422.7 |     671.6
     671    389.1 |     423.0 |     672.0
     672    389.1 |     425.5 |     672.8
     673    389.2 |     426.2 |     673.0
     674    389.6 |     426.3 |     673.1
     675    390.5 |     426.8 |     673.1
     676    390.5 |     428.3 |     673.4
     677    390.8 |     428.5 |     673.7
     678    390.8 |     428.6 |     673.7
     679    391.1 |     430.2 |     673.8
     680    391.1 |     430.2 |     673.8
     681    391.4 |     431.1 |     673.9
     682    392.1 |     432.4 |     674.2
     683    392.2 |     435.6 |     674.9
     684    392.7 |     435.7 |     675.0
     685    393.3 |     436.0 |     675.5
     686    393.3 |     437.5 |     675.8
     687    393.5 |     439.2 |     676.4
     688    393.9 |     440.7 |     677.1
     689    394.2 |     440.9 |     677.2
     690    394.2 |     442.0 |     677.7
     691    394.5 |     443.4 |     677.9
     692    395.4 |     443.8 |     678.2
     693    395.9 |     444.3 |     679.9
     694    398.2 |     445.1 |     681.4
     695    398.2 |     445.1 |     681.9
     696    398.5 |     447.4 |     682.1
     697    398.9 |     447.6 |     682.1
     698    399.6 |     447.8 |     682.4
     699    400.8 |     448.0 |     682.8
     700    401.4 |     449.3 |     683.2
     701    401.5 |     450.1 |     686.7
     702    403.2 |     450.3 |     688.1
     703    404.4 |     451.2 |     688.7
     704    404.6 |     454.9 |     690.2
     705    406.5 |     455.4 |     694.5
     706    406.6 |     456.4 |     695.0
     707    407.3 |     456.9 |     695.3
     708    408.6 |     457.8 |     695.3
     709    409.5 |     459.5 |     696.0
     710    409.5 |     459.6 |     696.2
     711    409.6 |     461.2 |     696.5
     712    409.6 |     462.3 |     696.9
     713    410.1 |     462.6 |     697.2
     714    411.2 |     462.6 |     697.6
     715    411.6 |     462.8 |     697.6
     716    412.7 |     463.0 |     698.1
     717    414.1 |     464.6 |     698.3
     718    414.5 |     466.8 |     698.4
     719    415.0 |     468.4 |     698.4
     720    415.4 |     468.9 |     698.8
     721    416.3 |     469.1 |     699.6
     722    417.3 |     470.2 |     700.4
     723    417.3 |     471.6 |     701.1
     724    418.1 |     474.6 |     701.4
     725    420.1 |     476.6 |     702.9
     726    420.4 |     477.1 |     703.9
     727    420.6 |     499.7 |     704.9
     728    421.0 |     499.7 |     706.3
     729    421.1 |     499.9 |     707.0
     730    422.2 |     505.6 |     707.3
     731    422.3 |     508.7 |     707.3
     732    423.3 |     510.8 |     707.4
     733    426.3 |     511.5 |     707.5
     734    430.5 |     515.1 |     708.1
     735    444.4 |     518.1 |     711.1
     736    453.0 |     518.3 |     714.0
     737    453.4 |     519.1 |     714.0
     738    453.6 |     521.8 |     714.1
     739    454.2 |     522.5 |     714.5
     740    455.4 |     525.0 |     714.9
     741    455.7 |     525.2 |     714.9
     742    456.1 |     526.3 |     715.0
     743    456.3 |     527.4 |     715.0
     744    456.9 |     530.4 |     717.7
     745    457.1 |     532.4 |     720.1
     746    457.4 |     534.3 |     723.3
     747    457.6 |     535.8 |     724.3
     748    457.9 |     536.3 |     724.8
     749    458.0 |     537.6 |     725.1
     750    459.0 |     538.0 |     726.3
     751    459.0 |     538.3 |     726.4
     752    459.3 |     554.2 |     728.2
     753    459.6 |     559.7 |     728.5
     754    459.9 |     560.7 |     728.5
     755    460.3 |     561.2 |     729.7
     756    460.5 |     562.6 |     729.9
     757    460.6 |     563.9 |     730.4
     758    460.8 |     567.0 |     731.1
     759    461.0 |     576.6 |     731.6
     760    461.6 |     577.6 |     736.3
     761    461.6 |     578.9 |     737.9
     762    461.6 |     583.0 |     738.9
     763    461.6 |     583.4 |     739.7
     764    461.9 |     586.0 |     739.9
     765    462.3 |     587.3 |     740.0
     766    462.4 |     592.9 |     740.2
     767    462.9 |     596.4 |     740.6
     768    463.2 |     599.6 |     740.9
     769    463.3 |     600.9 |     741.9
     770    463.6 |     602.2 |     742.4
     771    463.7 |     604.5 |     743.0
     772    463.8 |     604.9 |     743.9
     773    464.0 |     607.7 |     747.1
     774    464.6 |     609.0 |     747.7
     775    464.9 |     612.4 |     748.3
     776    465.2 |     613.2 |     750.2
     777    465.4 |     618.0 |     750.2
     778    465.8 |     628.1 |     750.4
     779    466.4 |     632.1 |     751.3
     780    466.9 |     636.9 |     751.3
     781    467.1 |     641.9 |     751.4
     782    468.2 |     647.1 |     751.8
     783    468.4 |     648.7 |     752.4
     784    469.1 |     651.7 |     753.2
     785    469.1 |     656.4 |     753.6
     786    469.8 |     665.8 |     754.2
     787    471.4 |     669.5 |     754.5
     788    472.5 |     670.0 |     754.7
     789    472.7 |     677.0 |     757.5
     790    472.9 |     678.5 |     758.4
     791    473.7 |     689.0 |     758.5
     792    474.4 |     691.4 |     759.4
     793    474.7 |     695.9 |     759.7
     794    475.0 |     700.8 |     760.0
     795    475.5 |     702.7 |     760.2
     796    476.5 |     705.2 |     760.2
     797    476.9 |     708.5 |     760.3
     798    478.8 |     710.1 |     760.7
     799    479.9 |     710.2 |     762.1
     800    483.5 |     710.4 |     763.9
     801    483.7 |     711.6 |     766.3
     802    484.9 |     722.1 |     766.4
     803    486.6 |     725.4 |     766.6
     804    487.1 |     727.9 |     766.8
     805    487.5 |     744.7 |     767.1
     806    487.8 |     749.8 |     767.1
     807    488.7 |     750.6 |     767.1
     808    492.7 |     750.9 |     767.1
     809    495.0 |     751.1 |     767.1
     810    495.5 |     753.7 |     767.1
     811    496.2 |     754.1 |     767.1
     812    496.8 |     754.3 |     767.1
     813    498.3 |     765.2 |     767.1
     814    500.7 |     767.8 |     767.2
     815    501.9 |     773.0 |     767.2
     816    503.7 |     773.4 |     767.3
     817    509.3 |     774.2 |     767.3
     818    509.4 |     775.3 |     767.3
     819    512.2 |     778.4 |     767.3
     820    513.2 |     781.0 |     767.6
     821    514.3 |     785.7 |     768.9
     822    514.8 |     789.3 |     768.9
     823    518.4 |     805.4 |     769.3
     824    518.9 |     829.8 |     769.3
     825    525.4 |     830.5 |     769.3
     826    530.8 |     831.6 |     769.3
     827    536.2 |     834.4 |     769.4
     828    544.1 |     842.1 |     769.5
     829    547.8 |     845.4 |     769.8
     830    547.9 |     850.7 |     770.5
     831    557.1 |     858.0 |     770.5
     832    559.8 |     870.6 |     770.6
     833    559.9 |     871.4 |     770.9
     834    560.2 |     873.8 |     770.9
     835    562.9 |     880.1 |     771.2
     836    563.9 |     886.5 |     771.4
     837    567.1 |     887.3 |     771.4
     838    567.9 |     887.8 |     771.4
     839    568.5 |     893.4 |     771.6
     840    573.4 |     904.5 |     771.6
     841    573.5 |     911.7 |     773.8
     842    574.2 |     912.3 |     775.1
     843    574.3 |     914.6 |     775.8
     844    575.8 |     925.8 |     776.0
     845    579.4 |     931.1 |     776.3
     846    579.5 |     933.3 |     777.3
     847    581.1 |     933.7 |     780.3
     848    581.9 |     942.6 |     780.5
     849    586.9 |     944.5 |     780.5
     850    592.0 |     949.4 |     781.4
     851    592.8 |     950.3 |     781.8
     852    592.9 |     950.4 |     782.5
     853    597.1 |     952.3 |     783.4
     854    597.1 |     954.5 |     784.1
     855    599.4 |     954.7 |     784.5
     856    606.6 |     954.7 |     784.7
     857    615.8 |     954.9 |     784.9
     858    617.2 |     959.4 |     785.6
     859    621.5 |     962.7 |     785.7
     860    647.1 |     962.7 |     786.5
     861    648.0 |     965.2 |     787.0
     862    672.9 |     966.6 |     787.1
     863    674.3 |     967.1 |     787.3
     864    676.0 |     967.7 |     788.3
     865    676.7 |     968.4 |     788.5
     866    677.0 |     968.7 |     790.1
     867    677.7 |     969.2 |     791.4
     868    678.7 |     970.2 |     791.7
     869    678.9 |     972.9 |     791.9
     870    679.0 |     973.6 |     795.1
     871    681.5 |     975.0 |     797.0
     872    681.6 |     975.8 |     798.1
     873    681.7 |     976.0 |     798.2
     874    681.9 |     978.0 |     798.9
     875    682.5 |     979.3 |     799.1
     876    683.1 |     983.6 |     800.6
     877    684.6 |     985.5 |     801.5
     878    685.3 |     988.9 |     802.4
     879    686.6 |     989.7 |     803.5
     880    686.7 |     996.3 |     811.1
     881    686.9 |     997.4 |     811.4
     882    689.1 |    1001.6 |     811.6
     883    689.4 |    1003.9 |     813.0
     884    690.2 |    1005.4 |     813.4
     885    690.9 |    1005.7 |     813.5
     886    691.6 |    1005.9 |     813.8
     887    692.6 |    1008.5 |     814.0
     888    693.0 |    1011.5 |     814.0
     889    693.9 |    1018.7 |     814.0
     890    694.2 |    1036.3 |     814.3
     891    694.6 |    1036.9 |     814.6
     892    694.9 |    1041.1 |     814.7
     893    694.9 |    1042.7 |     814.7
     894    697.2 |    1048.3 |     814.9
     895    697.7 |    1057.5 |     815.5
     896    698.4 |    1058.9 |     815.8
     897    698.6 |    1067.9 |     817.0
     898    698.8 |    1089.3 |     817.2
     899    700.1 |    1094.1 |     817.2
     900    700.4 |    1104.6 |     817.4
     901    700.5 |    1109.7 |     817.7
     902    703.6 |    1109.7 |     818.0
     903    705.3 |    1111.4 |     818.1
     904    710.9 |    1111.6 |     818.1
     905    714.3 |    1112.2 |     818.2
     906    717.5 |    1112.4 |     818.5
     907    721.4 |    1112.5 |     818.5
     908    721.6 |    1112.8 |     818.6
     909    723.2 |    1113.4 |     819.9
     910    724.2 |    1113.7 |     820.2
     911    725.1 |    1114.0 |     820.3
     912    730.2 |    1114.3 |     821.4
     913    731.7 |    1114.5 |     821.9
     914    733.7 |    1115.3 |     822.5
     915    749.2 |    1115.8 |     823.2
     916    752.9 |    1117.7 |     823.6
     917    754.1 |    1117.9 |     823.7
     918    755.0 |    1122.9 |     825.1
     919    755.5 |    1123.7 |     825.5
     920    757.6 |    1123.8 |     827.3
     921    759.7 |    1134.5 |     827.7
     922    760.7 |    1134.7 |     828.1
     923    761.0 |    1135.6 |     828.9
     924    761.1 |    1145.5 |     831.3
     925    761.7 |    1145.9 |     832.6
     926    761.8 |    1146.4 |     833.3
     927    762.2 |    1147.3 |     833.7
     928    762.7 |    1157.0 |     833.9
     929    762.9 |    1157.3 |     834.8
     930    764.2 |    1157.5 |     835.3
     931    764.5 |    1159.5 |     836.0
     932    764.6 |    1169.5 |     837.0
     933    764.9 |    1170.0 |     837.4
     934    765.5 |    1174.2 |     837.7
     935    766.3 |    1174.5 |     838.1
     936    767.9 |    1176.4 |     840.9
     937    768.5 |    1177.9 |     841.2
     938    768.6 |    1180.1 |     842.9
     939    769.6 |    1180.7 |     843.0
     940    770.6 |    1180.8 |     843.2
     941    770.9 |    1183.9 |     844.2
     942    771.0 |    1184.7 |     845.7
     943    771.1 |    1188.0 |     846.7
     944    771.7 |    1188.1 |     846.7
     945    772.2 |    1189.1 |     846.8
     946    772.4 |    1189.3 |     847.0
     947    772.5 |    1193.2 |     849.3
     948    772.6 |    1194.6 |     851.7
     949    772.9 |    1199.5 |     851.8
     950    777.5 |    1202.7 |     852.0
     951    777.8 |    1204.1 |     853.0
     952    778.2 |    1204.4 |     858.3
     953    779.0 |    1213.3 |     861.4
     954    780.3 |    1218.0 |     863.2
     955    781.5 |    1218.0 |     867.6
     956    785.9 |    1226.2 |     868.6
     957    790.1 |    1244.8 |     868.8
     958    791.1 |    1245.0 |     869.1
     959    793.8 |    1249.1 |     869.7
     960    795.2 |    1274.1 |     870.3
     961    797.6 |    1275.0 |     870.5
     962    798.0 |    1275.7 |     870.8
     963    798.0 |    1290.3 |     871.6
     964    801.7 |    1317.8 |     871.8
     965    801.7 |    1318.6 |     871.8
     966    803.3 |    1319.4 |     871.9
     967    804.4 |    1325.3 |     872.0
     968    804.6 |    1335.4 |     872.2
     969    804.9 |    1336.3 |     872.3
     970    805.4 |    1337.3 |     872.4
     971    806.2 |    1344.4 |     872.7
     972    807.2 |    1354.1 |     872.8
     973    807.3 |    1354.6 |     872.8
     974    808.5 |    1355.3 |     872.9
     975    808.6 |    1356.2 |     872.9
     976    810.2 |    1362.7 |     873.0
     977    812.3 |    1364.0 |     873.0
     978    818.8 |    1365.7 |     873.1
     979    818.9 |    1374.7 |     873.1
     980    819.2 |    1384.5 |     873.3
     981    819.5 |    1399.6 |     873.3
     982    819.6 |    1400.4 |     873.4
     983    821.7 |    1402.7 |     873.5
     984    823.2 |    1404.1 |     873.6
     985    823.6 |    1407.5 |     873.8
     986    825.4 |    1419.8 |     874.0
     987    825.6 |    1420.3 |     874.0
     988    826.5 |    1426.1 |     874.2
     989    826.9 |    1435.4 |     874.3
     990    828.6 |    1435.8 |     874.3
     991    828.7 |    1436.1 |     874.4
     992    829.4 |    1438.2 |     874.5
     993    831.5 |    1439.7 |     874.5
     994    832.7 |    1446.0 |     874.7
     995    833.0 |    1446.3 |     874.7
     996    833.5 |    1446.9 |     874.8
     997    834.6 |    1447.5 |     875.0
     998    834.7 |    1448.0 |     875.1
     999    834.8 |    1448.1 |     875.7
    1000    834.9 |    1448.5 |     875.7
    1001    836.6 |    1448.7 |     875.9
    1002    838.5 |    1449.0 |     876.1
    1003    841.5 |    1450.0 |     876.2
    1004    842.6 |    1450.3 |     876.6
    1005    842.9 |    1450.4 |     876.6
    1006    843.5 |    1450.6 |     876.7
    1007    844.3 |    1450.6 |     876.8
    1008    845.8 |    1451.1 |     876.8
    1009    846.0 |    1451.3 |     877.2
    1010    848.2 |    1453.9 |     878.1
    1011    849.9 |    1454.5 |     878.3
    1012    852.8 |    1455.4 |     879.1
    1013    853.4 |    1455.5 |     879.1
    1014    854.3 |    1460.3 |     879.4
    1015    854.6 |    1475.8 |     879.7
    1016    855.4 |    1478.0 |     880.2
    1017    857.6 |    1479.1 |     880.7
    1018    859.3 |    1479.3 |     881.2
    1019    859.7 |    1480.2 |     881.3
    1020    860.1 |    1480.4 |     882.4
    1021    861.7 |    1480.6 |     883.4
    1022    862.0 |    1480.8 |     886.1
    1023    862.6 |    1480.8 |     886.3
    1024    863.1 |    1481.0 |     887.3
    1025    863.4 |    1481.4 |     888.0
    1026    863.8 |    1481.5 |     888.0
    1027    864.8 |    1482.0 |     889.2
    1028    867.0 |    1482.4 |     893.4
    1029    867.5 |    1484.4 |     894.7
    1030    868.0 |    1485.6 |     895.2
    1031    868.0 |    1486.7 |     895.6
    1032    869.0 |    1487.6 |     896.0
    1033    870.0 |    1488.6 |     898.6
    1034    870.1 |    1490.1 |     899.4
    1035    870.8 |    1490.6 |     899.4
    1036    871.3 |    1490.6 |     899.6
    1037    877.2 |    1491.9 |     899.7
    1038    879.2 |    1512.7 |     899.8
    1039    883.6 |    1513.0 |     899.9
    1040    884.2 |    1514.9 |     900.3
    1041    884.4 |    1526.6 |     900.3
    1042    885.2 |    1545.9 |     900.4
    1043    887.7 |    1600.5 |     900.5
    1044    888.6 |    1607.6 |     900.6
    1045    890.3 |    1607.9 |     900.6
    1046    892.2 |    1608.4 |     900.7
    1047    892.3 |    1608.8 |     900.7
    1048    892.9 |    1608.9 |     900.7
    1049    892.9 |    1609.2 |     900.8
    1050    893.5 |    1609.5 |     900.8
    1051    894.3 |    1609.6 |     900.8
    1052    895.2 |    1609.8 |     900.9
    1053    895.8 |    1609.9 |     900.9
    1054    898.1 |    1610.2 |     900.9
    1055    900.0 |    1610.4 |     901.0
    1056    901.1 |    1611.1 |     901.1
    1057    903.2 |    1611.4 |     901.1
    1058    903.4 |    1611.5 |     901.2
    1059    903.5 |    1611.7 |     901.2
    1060    905.1 |    1611.7 |     901.3
    1061    910.5 |    1612.8 |     902.7
    1062    911.2 |    1613.8 |     902.7
    1063    911.7 |    1614.2 |     902.8
    1064    912.0 |    1620.1 |     902.8
    1065    913.4 |    1620.3 |     903.1
    1066    914.8 |    1620.7 |     905.5
    1067    915.7 |    1621.7 |     905.8
    1068    916.0 |    1622.4 |     908.2
    1069    916.3 |    1625.2 |     908.3
    1070    919.4 |    1625.5 |     909.2
    1071    920.5 |    1651.9 |     909.6
    1072    921.8 |    1661.2 |     911.1
    1073    922.3 |    1670.8 |     911.4
    1074    924.5 |    1705.1 |     913.9
    1075    924.9 |    2551.9 |     914.9
    1076    925.5 |    2554.3 |     915.4
    1077    926.1 |    2555.0 |     916.7
    1078    927.9 |    2558.1 |     916.9
    1079    929.5 |    2558.8 |     917.0
    1080    930.3 |    2559.3 |     917.7
    1081    930.5 |    2559.7 |     918.0
    1082    930.7 |    2561.2 |     918.1
    1083    932.7 |    2565.4 |     918.1
    1084    933.4 |    2565.6 |     918.1
    1085    934.8 |    2569.1 |     918.2
    1086    935.3 |    2570.0 |     918.2
    1087    935.7 |    2572.0 |     918.2
    1088    936.5 |    2573.2 |     918.2
    1089    936.9 |    2579.0 |     918.3
    1090    938.1 |    2579.6 |     918.7
    1091    938.6 |    2579.6 |     918.8
    1092    938.8 |    2585.8 |     918.8
    1093    939.7 |    2586.3 |     920.3
    1094    939.8 |    2586.8 |     920.6
    1095    940.3 |    2587.4 |     921.2
    1096    940.4 |    2589.4 |     921.4
    1097    941.1 |    2590.6 |     922.0
    1098    942.5 |    2592.5 |     922.4
    1099    944.4 |    2592.5 |     922.4
    1100    945.7 |    2594.6 |     923.7
    1101    945.8 |    2595.8 |     923.8
    1102    949.9 |    2595.8 |     924.0
    1103    950.0 |    2598.5 |     924.2
    1104    950.2 |    2598.6 |     925.2
    1105    951.2 |    2598.8 |     927.0
    1106    952.5 |    2599.1 |     929.0
    1107    954.5 |    2600.5 |     929.1
    1108    954.9 |    2601.0 |     930.5
    1109    957.1 |    2601.7 |     931.0
    1110    957.7 |    2604.9 |     931.2
    1111    958.6 |    2607.8 |     931.9
    1112    960.3 |    2608.8 |     932.5
    1113    961.7 |    2610.4 |     933.4
    1114    962.1 |    2968.9 |     933.4
    1115    962.4 |    2978.7 |     933.6
    1116    965.4 |    2980.5 |     939.0
    1117    968.8 |    2983.0 |     939.5
    1118    969.3 |    2983.7 |     943.7
    1119    970.2 |    2993.0 |     944.8
    1120    973.0 |    3005.6 |     945.5
    1121    975.5 |    3005.7 |     945.5
    1122    978.0 |    3009.2 |     945.7
    1123    981.0 |    3009.9 |     946.7
    1124    981.2 |    3013.3 |     946.8
    1125    983.1 |    3015.0 |     946.8
    1126    987.5 |    3015.2 |     946.8
    1127    987.7 |    3017.3 |     947.0
    1128    988.0 |    3021.9 |     947.3
    1129    993.7 |    3022.5 |     948.8
    1130    994.1 |    3030.4 |     948.9
    1131    994.3 |    3033.4 |     949.0
    1132    997.6 |    3038.3 |     949.1
    1133   1000.4 |    3039.1 |     949.1
    1134   1003.3 |    3040.8 |     949.6
    1135   1004.3 |    3044.3 |     950.6
    1136   1004.5 |    3046.9 |     951.6
    1137   1004.7 |    3050.3 |     952.3
    1138   1005.1 |    3050.6 |     952.4
    1139   1005.4 |    3052.4 |     952.7
    1140   1005.8 |    3059.6 |     956.2
    1141   1006.7 |    3065.2 |     956.3
    1142   1010.3 |    3067.0 |     959.3
    1143   1012.6 |    3074.8 |     960.2
    1144   1018.6 |    3077.4 |     960.9
    1145   1039.4 |    3082.8 |     964.7
    1146   1040.7 |    3087.6 |     965.2
    1147   1040.9 |    3089.5 |     966.4
    1148   1057.0 |    3092.3 |     967.9
    1149   1060.9 |    3092.6 |     968.0
    1150   1063.6 |    3093.9 |     968.1
    1151   1065.1 |    3096.5 |     968.3
    1152   1065.7 |    3096.7 |     968.4
    1153   1066.3 |    3099.8 |     968.5
    1154   1068.2 |    3100.1 |     968.5
    1155   1069.5 |    3100.9 |     968.5
    1156   1070.2 |    3101.4 |     968.6
    1157   1072.1 |    3101.6 |     968.6
    1158   1072.7 |    3102.9 |     968.6
    1159   1073.3 |    3103.2 |     968.6
    1160   1075.8 |    3103.9 |     968.8
    1161   1078.6 |    3105.4 |     968.8
    1162   1079.1 |    3106.1 |     968.8
    1163   1082.7 |    3106.3 |     968.8
    1164   1084.2 |    3106.8 |     968.9
    1165   1084.6 |    3107.4 |     969.1
    1166   1087.3 |    3108.2 |     972.5
    1167   1088.0 |    3109.1 |     972.8
    1168   1089.2 |    3109.2 |     973.1
    1169   1090.8 |    3109.9 |     974.9
    1170   1090.9 |    3110.7 |     975.1
    1171   1091.5 |    3110.8 |     975.7
    1172   1093.0 |    3112.2 |     976.6
    1173   1094.5 |    3112.5 |     977.9
    1174   1094.6 |    3113.0 |     980.1
    1175   1096.8 |    3113.2 |     980.4
    1176   1100.1 |    3114.4 |     980.8
    1177   1104.3 |    3114.7 |     981.3
    1178   1105.6 |    3115.1 |     981.5
    1179   1105.8 |    3116.0 |     982.1
    1180   1106.2 |    3116.0 |     982.1
    1181   1108.2 |    3116.2 |     982.6
    1182   1109.8 |    3116.5 |     982.7
    1183   1111.8 |    3117.0 |     984.7
    1184   1113.9 |    3118.7 |     985.3
    1185   1117.1 |    3119.5 |     986.4
    1186   1117.5 |    3121.7 |     986.5
    1187   1120.2 |    3122.0 |     986.6
    1188   1124.0 |    3123.1 |     987.4
    1189   1124.4 |    3124.7 |     987.5
    1190   1126.7 |    3126.0 |     987.7
    1191   1128.7 |    3126.1 |     988.1
    1192   1128.8 |    3127.8 |     988.4
    1193   1129.5 |    3132.4 |     988.4
    1194   1130.5 |    3132.7 |     989.0
    1195   1131.8 |    3134.3 |     989.3
    1196   1132.5 |    3135.0 |     990.1
    1197   1133.2 |    3137.4 |     991.6
    1198   1133.9 |    3138.6 |     992.6
    1199   1134.1 |    3139.6 |     992.8
    1200   1134.6 |    3139.8 |     993.4
    1201   1135.6 |    3140.3 |     993.4
    1202   1136.5 |    3140.9 |     993.7
    1203   1136.6 |    3142.1 |     993.7
    1204   1136.7 |    3142.6 |     993.8
    1205   1136.8 |    3143.1 |     993.8
    1206   1137.4 |    3145.3 |     993.8
    1207   1138.0 |    3146.1 |     994.0
    1208   1138.0 |    3146.2 |     994.0
    1209   1138.0 |    3146.3 |     994.1
    1210   1139.0 |    3146.3 |     995.1
    1211   1139.1 |    3146.5 |     996.5
    1212   1139.5 |    3146.9 |     999.0
    1213   1140.0 |    3147.1 |     999.0
    1214   1140.3 |    3151.4 |    1002.6
    1215   1140.4 |    3152.3 |    1004.8
    1216   1140.6 |    3153.1 |    1004.9
    1217   1140.8 |    3153.8 |    1005.0
    1218   1141.4 |    3154.0 |    1005.0
    1219   1142.9 |    3154.1 |    1005.0
    1220   1143.0 |    3154.2 |    1005.0
    1221   1143.4 |    3154.3 |    1005.1
    1222   1143.4 |    3154.8 |    1005.1
    1223   1143.4 |    3155.8 |    1005.2
    1224   1144.4 |    3156.4 |    1005.2
    1225   1145.3 |    3157.2 |    1005.3
    1226   1145.6 |    3157.2 |    1005.3
    1227   1145.7 |    3159.5 |    1005.3
    1228   1148.8 |    3159.6 |    1005.3
    1229   1149.7 |    3159.8 |    1005.4
    1230   1149.9 |    3160.0 |    1005.4
    1231   1150.1 |    3160.1 |    1005.4
    1232   1151.9 |    3162.7 |    1005.4
    1233   1152.1 |    3163.0 |    1005.5
    1234   1152.8 |    3163.1 |    1005.5
    1235   1154.3 |    3164.1 |    1005.6
    1236   1155.6 |    3164.2 |    1005.6
    1237   1156.9 |    3164.5 |    1005.7
    1238   1157.3 |    3165.7 |    1005.7
    1239   1159.1 |    3166.5 |    1005.7
    1240   1163.1 |    3166.8 |    1005.8
    1241   1163.6 |    3167.1 |    1005.9
    1242   1165.4 |    3168.3 |    1005.9
    1243   1166.5 |    3170.5 |    1005.9
    1244   1167.8 |    3170.8 |    1006.0
    1245   1169.8 |    3171.2 |    1006.0
    1246   1170.1 |    3172.0 |    1006.0
    1247   1170.3 |    3172.1 |    1006.1
    1248   1170.5 |    3172.5 |    1006.1
    1249   1170.7 |    3172.7 |    1006.1
    1250   1170.8 |    3173.1 |    1006.2
    1251   1172.3 |    3173.3 |    1006.4
    1252   1174.0 |    3173.5 |    1006.4
    1253   1174.2 |    3173.6 |    1007.1
    1254   1174.9 |    3173.9 |    1007.1
    1255   1175.6 |    3174.6 |    1008.1
    1256   1175.7 |    3176.2 |    1008.3
    1257   1176.7 |    3176.4 |    1008.3
    1258   1177.9 |    3176.5 |    1008.4
    1259   1179.8 |    3176.9 |    1008.7
    1260   1179.8 |    3177.9 |    1008.9
    1261   1180.0 |    3178.0 |    1009.0
    1262   1180.6 |    3178.5 |    1009.1
    1263   1180.9 |    3178.8 |    1009.2
    1264   1180.9 |    3178.8 |    1009.3
    1265   1182.0 |    3178.9 |    1009.3
    1266   1182.7 |    3180.0 |    1009.4
    1267   1183.4 |    3180.1 |    1009.4
    1268   1183.5 |    3180.5 |    1009.4
    1269   1183.5 |    3181.7 |    1009.4
    1270   1183.9 |    3181.7 |    1009.5
    1271   1184.7 |    3181.9 |    1009.5
    1272   1185.4 |    3182.4 |    1009.5
    1273   1186.4 |    3182.5 |    1009.6
    1274   1188.3 |    3182.6 |    1009.6
    1275   1188.7 |    3182.9 |    1009.7
    1276   1188.9 |    3185.3 |    1009.7
    1277   1189.0 |    3185.7 |    1009.8
    1278   1190.2 |    3186.5 |    1009.8
    1279   1191.1 |    3186.9 |    1009.8
    1280   1191.7 |    3187.2 |    1009.9
    1281   1192.4 |    3187.4 |    1009.9
    1282   1193.1 |    3187.6 |    1009.9
    1283   1193.9 |    3188.5 |    1010.0
    1284   1193.9 |    3190.2 |    1010.1
    1285   1195.2 |    3190.4 |    1010.1
    1286   1197.0 |    3191.4 |    1010.2
    1287   1199.9 |    3192.0 |    1010.2
    1288   1200.9 |    3192.4 |    1010.3
    1289   1201.0 |    3192.8 |    1010.3
    1290   1201.2 |    3193.1 |    1010.3
    1291   1201.6 |    3194.0 |    1010.4
    1292   1202.4 |    3194.2 |    1010.4
    1293   1202.7 |    3195.0 |    1010.5
    1294   1202.8 |    3195.1 |    1010.5
    1295   1203.5 |    3195.7 |    1010.6
    1296   1204.8 |    3195.9 |    1010.6
    1297   1204.8 |    3197.2 |    1010.8
    1298   1206.7 |    3199.0 |    1011.0
    1299   1207.7 |    3199.1 |    1013.2
    1300   1209.5 |    3199.2 |    1014.8
    1301   1212.0 |    3199.6 |    1015.0
    1302   1212.1 |    3199.7 |    1016.1
    1303   1213.3 |    3199.9 |    1016.2
    1304   1213.4 |    3200.0 |    1016.3
    1305   1213.5 |    3200.4 |    1016.3
    1306   1213.6 |    3203.7 |    1016.4
    1307   1213.9 |    3204.2 |    1016.5
    1308   1215.6 |    3205.5 |    1016.5
    1309   1216.0 |    3205.6 |    1018.0
    1310   1217.0 |    3206.3 |    1018.1
    1311   1217.8 |    3207.1 |    1018.4
    1312   1217.8 |    3207.4 |    1018.7
    1313   1218.0 |    3207.7 |    1018.8
    1314   1218.1 |    3208.0 |    1019.0
    1315   1218.7 |    3208.2 |    1020.4
    1316   1221.0 |    3208.5 |    1022.4
    1317   1221.5 |    3208.5 |    1023.0
    1318   1221.9 |    3209.2 |    1023.0
    1319   1223.5 |    3209.3 |    1023.0
    1320   1224.2 |    3209.4 |    1023.0
    1321   1224.2 |    3209.4 |    1023.2
    1322   1225.0 |    3209.8 |    1025.8
    1323   1225.1 |    3210.1 |    1025.8
    1324   1225.1 |    3210.1 |    1025.9
    1325   1225.6 |    3210.3 |    1025.9
    1326   1225.7 |    3210.6 |    1026.0
    1327   1225.9 |    3210.6 |    1026.0
    1328   1226.0 |    3211.2 |    1026.1
    1329   1226.4 |    3211.3 |    1026.1
    1330   1226.7 |    3212.1 |    1026.1
    1331   1226.9 |    3212.5 |    1026.2
    1332   1227.0 |    3213.0 |    1026.2
    1333   1227.1 |    3213.2 |    1026.2
    1334   1227.3 |    3213.3 |    1026.3
    1335   1227.4 |    3213.7 |    1026.3
    1336   1228.2 |    3214.2 |    1026.5
    1337   1228.8 |    3214.3 |    1026.5
    1338   1229.3 |    3214.5 |    1026.5
    1339   1230.0 |    3214.7 |    1026.6
    1340   1230.3 |    3215.1 |    1027.1
    1341   1231.1 |    3215.3 |    1029.5
    1342   1231.1 |    3215.4 |    1029.7
    1343   1232.4 |    3215.5 |    1030.0
    1344   1233.1 |    3215.7 |    1036.6
    1345   1234.4 |    3215.9 |    1039.1
    1346   1234.5 |    3216.0 |    1043.9
    1347   1234.8 |    3216.3 |    1044.3
    1348   1234.8 |    3216.8 |    1045.7
    1349   1235.0 |    3216.9 |    1049.2
    1350   1235.7 |    3216.9 |    1052.0
    1351   1236.4 |    3216.9 |    1052.6
    1352   1237.6 |    3217.0 |    1057.9
    1353   1237.8 |    3217.4 |    1057.9
    1354   1237.9 |    3217.5 |    1058.1
    1355   1237.9 |    3218.2 |    1058.2
    1356   1238.8 |    3218.3 |    1058.3
    1357   1238.9 |    3218.3 |    1058.4
    1358   1239.4 |    3218.5 |    1058.5
    1359   1239.9 |    3218.6 |    1058.5
    1360   1242.2 |    3220.2 |    1058.5
    1361   1242.2 |    3220.2 |    1058.7
    1362   1242.2 |    3220.4 |    1058.8
    1363   1242.4 |    3221.0 |    1059.1
    1364   1243.1 |    3221.2 |    1059.3
    1365   1245.1 |    3221.2 |    1059.5
    1366   1246.3 |    3221.6 |    1059.6
    1367   1249.3 |    3221.7 |    1059.7
    1368   1250.2 |    3221.9 |    1059.8
    1369   1251.3 |    3222.1 |    1059.9
    1370   1252.5 |    3222.1 |    1059.9
    1371   1253.5 |    3222.2 |    1060.0
    1372   1253.6 |    3222.7 |    1060.0
    1373   1255.3 |    3222.8 |    1060.1
    1374   1258.3 |    3223.0 |    1060.2
    1375   1260.9 |    3223.0 |    1060.4
    1376   1261.6 |    3223.4 |    1060.5
    1377   1266.8 |    3223.6 |    1060.6
    1378   1267.4 |    3223.8 |    1061.0
    1379   1271.1 |    3223.8 |    1061.2
    1380   1279.5 |    3224.2 |    1061.6
    1381   1281.6 |    3224.5 |    1061.7
    1382   1281.6 |    3224.6 |    1061.9
    1383   1282.1 |    3224.7 |    1061.9
    1384   1283.1 |    3224.8 |    1061.9
    1385   1297.4 |    3224.9 |    1061.9
    1386   1301.6 |    3225.5 |    1062.0
    1387   1301.9 |    3225.7 |    1062.1
    1388   1302.2 |    3225.8 |    1062.2
    1389   1302.7 |    3226.0 |    1062.2
    1390   1303.7 |    3226.1 |    1062.3
    1391   1306.9 |    3226.2 |    1062.3
    1392   1307.5 |    3227.0 |    1062.4
    1393   1321.6 |    3227.2 |    1062.4
    1394   1331.3 |    3227.3 |    1062.6
    1395   1333.2 |    3227.6 |    1062.9
    1396   1345.3 |    3227.9 |    1063.0
    1397   1351.0 |    3228.8 |    1063.0
    1398   1357.6 |    3229.1 |    1063.2
    1399   1360.1 |    3229.1 |    1063.3
    1400   1361.9 |    3229.4 |    1063.3
    1401   1362.5 |    3230.4 |    1063.4
    1402   1362.8 |    3231.0 |    1063.4
    1403   1363.9 |    3231.6 |    1063.4
    1404   1364.7 |    3237.2 |    1063.5
    1405   1364.9 |    3239.0 |    1063.6
    1406   1365.6 |    3244.2 |    1063.6
    1407   1369.8 |    3244.4 |    1063.8
    1408   1370.6 |    3245.5 |    1063.8
    1409   1370.8 |    3246.3 |    1063.9
    1410   1371.0 |    3252.6 |    1068.7
    1411   1371.6 |    3255.1 |    1073.9
    1412   1373.7 |    3257.4 |    1074.6
    1413   1374.8 |    3260.5 |    1075.0
    1414   1375.3 |    3260.9 |    1080.8
    1415   1377.8 |    3262.4 |    1083.1
    1416   1378.4 |    3265.3 |    1086.8
    1417   1380.7 |    3283.8 |    1088.9
    1418   1382.7 |    3284.3 |    1093.7
    1419   1384.6 |    3436.1 |    1095.5
    1420   1389.0 |    3450.9 |    1095.7
    1421   1389.2 |    3451.5 |    1095.7
    1422   1390.7 |    3452.8 |    1095.8
    1423   1390.9 |    3455.8 |    1095.8
    1424   1391.8 |    3456.9 |    1095.8
    1425   1395.3 |    3460.2 |    1095.8
    1426   1397.5 |    3463.3 |    1095.9
    1427   1407.2 |    3463.8 |    1096.0
    1428   1409.1 |    3464.3 |    1096.1
    1429   1415.7 |    3464.5 |    1096.2
    1430   1421.6 |    3464.5 |    1096.3
    1431   1426.3 |    3464.6 |    1096.4
    1432   1426.8 |    3464.8 |    1097.1
    1433   1432.9 |    3464.8 |    1097.2
    1434   1435.1 |    3465.5 |    1097.4
    1435   1436.0 |    3467.1 |    1097.6
    1436   1436.5 |    3470.4 |    1097.8
    1437   1436.9 |    3473.9 |    1097.8
    1438   1437.7 |    3491.0 |    1098.0
    1439   1438.4 |    3493.9 |    1098.0
    1440   1439.9 |    3494.3 |    1098.1
    1441   1441.5 |    3495.7 |    1098.2
    1442   1442.4 |    3496.3 |    1098.3
    1443   1443.2 |    3497.5 |    1098.4
    1444   1445.3 |    3497.9 |    1099.1
    1445   1445.7 |    3498.4 |    1099.3
    1446   1449.1 |    3498.4 |    1099.7
    1447   1451.5 |    3498.6 |    1099.8
    1448   1452.1 |    3498.8 |    1103.6
    1449   1452.3 |    3499.6 |    1104.5
    1450   1452.5 |    3501.4 |    1110.3
    1451   1453.2 |    3522.8 |    1116.5
    1452   1453.4 |    3545.6 |    1118.7
    1453   1453.5 |    3553.4 |    1119.6
    1454   1455.9 |    3557.7 |    1128.4
    1455   1457.7 |    3558.3 |    1132.1
    1456   1458.1 |    3559.7 |    1146.0
    1457   1459.1 |    3561.9 |    1153.8
    1458   1459.7 |    3562.4 |    1154.3
    1459   1461.7 |    3564.5 |    1202.3
    1460   1462.0 |    3566.4 |    1206.6
    1461   1465.1 |    3567.3 |    1221.7
    1462   1467.4 |    3567.6 |    1223.0
    1463   1468.7 |    3567.7 |    1228.4
    1464   1470.3 |    3568.5 |    1232.2
    1465   1470.8 |    3570.2 |    1238.5
    1466   1473.4 |    3570.6 |    1243.8
    1467   1602.2 |    3571.0 |    1246.0
    1468   1603.5 |    3571.1 |    1251.8
    1469   1603.6 |    3571.1 |    1251.8
    1470   1603.6 |    3571.3 |    1267.5
    1471   1605.6 |    3571.8 |    1268.7
    1472   1606.4 |    3572.0 |    1294.6
    1473   1608.2 |    3572.0 |    1342.7
    1474   1610.0 |    3572.2 |    1423.9
    1475   1610.9 |    3572.5 |    1435.5
    1476   1611.0 |    3574.5 |    1436.4
    1477   1611.1 |    3576.5 |    1436.5
    1478   1612.4 |    3576.7 |    1436.5
    1479   1613.5 |    3577.7 |    1436.7
    1480   1614.3 |    3577.8 |    1436.8
    1481   1615.5 |    3577.9 |    1436.9
    1482   1618.3 |    3578.3 |    1436.9
    1483   1618.4 |    3578.4 |    1437.0
    1484   1618.8 |    3579.7 |    1437.4
    1485   1628.7 |    3580.0 |    1437.7
    1486   1629.0 |    3580.2 |    1437.7
    1487   1630.1 |    3580.3 |    1438.0
    1488   1630.6 |    3580.4 |    1444.1
    1489   1633.3 |    3581.3 |    1444.5
    1490   1633.8 |    3586.1 |    1444.5
    1491   1635.0 |    3588.8 |    1444.6
    1492   1637.9 |    3589.7 |    1444.7
    1493   1638.7 |    3591.0 |    1445.0
    1494   1639.6 |    3593.4 |    1445.0
    1495   1641.4 |    3595.7 |    1445.2
    1496   1642.4 |    3596.0 |    1445.3
    1497   1645.0 |    3596.1 |    1445.4
    1498   1645.3 |    3596.9 |    1445.8
    1499   1649.9 |    3596.9 |    1445.8
    1500   2428.5 |    3597.9 |    1446.3
    1501   2431.9 |    3598.0 |    1446.4
    1502   2434.5 |    3598.0 |    1446.4
    1503   2436.6 |    3598.3 |    1446.8
    1504   2437.5 |    3599.4 |    1446.9
    1505   2442.5 |    3600.6 |    1446.9
    1506   2445.3 |    3601.4 |    1447.2
    1507   2454.8 |    3601.5 |    1447.3
    1508   2463.4 |    3601.8 |    1447.5
    1509   2465.5 |    3602.8 |    1447.7
    1510   2467.6 |    3603.3 |    1448.1
    1511   2467.8 |    3605.0 |    1448.6
    1512   2470.4 |    3605.3 |    1448.7
    1513   2470.9 |    3605.4 |    1449.0
    1514   2473.6 |    3606.3 |    1654.0
    1515   2475.8 |    3606.3 |    1697.5
    1516   2481.9 |    3606.7 |    1716.1
    1517   2904.8 |    3607.1 |    1737.8
    1518   2941.3 |    3607.4 |    1825.1
    1519   2963.4 |    3634.8 |    1825.2
  -----------------------------------------------------------
    RMSD          |    1068.7 |     214.0
     MAE          |     663.9 |     167.6
=============================================================



==============================================
  TIMING [JAX (gpu) + MM3 + Optax Adam+cosine]
==============================================
  Optimization S               661.55 s
  Function Evaluations             2001
  Per Evaluation S             330.6 ms
==============================================


