
=======================================================
  SUMMARY [JAX (gpu) + MM3 + Optax Adam]
=======================================================
  RMSD (cm⁻¹):       1068.7 → 263.9
  Score:             1841.264466 → 497.268366  (+73.0%)
  Function evals:    2001
  Wall time:         896.2s
  Scipy converged:   False
  Scipy message:     Max steps (2000) reached
=======================================================



======================================================
  FREQUENCY PROGRESSION [JAX (gpu) + MM3 + Optax Adam]
======================================================
    Mode   QM ref |   QFUERZA | Optimized
  ----------------------------------------------------
       1     50.2 |      50.1 |      50.6
       2     51.2 |      50.1 |      50.6
       3     51.6 |      50.2 |      52.7
       4     51.8 |      50.2 |      52.7
       5     52.5 |      50.5 |      52.7
       6     53.3 |      50.6 |      53.0
       7     53.6 |      51.0 |      53.5
       8     53.7 |      51.1 |      53.6
       9     54.0 |      51.2 |      53.6
      10     54.0 |      51.4 |      54.2
      11     54.4 |      52.5 |      54.6
      12     55.3 |      52.7 |      54.6
      13     55.3 |      53.2 |      55.0
      14     55.7 |      53.2 |      55.1
      15     55.8 |      54.2 |      55.3
      16     56.0 |      55.0 |      55.4
      17     56.1 |      55.3 |      55.7
      18     56.8 |      55.5 |      55.9
      19     57.7 |      56.1 |      56.1
      20     57.9 |      56.5 |      56.1
      21     58.2 |      56.7 |      56.8
      22     58.4 |      56.9 |      56.9
      23     58.8 |      57.0 |      57.3
      24     59.7 |      57.5 |      57.4
      25     59.8 |      57.8 |      58.3
      26     59.9 |      58.6 |      58.3
      27     60.1 |      58.9 |      58.7
      28     60.2 |      59.0 |      58.9
      29     61.1 |      59.3 |      59.5
      30     61.3 |      60.5 |      59.5
      31     61.4 |      60.5 |      61.8
      32     61.5 |      60.6 |      62.7
      33     62.5 |      61.3 |      63.8
      34     62.9 |      61.4 |      64.3
      35     63.1 |      62.3 |      64.3
      36     63.5 |      62.8 |      64.5
      37     63.7 |      63.1 |      65.6
      38     63.8 |      64.2 |      65.7
      39     63.9 |      64.5 |      67.0
      40     64.1 |      64.8 |      67.5
      41     64.4 |      65.1 |      67.8
      42     64.8 |      65.2 |      68.1
      43     65.0 |      65.3 |      69.2
      44     65.2 |      66.5 |      69.7
      45     65.3 |      66.8 |      70.4
      46     66.0 |      67.0 |      70.5
      47     66.0 |      67.2 |      71.4
      48     66.1 |      67.5 |      71.7
      49     66.5 |      67.8 |      72.0
      50     66.5 |      68.2 |      72.1
      51     66.6 |      68.6 |      72.5
      52     66.7 |      69.4 |      73.4
      53     67.0 |      69.5 |      74.2
      54     67.4 |      69.7 |      76.2
      55     67.6 |      69.8 |      76.3
      56     68.5 |      70.8 |      76.5
      57     68.6 |      71.6 |      77.9
      58     68.6 |      71.9 |      78.1
      59     68.9 |      72.2 |      78.7
      60     68.9 |      72.2 |      78.9
      61     69.8 |      72.3 |      79.0
      62     69.9 |      73.2 |      79.9
      63     70.4 |      73.4 |      82.1
      64     70.7 |      73.7 |      82.2
      65     71.8 |      74.1 |      82.4
      66     72.3 |      74.3 |      82.4
      67     72.5 |      74.4 |      82.9
      68     72.5 |      74.4 |      83.0
      69     72.7 |      74.6 |      83.2
      70     73.3 |      74.8 |      83.5
      71     73.7 |      77.1 |      83.8
      72     74.1 |      77.4 |      84.1
      73     75.3 |      77.5 |      84.6
      74     76.4 |      77.7 |      85.0
      75     76.5 |      77.8 |      85.0
      76     76.6 |      78.5 |      85.1
      77     77.1 |      78.6 |      86.5
      78     78.4 |      79.1 |      87.0
      79     78.5 |      79.3 |      87.1
      80     79.4 |      79.9 |      87.2
      81     79.6 |      80.6 |      88.4
      82     79.6 |      80.7 |      89.0
      83     79.7 |      80.8 |      89.3
      84     79.9 |      81.0 |      90.0
      85     80.1 |      81.2 |      95.4
      86     80.1 |      82.5 |      95.4
      87     80.8 |      83.4 |      95.7
      88     81.1 |      83.4 |      96.5
      89     83.9 |      83.8 |      97.5
      90     84.8 |      83.9 |      98.0
      91     85.5 |      83.9 |      99.1
      92     85.6 |      84.2 |      99.5
      93     85.8 |      84.6 |     100.6
      94     85.9 |      86.5 |     101.5
      95     86.2 |      86.8 |     101.9
      96     86.2 |      87.0 |     104.1
      97     86.4 |      87.3 |     105.5
      98     86.8 |      88.7 |     105.9
      99     87.1 |      89.1 |     106.3
     100     87.2 |      89.3 |     106.5
     101     87.4 |      89.3 |     108.0
     102     87.5 |      90.5 |     108.6
     103     87.6 |      90.9 |     111.9
     104     87.7 |      91.0 |     111.9
     105     88.1 |      91.5 |     112.7
     106     88.4 |      92.3 |     114.4
     107     88.4 |      92.4 |     114.5
     108     89.5 |      92.4 |     115.8
     109     90.0 |      92.8 |     116.6
     110     90.6 |      93.0 |     116.7
     111     90.9 |      93.9 |     117.4
     112     91.4 |      93.9 |     117.4
     113     91.4 |      95.3 |     118.4
     114     91.7 |      95.6 |     120.3
     115     91.9 |      96.1 |     120.6
     116     91.9 |      96.3 |     120.8
     117     93.5 |      96.4 |     121.2
     118     93.6 |      96.5 |     122.6
     119     94.1 |      97.2 |     124.8
     120     94.1 |      98.1 |     125.1
     121     94.2 |      98.2 |     126.1
     122     94.4 |      98.3 |     127.6
     123     94.8 |      98.3 |     127.8
     124     94.8 |      98.9 |     128.4
     125     96.0 |      99.0 |     129.6
     126     96.1 |      99.5 |     130.0
     127     96.2 |      99.5 |     132.5
     128     96.3 |     100.0 |     133.7
     129     96.7 |     100.1 |     134.6
     130     96.8 |     100.4 |     135.1
     131     97.3 |     100.5 |     137.4
     132     97.5 |     101.1 |     137.5
     133     97.8 |     101.3 |     137.6
     134     97.8 |     101.5 |     138.2
     135     98.2 |     101.5 |     138.6
     136     98.3 |     101.9 |     140.1
     137     99.1 |     101.9 |     140.6
     138     99.5 |     102.2 |     140.7
     139     99.5 |     102.9 |     141.2
     140     99.6 |     103.8 |     142.1
     141     99.8 |     104.8 |     142.2
     142    100.2 |     104.8 |     142.7
     143    100.3 |     106.9 |     144.5
     144    100.4 |     107.5 |     146.1
     145    100.5 |     107.6 |     146.9
     146    101.5 |     107.8 |     149.2
     147    101.5 |     109.3 |     149.6
     148    101.7 |     109.4 |     150.3
     149    102.0 |     110.0 |     152.6
     150    102.0 |     110.0 |     152.8
     151    103.5 |     110.6 |     153.3
     152    103.7 |     110.8 |     155.3
     153    105.2 |     111.9 |     156.5
     154    105.3 |     113.4 |     157.3
     155    105.4 |     113.7 |     158.0
     156    105.8 |     113.7 |     158.7
     157    107.5 |     113.9 |     158.8
     158    107.9 |     114.0 |     159.2
     159    108.3 |     114.9 |     161.4
     160    109.1 |     115.4 |     161.7
     161    109.5 |     116.5 |     163.6
     162    109.8 |     116.6 |     164.7
     163    110.1 |     117.6 |     166.0
     164    110.3 |     118.4 |     166.7
     165    110.5 |     118.5 |     166.7
     166    110.6 |     119.0 |     167.4
     167    110.6 |     119.2 |     167.6
     168    111.5 |     119.3 |     167.6
     169    111.5 |     119.9 |     167.8
     170    111.6 |     120.2 |     169.3
     171    112.8 |     120.3 |     170.4
     172    114.4 |     120.8 |     171.9
     173    114.8 |     120.9 |     174.0
     174    114.8 |     121.2 |     175.4
     175    116.2 |     121.8 |     177.4
     176    116.2 |     122.1 |     178.3
     177    116.4 |     122.1 |     178.5
     178    116.9 |     122.5 |     179.2
     179    117.9 |     123.5 |     179.5
     180    118.1 |     123.6 |     180.2
     181    118.9 |     124.6 |     181.8
     182    119.7 |     124.7 |     182.3
     183    120.4 |     125.0 |     183.0
     184    120.5 |     125.1 |     184.1
     185    120.5 |     125.1 |     185.8
     186    121.9 |     126.7 |     187.8
     187    122.0 |     127.4 |     188.3
     188    123.5 |     127.5 |     189.0
     189    123.8 |     127.7 |     189.1
     190    123.9 |     128.4 |     189.4
     191    124.1 |     128.5 |     193.4
     192    124.2 |     128.5 |     195.6
     193    124.6 |     129.0 |     195.9
     194    124.7 |     130.3 |     196.2
     195    125.3 |     132.1 |     196.3
     196    125.3 |     132.8 |     198.0
     197    126.2 |     133.1 |     199.8
     198    126.7 |     134.4 |     200.0
     199    127.1 |     134.8 |     200.7
     200    127.1 |     136.3 |     202.3
     201    127.5 |     136.3 |     203.1
     202    128.1 |     136.8 |     203.1
     203    128.2 |     138.5 |     203.2
     204    128.2 |     139.3 |     203.5
     205    128.3 |     139.4 |     203.7
     206    128.6 |     139.5 |     203.7
     207    129.1 |     140.1 |     203.9
     208    129.6 |     140.5 |     204.3
     209    129.9 |     140.5 |     205.1
     210    130.7 |     140.9 |     205.6
     211    130.7 |     141.0 |     207.1
     212    130.7 |     141.2 |     207.9
     213    131.0 |     141.9 |     209.4
     214    131.1 |     142.7 |     210.0
     215    131.1 |     143.0 |     210.1
     216    131.2 |     143.1 |     210.4
     217    132.0 |     143.4 |     211.6
     218    132.1 |     146.0 |     211.8
     219    132.2 |     146.1 |     212.0
     220    132.8 |     146.6 |     213.1
     221    133.1 |     148.5 |     214.4
     222    133.2 |     149.0 |     214.9
     223    133.4 |     149.6 |     215.2
     224    133.6 |     150.3 |     215.8
     225    133.6 |     151.1 |     216.7
     226    133.7 |     151.1 |     218.2
     227    133.9 |     151.5 |     218.2
     228    134.4 |     152.5 |     218.7
     229    134.7 |     154.1 |     219.5
     230    134.8 |     155.6 |     219.5
     231    135.5 |     156.1 |     219.6
     232    135.7 |     156.7 |     220.0
     233    135.9 |     157.3 |     220.1
     234    136.3 |     158.8 |     220.3
     235    136.4 |     158.9 |     221.2
     236    137.0 |     159.6 |     222.1
     237    137.1 |     160.3 |     222.4
     238    137.5 |     161.7 |     222.6
     239    138.1 |     163.0 |     223.0
     240    138.6 |     163.1 |     223.6
     241    139.9 |     163.6 |     223.6
     242    140.2 |     163.9 |     224.9
     243    141.6 |     164.1 |     225.3
     244    142.0 |     164.2 |     225.6
     245    142.3 |     164.2 |     227.2
     246    142.7 |     165.9 |     227.3
     247    142.8 |     166.2 |     227.4
     248    143.3 |     166.6 |     227.5
     249    143.5 |     167.0 |     227.5
     250    143.5 |     167.7 |     228.3
     251    143.7 |     167.8 |     228.8
     252    143.9 |     168.6 |     230.3
     253    145.0 |     169.1 |     231.5
     254    145.2 |     169.6 |     233.9
     255    145.5 |     170.2 |     234.2
     256    146.3 |     170.9 |     237.1
     257    146.4 |     171.8 |     238.1
     258    146.8 |     171.9 |     239.7
     259    147.6 |     172.2 |     241.5
     260    147.9 |     172.9 |     243.0
     261    148.2 |     173.1 |     243.6
     262    149.3 |     173.3 |     244.3
     263    149.4 |     175.6 |     244.5
     264    151.0 |     175.7 |     245.5
     265    151.0 |     176.4 |     246.7
     266    151.6 |     177.0 |     247.1
     267    151.7 |     177.3 |     247.4
     268    152.0 |     178.0 |     247.7
     269    152.0 |     178.2 |     247.8
     270    152.1 |     179.4 |     248.1
     271    152.5 |     180.1 |     248.5
     272    152.7 |     180.8 |     249.0
     273    153.0 |     180.8 |     249.2
     274    153.4 |     181.2 |     249.3
     275    153.4 |     182.3 |     249.4
     276    153.6 |     182.5 |     249.4
     277    154.8 |     182.7 |     249.5
     278    155.8 |     182.9 |     249.7
     279    155.9 |     182.9 |     249.7
     280    156.0 |     183.1 |     250.7
     281    156.0 |     186.8 |     250.9
     282    156.9 |     187.6 |     251.5
     283    156.9 |     187.7 |     251.7
     284    157.3 |     188.5 |     251.9
     285    157.7 |     188.7 |     254.5
     286    157.8 |     189.6 |     254.7
     287    159.0 |     190.8 |     255.4
     288    159.2 |     192.3 |     255.8
     289    159.6 |     192.6 |     256.5
     290    160.2 |     192.7 |     257.3
     291    160.5 |     192.9 |     257.3
     292    160.5 |     194.7 |     257.3
     293    160.6 |     195.8 |     257.3
     294    160.8 |     195.9 |     257.3
     295    161.0 |     196.8 |     257.4
     296    161.0 |     196.9 |     257.5
     297    161.5 |     198.4 |     257.6
     298    161.9 |     199.1 |     257.6
     299    162.1 |     199.2 |     257.8
     300    162.1 |     199.2 |     257.8
     301    162.6 |     199.4 |     257.9
     302    162.8 |     199.6 |     258.2
     303    163.2 |     199.9 |     258.5
     304    165.2 |     200.3 |     261.3
     305    165.2 |     200.8 |     262.6
     306    166.0 |     200.9 |     262.8
     307    166.5 |     201.0 |     263.3
     308    167.6 |     201.0 |     263.6
     309    167.8 |     201.2 |     263.7
     310    167.9 |     201.3 |     264.6
     311    168.0 |     201.7 |     264.9
     312    168.5 |     201.8 |     265.1
     313    168.7 |     202.8 |     265.2
     314    169.4 |     203.8 |     265.5
     315    170.1 |     203.9 |     265.5
     316    170.3 |     204.6 |     265.9
     317    170.5 |     204.7 |     266.3
     318    170.7 |     204.8 |     266.5
     319    170.9 |     205.6 |     267.6
     320    171.0 |     205.8 |     268.1
     321    171.5 |     206.0 |     272.3
     322    171.9 |     206.2 |     273.0
     323    172.2 |     206.4 |     273.0
     324    172.6 |     207.3 |     273.9
     325    172.6 |     208.1 |     274.5
     326    172.6 |     209.2 |     274.5
     327    173.0 |     209.3 |     276.3
     328    173.3 |     209.7 |     279.1
     329    173.8 |     210.3 |     279.4
     330    174.0 |     210.4 |     279.6
     331    174.5 |     210.4 |     280.2
     332    174.5 |     210.5 |     280.4
     333    175.0 |     211.0 |     281.7
     334    175.2 |     211.1 |     282.4
     335    175.5 |     212.6 |     282.9
     336    176.0 |     212.6 |     283.8
     337    176.1 |     213.1 |     284.7
     338    177.1 |     213.4 |     285.0
     339    177.7 |     213.8 |     285.3
     340    177.9 |     213.8 |     285.8
     341    178.1 |     214.1 |     287.0
     342    179.1 |     215.2 |     287.4
     343    179.1 |     215.7 |     287.6
     344    180.3 |     215.8 |     287.9
     345    183.5 |     216.8 |     288.0
     346    183.5 |     218.1 |     289.8
     347    183.8 |     219.1 |     296.4
     348    183.8 |     219.5 |     297.0
     349    184.1 |     221.2 |     297.2
     350    184.4 |     221.3 |     297.2
     351    184.5 |     221.6 |     297.3
     352    184.5 |     222.1 |     297.5
     353    184.6 |     222.9 |     297.9
     354    184.6 |     223.5 |     297.9
     355    184.8 |     223.5 |     298.0
     356    185.0 |     223.6 |     298.7
     357    185.2 |     224.1 |     300.9
     358    185.7 |     224.1 |     302.1
     359    185.8 |     224.6 |     304.7
     360    186.0 |     225.5 |     304.9
     361    186.2 |     225.7 |     308.5
     362    186.5 |     225.8 |     309.7
     363    187.0 |     226.5 |     309.9
     364    187.0 |     226.8 |     310.1
     365    187.0 |     227.1 |     310.1
     366    187.6 |     227.4 |     310.8
     367    187.8 |     228.9 |     311.2
     368    188.1 |     228.9 |     311.2
     369    188.4 |     229.3 |     311.4
     370    189.0 |     229.9 |     311.5
     371    189.9 |     230.0 |     312.2
     372    190.2 |     230.7 |     312.3
     373    190.6 |     232.0 |     312.6
     374    190.6 |     232.7 |     313.9
     375    191.5 |     235.2 |     314.5
     376    191.5 |     237.5 |     314.8
     377    192.1 |     237.7 |     315.7
     378    192.2 |     237.7 |     315.9
     379    193.5 |     240.0 |     316.3
     380    193.5 |     240.9 |     316.4
     381    194.3 |     241.5 |     316.7
     382    194.6 |     241.9 |     318.1
     383    194.8 |     242.8 |     318.7
     384    195.1 |     243.4 |     318.9
     385    195.5 |     243.5 |     319.3
     386    196.0 |     243.9 |     319.4
     387    196.3 |     244.6 |     320.0
     388    196.9 |     245.2 |     320.2
     389    198.9 |     246.2 |     320.3
     390    199.6 |     246.3 |     320.3
     391    199.7 |     246.7 |     320.5
     392    200.9 |     246.7 |     322.0
     393    201.9 |     247.6 |     322.2
     394    202.7 |     248.8 |     322.5
     395    202.8 |     248.9 |     324.3
     396    202.8 |     249.3 |     324.3
     397    203.3 |     250.0 |     325.5
     398    203.8 |     250.7 |     327.4
     399    204.0 |     251.2 |     327.9
     400    204.0 |     251.8 |     328.0
     401    204.7 |     251.9 |     328.2
     402    204.8 |     252.3 |     328.2
     403    204.8 |     253.1 |     328.4
     404    206.4 |     254.1 |     328.6
     405    207.4 |     255.1 |     328.8
     406    207.8 |     255.3 |     328.8
     407    207.8 |     255.7 |     328.9
     408    207.9 |     255.8 |     329.0
     409    208.1 |     256.1 |     329.4
     410    208.4 |     256.6 |     329.6
     411    211.4 |     256.7 |     330.4
     412    212.6 |     257.3 |     331.2
     413    212.9 |     257.3 |     331.2
     414    214.2 |     258.2 |     331.3
     415    214.9 |     258.3 |     331.6
     416    214.9 |     258.5 |     331.9
     417    215.3 |     259.1 |     332.2
     418    215.9 |     259.1 |     333.8
     419    216.0 |     261.9 |     333.9
     420    216.2 |     262.2 |     334.3
     421    216.2 |     262.5 |     335.2
     422    217.0 |     264.9 |     335.5
     423    217.1 |     265.0 |     335.8
     424    217.2 |     265.3 |     335.8
     425    217.8 |     265.6 |     335.9
     426    218.0 |     266.5 |     336.1
     427    218.1 |     268.9 |     336.3
     428    218.6 |     270.4 |     336.7
     429    218.7 |     271.7 |     338.5
     430    218.7 |     272.7 |     341.5
     431    218.8 |     273.1 |     341.7
     432    219.1 |     273.3 |     343.2
     433    219.3 |     273.5 |     345.0
     434    219.8 |     274.0 |     345.1
     435    220.8 |     274.9 |     345.9
     436    221.5 |     275.9 |     346.4
     437    222.2 |     276.5 |     348.3
     438    222.3 |     277.0 |     349.2
     439    222.3 |     277.3 |     350.2
     440    222.4 |     277.3 |     350.5
     441    223.2 |     277.5 |     352.1
     442    223.5 |     277.9 |     355.4
     443    223.7 |     278.7 |     355.7
     444    225.3 |     279.5 |     355.9
     445    226.1 |     279.5 |     356.0
     446    226.6 |     280.5 |     356.1
     447    226.7 |     280.6 |     356.4
     448    227.1 |     282.2 |     357.7
     449    228.2 |     282.5 |     358.7
     450    228.4 |     282.8 |     359.4
     451    228.6 |     282.9 |     361.6
     452    230.3 |     283.7 |     362.2
     453    237.8 |     284.5 |     362.3
     454    238.6 |     285.5 |     362.6
     455    239.4 |     289.8 |     363.5
     456    242.1 |     291.9 |     364.1
     457    242.5 |     292.0 |     365.0
     458    242.6 |     292.1 |     365.7
     459    244.2 |     292.2 |     365.7
     460    247.8 |     293.7 |     366.0
     461    249.1 |     293.7 |     366.4
     462    249.2 |     294.5 |     366.5
     463    249.5 |     294.9 |     367.7
     464    250.1 |     295.1 |     370.3
     465    250.2 |     295.6 |     371.5
     466    250.6 |     295.8 |     372.5
     467    251.9 |     295.9 |     373.5
     468    252.0 |     296.3 |     374.3
     469    252.3 |     298.8 |     375.6
     470    254.8 |     299.0 |     376.0
     471    255.9 |     300.6 |     376.3
     472    256.5 |     301.0 |     382.0
     473    256.6 |     302.1 |     382.3
     474    257.4 |     302.2 |     385.8
     475    258.1 |     302.5 |     388.2
     476    259.2 |     302.7 |     389.3
     477    259.7 |     302.8 |     389.7
     478    261.9 |     303.4 |     397.8
     479    265.6 |     303.5 |     399.8
     480    265.9 |     304.2 |     407.6
     481    267.5 |     305.2 |     410.1
     482    268.5 |     305.2 |     411.3
     483    271.3 |     305.5 |     413.8
     484    276.3 |     305.7 |     414.7
     485    280.9 |     306.1 |     415.0
     486    281.4 |     306.8 |     415.1
     487    282.2 |     306.9 |     415.8
     488    282.7 |     307.4 |     416.1
     489    284.2 |     307.5 |     416.4
     490    286.3 |     307.9 |     418.5
     491    286.6 |     308.1 |     421.2
     492    289.4 |     308.3 |     421.7
     493    291.3 |     308.7 |     423.8
     494    293.5 |     308.9 |     425.1
     495    295.1 |     308.9 |     425.4
     496    296.9 |     310.3 |     425.6
     497    297.0 |     310.3 |     425.7
     498    297.5 |     312.1 |     425.9
     499    297.5 |     312.8 |     426.1
     500    297.5 |     314.2 |     426.2
     501    297.7 |     314.7 |     426.4
     502    298.2 |     315.4 |     426.8
     503    299.0 |     316.0 |     427.1
     504    299.3 |     316.2 |     427.7
     505    299.8 |     316.2 |     428.3
     506    300.0 |     316.4 |     428.4
     507    300.2 |     316.6 |     429.4
     508    300.2 |     317.2 |     431.4
     509    300.3 |     317.6 |     433.8
     510    300.6 |     318.3 |     433.8
     511    300.8 |     318.6 |     435.8
     512    301.1 |     319.1 |     441.6
     513    301.6 |     319.2 |     441.7
     514    301.8 |     320.0 |     444.8
     515    301.8 |     320.4 |     446.7
     516    301.8 |     320.8 |     447.4
     517    302.3 |     321.9 |     449.1
     518    302.6 |     322.1 |     449.7
     519    303.4 |     322.2 |     451.4
     520    303.8 |     322.3 |     453.1
     521    306.7 |     322.5 |     456.3
     522    307.6 |     323.0 |     456.4
     523    309.7 |     323.5 |     457.2
     524    309.8 |     323.6 |     459.6
     525    310.9 |     323.9 |     460.5
     526    311.1 |     325.1 |     460.9
     527    312.9 |     325.1 |     462.8
     528    313.4 |     325.6 |     463.4
     529    314.0 |     325.6 |     466.0
     530    314.7 |     325.8 |     467.0
     531    314.8 |     327.2 |     468.3
     532    314.9 |     328.1 |     471.4
     533    315.5 |     328.6 |     474.0
     534    315.7 |     329.1 |     478.4
     535    315.8 |     329.3 |     478.9
     536    316.4 |     329.4 |     483.7
     537    317.3 |     330.1 |     484.4
     538    317.3 |     330.5 |     487.2
     539    317.4 |     330.8 |     487.3
     540    318.4 |     331.2 |     488.7
     541    318.5 |     332.4 |     489.3
     542    318.5 |     332.4 |     490.8
     543    319.5 |     332.7 |     494.6
     544    320.1 |     332.8 |     495.2
     545    320.8 |     335.1 |     498.2
     546    321.0 |     335.1 |     500.2
     547    321.7 |     335.5 |     500.8
     548    321.7 |     335.9 |     502.4
     549    323.2 |     335.9 |     504.2
     550    323.3 |     336.3 |     505.7
     551    323.9 |     336.7 |     507.5
     552    327.6 |     338.4 |     507.7
     553    328.2 |     338.6 |     513.1
     554    329.6 |     339.2 |     514.5
     555    330.1 |     342.1 |     514.6
     556    330.1 |     342.9 |     522.6
     557    330.5 |     343.1 |     538.7
     558    331.3 |     343.2 |     547.2
     559    332.0 |     343.3 |     548.6
     560    332.5 |     343.3 |     548.8
     561    333.3 |     344.0 |     556.0
     562    333.9 |     344.2 |     557.7
     563    333.9 |     344.4 |     561.4
     564    333.9 |     344.4 |     561.6
     565    334.0 |     345.3 |     563.3
     566    334.0 |     345.7 |     563.6
     567    336.0 |     346.4 |     563.8
     568    336.0 |     346.7 |     564.2
     569    336.8 |     348.2 |     566.0
     570    337.8 |     348.3 |     566.0
     571    338.0 |     348.3 |     566.4
     572    338.1 |     349.7 |     566.6
     573    338.7 |     350.2 |     566.7
     574    339.4 |     350.6 |     567.1
     575    339.6 |     350.8 |     567.1
     576    339.9 |     351.5 |     567.1
     577    340.7 |     351.7 |     567.4
     578    341.1 |     351.8 |     567.6
     579    341.7 |     351.8 |     567.6
     580    342.8 |     352.3 |     567.6
     581    344.4 |     352.7 |     567.8
     582    346.0 |     353.9 |     567.8
     583    346.6 |     355.2 |     567.8
     584    347.6 |     355.4 |     568.1
     585    349.7 |     355.5 |     568.1
     586    350.3 |     356.0 |     568.1
     587    350.7 |     356.2 |     568.1
     588    350.9 |     356.4 |     568.2
     589    350.9 |     356.6 |     568.2
     590    350.9 |     357.5 |     568.5
     591    351.6 |     357.7 |     568.5
     592    352.1 |     357.8 |     568.6
     593    352.1 |     357.9 |     568.9
     594    354.1 |     358.1 |     568.9
     595    356.1 |     358.3 |     569.1
     596    358.5 |     359.1 |     569.2
     597    359.2 |     359.9 |     569.2
     598    360.8 |     362.1 |     569.2
     599    361.2 |     363.3 |     569.4
     600    361.9 |     363.4 |     569.5
     601    362.3 |     364.3 |     569.5
     602    363.1 |     364.6 |     569.6
     603    363.6 |     365.1 |     569.7
     604    364.2 |     365.4 |     569.7
     605    366.2 |     365.5 |     569.8
     606    367.2 |     365.7 |     569.8
     607    367.8 |     366.3 |     569.9
     608    369.0 |     367.0 |     570.0
     609    369.4 |     369.6 |     570.1
     610    369.5 |     370.2 |     570.3
     611    369.7 |     371.5 |     570.3
     612    370.7 |     371.7 |     570.3
     613    370.8 |     371.8 |     570.5
     614    371.0 |     373.4 |     570.6
     615    371.1 |     375.7 |     570.9
     616    371.4 |     375.8 |     571.2
     617    371.6 |     376.8 |     571.8
     618    371.9 |     377.7 |     572.9
     619    372.3 |     377.9 |     574.3
     620    372.4 |     378.3 |     577.9
     621    373.0 |     378.7 |     578.3
     622    373.1 |     379.3 |     579.5
     623    373.4 |     380.2 |     580.3
     624    375.0 |     380.4 |     581.6
     625    375.0 |     380.6 |     581.7
     626    375.0 |     381.4 |     581.9
     627    375.1 |     381.4 |     582.8
     628    375.1 |     381.9 |     583.0
     629    375.7 |     382.3 |     583.3
     630    375.8 |     383.1 |     583.3
     631    375.8 |     385.6 |     583.8
     632    376.1 |     386.0 |     584.2
     633    376.9 |     386.3 |     584.4
     634    377.9 |     386.4 |     584.6
     635    377.9 |     387.0 |     584.7
     636    378.1 |     387.2 |     584.7
     637    378.6 |     387.3 |     584.9
     638    378.7 |     387.8 |     585.0
     639    378.8 |     388.2 |     585.2
     640    379.0 |     388.4 |     585.2
     641    379.6 |     391.2 |     585.6
     642    380.0 |     391.3 |     585.6
     643    380.8 |     391.7 |     585.7
     644    381.4 |     393.1 |     585.9
     645    381.4 |     393.6 |     586.0
     646    382.9 |     393.7 |     586.4
     647    383.4 |     395.4 |     586.4
     648    383.6 |     396.2 |     586.6
     649    383.8 |     396.4 |     586.8
     650    384.2 |     397.4 |     586.8
     651    384.4 |     398.0 |     586.8
     652    384.8 |     398.1 |     587.0
     653    385.0 |     398.3 |     587.3
     654    385.1 |     398.7 |     587.3
     655    385.3 |     399.9 |     587.7
     656    385.8 |     402.5 |     587.7
     657    385.8 |     402.6 |     587.9
     658    385.8 |     402.6 |     588.2
     659    385.9 |     402.8 |     588.3
     660    386.3 |     404.4 |     588.7
     661    386.3 |     405.0 |     588.7
     662    387.5 |     406.8 |     588.7
     663    387.9 |     407.2 |     589.1
     664    388.0 |     407.3 |     589.2
     665    388.4 |     409.0 |     589.3
     666    388.4 |     411.8 |     589.3
     667    388.5 |     412.0 |     589.4
     668    388.5 |     417.6 |     589.8
     669    389.0 |     417.9 |     589.9
     670    389.0 |     422.7 |     589.9
     671    389.1 |     423.0 |     590.0
     672    389.1 |     425.5 |     590.9
     673    389.2 |     426.2 |     591.1
     674    389.6 |     426.3 |     593.4
     675    390.5 |     426.8 |     595.4
     676    390.5 |     428.3 |     595.5
     677    390.8 |     428.5 |     595.5
     678    390.8 |     428.6 |     602.6
     679    391.1 |     430.2 |     603.8
     680    391.1 |     430.2 |     603.9
     681    391.4 |     431.1 |     606.2
     682    392.1 |     432.4 |     607.6
     683    392.2 |     435.6 |     609.3
     684    392.7 |     435.7 |     609.7
     685    393.3 |     436.0 |     610.2
     686    393.3 |     437.5 |     611.0
     687    393.5 |     439.2 |     613.3
     688    393.9 |     440.7 |     613.7
     689    394.2 |     440.9 |     614.2
     690    394.2 |     442.0 |     619.8
     691    394.5 |     443.4 |     623.5
     692    395.4 |     443.8 |     623.5
     693    395.9 |     444.3 |     623.6
     694    398.2 |     445.1 |     624.6
     695    398.2 |     445.1 |     625.4
     696    398.5 |     447.4 |     629.6
     697    398.9 |     447.6 |     629.6
     698    399.6 |     447.8 |     630.8
     699    400.8 |     448.0 |     633.3
     700    401.4 |     449.3 |     634.7
     701    401.5 |     450.1 |     634.8
     702    403.2 |     450.3 |     636.5
     703    404.4 |     451.2 |     637.3
     704    404.6 |     454.9 |     637.7
     705    406.5 |     455.4 |     638.7
     706    406.6 |     456.4 |     639.5
     707    407.3 |     456.9 |     640.3
     708    408.6 |     457.8 |     640.6
     709    409.5 |     459.5 |     643.4
     710    409.5 |     459.6 |     644.1
     711    409.6 |     461.2 |     647.4
     712    409.6 |     462.3 |     648.7
     713    410.1 |     462.6 |     658.1
     714    411.2 |     462.6 |     661.9
     715    411.6 |     462.8 |     663.1
     716    412.7 |     463.0 |     673.0
     717    414.1 |     464.6 |     673.9
     718    414.5 |     466.8 |     674.9
     719    415.0 |     468.4 |     675.0
     720    415.4 |     468.9 |     676.7
     721    416.3 |     469.1 |     679.0
     722    417.3 |     470.2 |     679.2
     723    417.3 |     471.6 |     679.4
     724    418.1 |     474.6 |     679.6
     725    420.1 |     476.6 |     679.8
     726    420.4 |     477.1 |     679.8
     727    420.6 |     499.7 |     679.9
     728    421.0 |     499.7 |     680.0
     729    421.1 |     499.9 |     680.0
     730    422.2 |     505.6 |     680.1
     731    422.3 |     508.7 |     681.4
     732    423.3 |     510.8 |     681.7
     733    426.3 |     511.5 |     682.0
     734    430.5 |     515.1 |     682.0
     735    444.4 |     518.1 |     682.0
     736    453.0 |     518.3 |     682.2
     737    453.4 |     519.1 |     682.2
     738    453.6 |     521.8 |     682.3
     739    454.2 |     522.5 |     687.3
     740    455.4 |     525.0 |     690.1
     741    455.7 |     525.2 |     690.6
     742    456.1 |     526.3 |     690.8
     743    456.3 |     527.4 |     690.9
     744    456.9 |     530.4 |     694.4
     745    457.1 |     532.4 |     696.3
     746    457.4 |     534.3 |     697.7
     747    457.6 |     535.8 |     699.0
     748    457.9 |     536.3 |     699.1
     749    458.0 |     537.6 |     699.1
     750    459.0 |     538.0 |     699.7
     751    459.0 |     538.3 |     699.8
     752    459.3 |     554.2 |     699.8
     753    459.6 |     559.7 |     699.9
     754    459.9 |     560.7 |     700.2
     755    460.3 |     561.2 |     701.2
     756    460.5 |     562.6 |     701.5
     757    460.6 |     563.9 |     701.6
     758    460.8 |     567.0 |     701.7
     759    461.0 |     576.6 |     701.9
     760    461.6 |     577.6 |     702.0
     761    461.6 |     578.9 |     702.2
     762    461.6 |     583.0 |     707.3
     763    461.6 |     583.4 |     707.9
     764    461.9 |     586.0 |     709.5
     765    462.3 |     587.3 |     709.6
     766    462.4 |     592.9 |     709.7
     767    462.9 |     596.4 |     713.7
     768    463.2 |     599.6 |     713.8
     769    463.3 |     600.9 |     717.1
     770    463.6 |     602.2 |     717.2
     771    463.7 |     604.5 |     717.3
     772    463.8 |     604.9 |     717.7
     773    464.0 |     607.7 |     719.2
     774    464.6 |     609.0 |     720.1
     775    464.9 |     612.4 |     720.4
     776    465.2 |     613.2 |     721.8
     777    465.4 |     618.0 |     721.9
     778    465.8 |     628.1 |     722.0
     779    466.4 |     632.1 |     722.1
     780    466.9 |     636.9 |     722.6
     781    467.1 |     641.9 |     724.0
     782    468.2 |     647.1 |     731.0
     783    468.4 |     648.7 |     731.8
     784    469.1 |     651.7 |     732.9
     785    469.1 |     656.4 |     734.4
     786    469.8 |     665.8 |     735.3
     787    471.4 |     669.5 |     735.9
     788    472.5 |     670.0 |     736.2
     789    472.7 |     677.0 |     737.3
     790    472.9 |     678.5 |     739.9
     791    473.7 |     689.0 |     739.9
     792    474.4 |     691.4 |     740.0
     793    474.7 |     695.9 |     741.5
     794    475.0 |     700.8 |     742.0
     795    475.5 |     702.7 |     743.5
     796    476.5 |     705.2 |     743.7
     797    476.9 |     708.5 |     743.9
     798    478.8 |     710.1 |     744.1
     799    479.9 |     710.2 |     744.9
     800    483.5 |     710.4 |     745.6
     801    483.7 |     711.6 |     747.0
     802    484.9 |     722.1 |     747.3
     803    486.6 |     725.4 |     747.8
     804    487.1 |     727.9 |     747.8
     805    487.5 |     744.7 |     748.6
     806    487.8 |     749.8 |     751.6
     807    488.7 |     750.6 |     751.7
     808    492.7 |     750.9 |     751.7
     809    495.0 |     751.1 |     751.8
     810    495.5 |     753.7 |     752.1
     811    496.2 |     754.1 |     752.5
     812    496.8 |     754.3 |     753.0
     813    498.3 |     765.2 |     753.3
     814    500.7 |     767.8 |     753.9
     815    501.9 |     773.0 |     754.7
     816    503.7 |     773.4 |     754.8
     817    509.3 |     774.2 |     755.2
     818    509.4 |     775.3 |     755.5
     819    512.2 |     778.4 |     755.7
     820    513.2 |     781.0 |     755.9
     821    514.3 |     785.7 |     755.9
     822    514.8 |     789.3 |     756.0
     823    518.4 |     805.4 |     756.0
     824    518.9 |     829.8 |     756.0
     825    525.4 |     830.5 |     756.1
     826    530.8 |     831.6 |     756.1
     827    536.2 |     834.4 |     756.1
     828    544.1 |     842.1 |     756.1
     829    547.8 |     845.4 |     756.2
     830    547.9 |     850.7 |     756.2
     831    557.1 |     858.0 |     756.2
     832    559.8 |     870.6 |     756.3
     833    559.9 |     871.4 |     756.3
     834    560.2 |     873.8 |     756.3
     835    562.9 |     880.1 |     756.3
     836    563.9 |     886.5 |     756.4
     837    567.1 |     887.3 |     756.4
     838    567.9 |     887.8 |     756.4
     839    568.5 |     893.4 |     757.3
     840    573.4 |     904.5 |     757.8
     841    573.5 |     911.7 |     757.9
     842    574.2 |     912.3 |     758.0
     843    574.3 |     914.6 |     758.0
     844    575.8 |     925.8 |     759.5
     845    579.4 |     931.1 |     759.5
     846    579.5 |     933.3 |     760.0
     847    581.1 |     933.7 |     760.7
     848    581.9 |     942.6 |     760.7
     849    586.9 |     944.5 |     760.7
     850    592.0 |     949.4 |     760.8
     851    592.8 |     950.3 |     761.0
     852    592.9 |     950.4 |     761.0
     853    597.1 |     952.3 |     761.3
     854    597.1 |     954.5 |     761.3
     855    599.4 |     954.7 |     761.5
     856    606.6 |     954.7 |     761.5
     857    615.8 |     954.9 |     761.6
     858    617.2 |     959.4 |     761.8
     859    621.5 |     962.7 |     761.9
     860    647.1 |     962.7 |     762.1
     861    648.0 |     965.2 |     762.1
     862    672.9 |     966.6 |     762.9
     863    674.3 |     967.1 |     764.1
     864    676.0 |     967.7 |     764.1
     865    676.7 |     968.4 |     764.5
     866    677.0 |     968.7 |     765.6
     867    677.7 |     969.2 |     766.2
     868    678.7 |     970.2 |     766.6
     869    678.9 |     972.9 |     767.0
     870    679.0 |     973.6 |     767.7
     871    681.5 |     975.0 |     769.3
     872    681.6 |     975.8 |     769.3
     873    681.7 |     976.0 |     769.9
     874    681.9 |     978.0 |     770.1
     875    682.5 |     979.3 |     770.1
     876    683.1 |     983.6 |     773.1
     877    684.6 |     985.5 |     773.2
     878    685.3 |     988.9 |     773.8
     879    686.6 |     989.7 |     773.8
     880    686.7 |     996.3 |     774.1
     881    686.9 |     997.4 |     776.5
     882    689.1 |    1001.6 |     777.5
     883    689.4 |    1003.9 |     777.7
     884    690.2 |    1005.4 |     777.7
     885    690.9 |    1005.7 |     777.9
     886    691.6 |    1005.9 |     777.9
     887    692.6 |    1008.5 |     778.1
     888    693.0 |    1011.5 |     779.5
     889    693.9 |    1018.7 |     780.3
     890    694.2 |    1036.3 |     780.4
     891    694.6 |    1036.9 |     783.4
     892    694.9 |    1041.1 |     783.7
     893    694.9 |    1042.7 |     784.6
     894    697.2 |    1048.3 |     784.8
     895    697.7 |    1057.5 |     785.5
     896    698.4 |    1058.9 |     785.6
     897    698.6 |    1067.9 |     785.8
     898    698.8 |    1089.3 |     785.9
     899    700.1 |    1094.1 |     786.0
     900    700.4 |    1104.6 |     786.0
     901    700.5 |    1109.7 |     786.5
     902    703.6 |    1109.7 |     787.1
     903    705.3 |    1111.4 |     787.4
     904    710.9 |    1111.6 |     789.1
     905    714.3 |    1112.2 |     790.3
     906    717.5 |    1112.4 |     790.6
     907    721.4 |    1112.5 |     791.1
     908    721.6 |    1112.8 |     791.5
     909    723.2 |    1113.4 |     792.5
     910    724.2 |    1113.7 |     792.6
     911    725.1 |    1114.0 |     792.8
     912    730.2 |    1114.3 |     793.1
     913    731.7 |    1114.5 |     794.5
     914    733.7 |    1115.3 |     797.0
     915    749.2 |    1115.8 |     797.1
     916    752.9 |    1117.7 |     797.2
     917    754.1 |    1117.9 |     797.2
     918    755.0 |    1122.9 |     798.2
     919    755.5 |    1123.7 |     799.9
     920    757.6 |    1123.8 |     800.2
     921    759.7 |    1134.5 |     800.4
     922    760.7 |    1134.7 |     800.8
     923    761.0 |    1135.6 |     800.9
     924    761.1 |    1145.5 |     801.0
     925    761.7 |    1145.9 |     801.3
     926    761.8 |    1146.4 |     801.9
     927    762.2 |    1147.3 |     802.9
     928    762.7 |    1157.0 |     802.9
     929    762.9 |    1157.3 |     803.4
     930    764.2 |    1157.5 |     803.5
     931    764.5 |    1159.5 |     803.5
     932    764.6 |    1169.5 |     803.6
     933    764.9 |    1170.0 |     803.7
     934    765.5 |    1174.2 |     803.7
     935    766.3 |    1174.5 |     803.9
     936    767.9 |    1176.4 |     803.9
     937    768.5 |    1177.9 |     804.3
     938    768.6 |    1180.1 |     804.6
     939    769.6 |    1180.7 |     804.6
     940    770.6 |    1180.8 |     806.5
     941    770.9 |    1183.9 |     807.3
     942    771.0 |    1184.7 |     807.5
     943    771.1 |    1188.0 |     807.6
     944    771.7 |    1188.1 |     807.8
     945    772.2 |    1189.1 |     808.2
     946    772.4 |    1189.3 |     808.9
     947    772.5 |    1193.2 |     809.2
     948    772.6 |    1194.6 |     809.8
     949    772.9 |    1199.5 |     810.0
     950    777.5 |    1202.7 |     811.5
     951    777.8 |    1204.1 |     811.6
     952    778.2 |    1204.4 |     812.1
     953    779.0 |    1213.3 |     812.7
     954    780.3 |    1218.0 |     813.2
     955    781.5 |    1218.0 |     813.8
     956    785.9 |    1226.2 |     813.8
     957    790.1 |    1244.8 |     813.8
     958    791.1 |    1245.0 |     814.2
     959    793.8 |    1249.1 |     814.5
     960    795.2 |    1274.1 |     814.9
     961    797.6 |    1275.0 |     815.3
     962    798.0 |    1275.7 |     815.4
     963    798.0 |    1290.3 |     815.8
     964    801.7 |    1317.8 |     815.8
     965    801.7 |    1318.6 |     816.2
     966    803.3 |    1319.4 |     816.3
     967    804.4 |    1325.3 |     816.6
     968    804.6 |    1335.4 |     816.6
     969    804.9 |    1336.3 |     816.8
     970    805.4 |    1337.3 |     817.3
     971    806.2 |    1344.4 |     817.8
     972    807.2 |    1354.1 |     818.1
     973    807.3 |    1354.6 |     818.5
     974    808.5 |    1355.3 |     818.5
     975    808.6 |    1356.2 |     818.7
     976    810.2 |    1362.7 |     818.8
     977    812.3 |    1364.0 |     819.2
     978    818.8 |    1365.7 |     819.9
     979    818.9 |    1374.7 |     820.8
     980    819.2 |    1384.5 |     821.0
     981    819.5 |    1399.6 |     821.2
     982    819.6 |    1400.4 |     821.6
     983    821.7 |    1402.7 |     821.7
     984    823.2 |    1404.1 |     821.7
     985    823.6 |    1407.5 |     822.2
     986    825.4 |    1419.8 |     822.8
     987    825.6 |    1420.3 |     823.0
     988    826.5 |    1426.1 |     823.2
     989    826.9 |    1435.4 |     823.6
     990    828.6 |    1435.8 |     824.9
     991    828.7 |    1436.1 |     825.0
     992    829.4 |    1438.2 |     825.8
     993    831.5 |    1439.7 |     826.0
     994    832.7 |    1446.0 |     826.1
     995    833.0 |    1446.3 |     826.8
     996    833.5 |    1446.9 |     827.1
     997    834.6 |    1447.5 |     827.4
     998    834.7 |    1448.0 |     828.4
     999    834.8 |    1448.1 |     828.8
    1000    834.9 |    1448.5 |     828.8
    1001    836.6 |    1448.7 |     828.9
    1002    838.5 |    1449.0 |     829.6
    1003    841.5 |    1450.0 |     830.0
    1004    842.6 |    1450.3 |     830.0
    1005    842.9 |    1450.4 |     830.2
    1006    843.5 |    1450.6 |     830.2
    1007    844.3 |    1450.6 |     830.2
    1008    845.8 |    1451.1 |     830.5
    1009    846.0 |    1451.3 |     830.5
    1010    848.2 |    1453.9 |     831.8
    1011    849.9 |    1454.5 |     832.3
    1012    852.8 |    1455.4 |     832.5
    1013    853.4 |    1455.5 |     832.7
    1014    854.3 |    1460.3 |     832.8
    1015    854.6 |    1475.8 |     832.8
    1016    855.4 |    1478.0 |     833.0
    1017    857.6 |    1479.1 |     833.1
    1018    859.3 |    1479.3 |     833.3
    1019    859.7 |    1480.2 |     833.9
    1020    860.1 |    1480.4 |     834.5
    1021    861.7 |    1480.6 |     835.0
    1022    862.0 |    1480.8 |     835.1
    1023    862.6 |    1480.8 |     835.1
    1024    863.1 |    1481.0 |     835.2
    1025    863.4 |    1481.4 |     835.4
    1026    863.8 |    1481.5 |     835.5
    1027    864.8 |    1482.0 |     836.1
    1028    867.0 |    1482.4 |     836.4
    1029    867.5 |    1484.4 |     836.6
    1030    868.0 |    1485.6 |     836.6
    1031    868.0 |    1486.7 |     836.7
    1032    869.0 |    1487.6 |     837.0
    1033    870.0 |    1488.6 |     837.1
    1034    870.1 |    1490.1 |     837.1
    1035    870.8 |    1490.6 |     837.2
    1036    871.3 |    1490.6 |     837.5
    1037    877.2 |    1491.9 |     837.6
    1038    879.2 |    1512.7 |     837.8
    1039    883.6 |    1513.0 |     837.9
    1040    884.2 |    1514.9 |     838.0
    1041    884.4 |    1526.6 |     838.1
    1042    885.2 |    1545.9 |     838.1
    1043    887.7 |    1600.5 |     838.2
    1044    888.6 |    1607.6 |     838.4
    1045    890.3 |    1607.9 |     839.2
    1046    892.2 |    1608.4 |     839.3
    1047    892.3 |    1608.8 |     839.4
    1048    892.9 |    1608.9 |     839.7
    1049    892.9 |    1609.2 |     839.7
    1050    893.5 |    1609.5 |     839.8
    1051    894.3 |    1609.6 |     840.0
    1052    895.2 |    1609.8 |     840.1
    1053    895.8 |    1609.9 |     840.2
    1054    898.1 |    1610.2 |     840.2
    1055    900.0 |    1610.4 |     840.9
    1056    901.1 |    1611.1 |     840.9
    1057    903.2 |    1611.4 |     841.3
    1058    903.4 |    1611.5 |     841.3
    1059    903.5 |    1611.7 |     841.6
    1060    905.1 |    1611.7 |     841.7
    1061    910.5 |    1612.8 |     841.8
    1062    911.2 |    1613.8 |     842.0
    1063    911.7 |    1614.2 |     842.1
    1064    912.0 |    1620.1 |     842.4
    1065    913.4 |    1620.3 |     843.4
    1066    914.8 |    1620.7 |     845.1
    1067    915.7 |    1621.7 |     845.5
    1068    916.0 |    1622.4 |     845.6
    1069    916.3 |    1625.2 |     846.3
    1070    919.4 |    1625.5 |     846.6
    1071    920.5 |    1651.9 |     846.7
    1072    921.8 |    1661.2 |     846.8
    1073    922.3 |    1670.8 |     847.0
    1074    924.5 |    1705.1 |     847.6
    1075    924.9 |    2551.9 |     848.4
    1076    925.5 |    2554.3 |     849.0
    1077    926.1 |    2555.0 |     849.6
    1078    927.9 |    2558.1 |     849.9
    1079    929.5 |    2558.8 |     850.0
    1080    930.3 |    2559.3 |     850.2
    1081    930.5 |    2559.7 |     850.6
    1082    930.7 |    2561.2 |     850.9
    1083    932.7 |    2565.4 |     851.1
    1084    933.4 |    2565.6 |     853.0
    1085    934.8 |    2569.1 |     853.6
    1086    935.3 |    2570.0 |     854.4
    1087    935.7 |    2572.0 |     855.9
    1088    936.5 |    2573.2 |     857.3
    1089    936.9 |    2579.0 |     857.4
    1090    938.1 |    2579.6 |     857.7
    1091    938.6 |    2579.6 |     858.2
    1092    938.8 |    2585.8 |     858.2
    1093    939.7 |    2586.3 |     858.4
    1094    939.8 |    2586.8 |     858.5
    1095    940.3 |    2587.4 |     858.7
    1096    940.4 |    2589.4 |     858.9
    1097    941.1 |    2590.6 |     859.4
    1098    942.5 |    2592.5 |     859.6
    1099    944.4 |    2592.5 |     859.8
    1100    945.7 |    2594.6 |     860.5
    1101    945.8 |    2595.8 |     860.5
    1102    949.9 |    2595.8 |     860.9
    1103    950.0 |    2598.5 |     863.7
    1104    950.2 |    2598.6 |     863.7
    1105    951.2 |    2598.8 |     863.9
    1106    952.5 |    2599.1 |     864.0
    1107    954.5 |    2600.5 |     864.2
    1108    954.9 |    2601.0 |     864.3
    1109    957.1 |    2601.7 |     864.7
    1110    957.7 |    2604.9 |     864.8
    1111    958.6 |    2607.8 |     865.2
    1112    960.3 |    2608.8 |     865.2
    1113    961.7 |    2610.4 |     865.3
    1114    962.1 |    2968.9 |     866.6
    1115    962.4 |    2978.7 |     866.7
    1116    965.4 |    2980.5 |     866.7
    1117    968.8 |    2983.0 |     866.7
    1118    969.3 |    2983.7 |     866.8
    1119    970.2 |    2993.0 |     866.8
    1120    973.0 |    3005.6 |     866.8
    1121    975.5 |    3005.7 |     866.8
    1122    978.0 |    3009.2 |     866.8
    1123    981.0 |    3009.9 |     866.9
    1124    981.2 |    3013.3 |     866.9
    1125    983.1 |    3015.0 |     866.9
    1126    987.5 |    3015.2 |     866.9
    1127    987.7 |    3017.3 |     866.9
    1128    988.0 |    3021.9 |     867.0
    1129    993.7 |    3022.5 |     867.2
    1130    994.1 |    3030.4 |     867.3
    1131    994.3 |    3033.4 |     867.4
    1132    997.6 |    3038.3 |     867.5
    1133   1000.4 |    3039.1 |     868.2
    1134   1003.3 |    3040.8 |     868.3
    1135   1004.3 |    3044.3 |     868.6
    1136   1004.5 |    3046.9 |     868.7
    1137   1004.7 |    3050.3 |     869.1
    1138   1005.1 |    3050.6 |     869.1
    1139   1005.4 |    3052.4 |     869.2
    1140   1005.8 |    3059.6 |     869.2
    1141   1006.7 |    3065.2 |     869.3
    1142   1010.3 |    3067.0 |     869.5
    1143   1012.6 |    3074.8 |     870.0
    1144   1018.6 |    3077.4 |     870.1
    1145   1039.4 |    3082.8 |     870.2
    1146   1040.7 |    3087.6 |     870.2
    1147   1040.9 |    3089.5 |     870.3
    1148   1057.0 |    3092.3 |     870.5
    1149   1060.9 |    3092.6 |     871.1
    1150   1063.6 |    3093.9 |     871.8
    1151   1065.1 |    3096.5 |     871.8
    1152   1065.7 |    3096.7 |     871.9
    1153   1066.3 |    3099.8 |     872.3
    1154   1068.2 |    3100.1 |     873.7
    1155   1069.5 |    3100.9 |     874.0
    1156   1070.2 |    3101.4 |     874.1
    1157   1072.1 |    3101.6 |     874.2
    1158   1072.7 |    3102.9 |     874.3
    1159   1073.3 |    3103.2 |     875.0
    1160   1075.8 |    3103.9 |     875.7
    1161   1078.6 |    3105.4 |     875.8
    1162   1079.1 |    3106.1 |     876.5
    1163   1082.7 |    3106.3 |     876.5
    1164   1084.2 |    3106.8 |     876.9
    1165   1084.6 |    3107.4 |     877.3
    1166   1087.3 |    3108.2 |     877.7
    1167   1088.0 |    3109.1 |     878.2
    1168   1089.2 |    3109.2 |     878.7
    1169   1090.8 |    3109.9 |     880.3
    1170   1090.9 |    3110.7 |     881.0
    1171   1091.5 |    3110.8 |     881.3
    1172   1093.0 |    3112.2 |     885.4
    1173   1094.5 |    3112.5 |     885.4
    1174   1094.6 |    3113.0 |     886.4
    1175   1096.8 |    3113.2 |     887.1
    1176   1100.1 |    3114.4 |     887.6
    1177   1104.3 |    3114.7 |     887.6
    1178   1105.6 |    3115.1 |     887.9
    1179   1105.8 |    3116.0 |     888.0
    1180   1106.2 |    3116.0 |     888.0
    1181   1108.2 |    3116.2 |     888.1
    1182   1109.8 |    3116.5 |     888.1
    1183   1111.8 |    3117.0 |     888.1
    1184   1113.9 |    3118.7 |     888.2
    1185   1117.1 |    3119.5 |     888.2
    1186   1117.5 |    3121.7 |     888.2
    1187   1120.2 |    3122.0 |     888.5
    1188   1124.0 |    3123.1 |     889.2
    1189   1124.4 |    3124.7 |     889.7
    1190   1126.7 |    3126.0 |     889.8
    1191   1128.7 |    3126.1 |     890.2
    1192   1128.8 |    3127.8 |     890.5
    1193   1129.5 |    3132.4 |     890.6
    1194   1130.5 |    3132.7 |     890.8
    1195   1131.8 |    3134.3 |     891.0
    1196   1132.5 |    3135.0 |     891.4
    1197   1133.2 |    3137.4 |     892.8
    1198   1133.9 |    3138.6 |     893.3
    1199   1134.1 |    3139.6 |     893.9
    1200   1134.6 |    3139.8 |     894.1
    1201   1135.6 |    3140.3 |     894.4
    1202   1136.5 |    3140.9 |     895.9
    1203   1136.6 |    3142.1 |     896.2
    1204   1136.7 |    3142.6 |     896.8
    1205   1136.8 |    3143.1 |     896.9
    1206   1137.4 |    3145.3 |     897.4
    1207   1138.0 |    3146.1 |     898.5
    1208   1138.0 |    3146.2 |     899.5
    1209   1138.0 |    3146.3 |     900.7
    1210   1139.0 |    3146.3 |     900.9
    1211   1139.1 |    3146.5 |     901.5
    1212   1139.5 |    3146.9 |     905.7
    1213   1140.0 |    3147.1 |     906.6
    1214   1140.3 |    3151.4 |     907.5
    1215   1140.4 |    3152.3 |     907.7
    1216   1140.6 |    3153.1 |     908.1
    1217   1140.8 |    3153.8 |     908.6
    1218   1141.4 |    3154.0 |     909.2
    1219   1142.9 |    3154.1 |     909.3
    1220   1143.0 |    3154.2 |     909.4
    1221   1143.4 |    3154.3 |     910.8
    1222   1143.4 |    3154.8 |     921.3
    1223   1143.4 |    3155.8 |     921.8
    1224   1144.4 |    3156.4 |     923.5
    1225   1145.3 |    3157.2 |     925.8
    1226   1145.6 |    3157.2 |     926.1
    1227   1145.7 |    3159.5 |     928.4
    1228   1148.8 |    3159.6 |     929.8
    1229   1149.7 |    3159.8 |     930.0
    1230   1149.9 |    3160.0 |     930.0
    1231   1150.1 |    3160.1 |     930.2
    1232   1151.9 |    3162.7 |     932.0
    1233   1152.1 |    3163.0 |     933.5
    1234   1152.8 |    3163.1 |     933.6
    1235   1154.3 |    3164.1 |     934.2
    1236   1155.6 |    3164.2 |     935.6
    1237   1156.9 |    3164.5 |     936.9
    1238   1157.3 |    3165.7 |     937.7
    1239   1159.1 |    3166.5 |     938.3
    1240   1163.1 |    3166.8 |     939.5
    1241   1163.6 |    3167.1 |     939.6
    1242   1165.4 |    3168.3 |     940.0
    1243   1166.5 |    3170.5 |     940.3
    1244   1167.8 |    3170.8 |     941.9
    1245   1169.8 |    3171.2 |     942.4
    1246   1170.1 |    3172.0 |     943.5
    1247   1170.3 |    3172.1 |     943.7
    1248   1170.5 |    3172.5 |     945.3
    1249   1170.7 |    3172.7 |     945.7
    1250   1170.8 |    3173.1 |     945.8
    1251   1172.3 |    3173.3 |     945.8
    1252   1174.0 |    3173.5 |     946.3
    1253   1174.2 |    3173.6 |     946.5
    1254   1174.9 |    3173.9 |     946.9
    1255   1175.6 |    3174.6 |     947.7
    1256   1175.7 |    3176.2 |     948.1
    1257   1176.7 |    3176.4 |     948.8
    1258   1177.9 |    3176.5 |     950.6
    1259   1179.8 |    3176.9 |     951.3
    1260   1179.8 |    3177.9 |     951.7
    1261   1180.0 |    3178.0 |     952.8
    1262   1180.6 |    3178.5 |     953.4
    1263   1180.9 |    3178.8 |     955.9
    1264   1180.9 |    3178.8 |     956.9
    1265   1182.0 |    3178.9 |     957.1
    1266   1182.7 |    3180.0 |     957.2
    1267   1183.4 |    3180.1 |     957.3
    1268   1183.5 |    3180.5 |     957.4
    1269   1183.5 |    3181.7 |     957.6
    1270   1183.9 |    3181.7 |     957.6
    1271   1184.7 |    3181.9 |     957.6
    1272   1185.4 |    3182.4 |     957.7
    1273   1186.4 |    3182.5 |     957.8
    1274   1188.3 |    3182.6 |     957.8
    1275   1188.7 |    3182.9 |     957.9
    1276   1188.9 |    3185.3 |     957.9
    1277   1189.0 |    3185.7 |     958.1
    1278   1190.2 |    3186.5 |     958.8
    1279   1191.1 |    3186.9 |     959.0
    1280   1191.7 |    3187.2 |     959.2
    1281   1192.4 |    3187.4 |     959.3
    1282   1193.1 |    3187.6 |     959.6
    1283   1193.9 |    3188.5 |     960.6
    1284   1193.9 |    3190.2 |     961.6
    1285   1195.2 |    3190.4 |     961.7
    1286   1197.0 |    3191.4 |     961.7
    1287   1199.9 |    3192.0 |     961.8
    1288   1200.9 |    3192.4 |     961.8
    1289   1201.0 |    3192.8 |     961.8
    1290   1201.2 |    3193.1 |     961.8
    1291   1201.6 |    3194.0 |     961.9
    1292   1202.4 |    3194.2 |     961.9
    1293   1202.7 |    3195.0 |     962.0
    1294   1202.8 |    3195.1 |     962.0
    1295   1203.5 |    3195.7 |     962.2
    1296   1204.8 |    3195.9 |     962.2
    1297   1204.8 |    3197.2 |     962.2
    1298   1206.7 |    3199.0 |     962.2
    1299   1207.7 |    3199.1 |     962.2
    1300   1209.5 |    3199.2 |     962.3
    1301   1212.0 |    3199.6 |     962.3
    1302   1212.1 |    3199.7 |     962.3
    1303   1213.3 |    3199.9 |     962.4
    1304   1213.4 |    3200.0 |     962.4
    1305   1213.5 |    3200.4 |     962.5
    1306   1213.6 |    3203.7 |     962.6
    1307   1213.9 |    3204.2 |     962.6
    1308   1215.6 |    3205.5 |     962.6
    1309   1216.0 |    3205.6 |     962.7
    1310   1217.0 |    3206.3 |     962.8
    1311   1217.8 |    3207.1 |     962.9
    1312   1217.8 |    3207.4 |     962.9
    1313   1218.0 |    3207.7 |     962.9
    1314   1218.1 |    3208.0 |     963.0
    1315   1218.7 |    3208.2 |     963.1
    1316   1221.0 |    3208.5 |     963.1
    1317   1221.5 |    3208.5 |     963.1
    1318   1221.9 |    3209.2 |     963.2
    1319   1223.5 |    3209.3 |     963.2
    1320   1224.2 |    3209.4 |     963.2
    1321   1224.2 |    3209.4 |     963.4
    1322   1225.0 |    3209.8 |     963.4
    1323   1225.1 |    3210.1 |     963.6
    1324   1225.1 |    3210.1 |     964.1
    1325   1225.6 |    3210.3 |     964.1
    1326   1225.7 |    3210.6 |     964.1
    1327   1225.9 |    3210.6 |     964.3
    1328   1226.0 |    3211.2 |     964.4
    1329   1226.4 |    3211.3 |     965.3
    1330   1226.7 |    3212.1 |     965.7
    1331   1226.9 |    3212.5 |     965.9
    1332   1227.0 |    3213.0 |     966.2
    1333   1227.1 |    3213.2 |     966.5
    1334   1227.3 |    3213.3 |     966.7
    1335   1227.4 |    3213.7 |     967.0
    1336   1228.2 |    3214.2 |     967.0
    1337   1228.8 |    3214.3 |     967.0
    1338   1229.3 |    3214.5 |     967.1
    1339   1230.0 |    3214.7 |     967.1
    1340   1230.3 |    3215.1 |     967.2
    1341   1231.1 |    3215.3 |     967.2
    1342   1231.1 |    3215.4 |     967.3
    1343   1232.4 |    3215.5 |     967.3
    1344   1233.1 |    3215.7 |     967.3
    1345   1234.4 |    3215.9 |     967.5
    1346   1234.5 |    3216.0 |     967.5
    1347   1234.8 |    3216.3 |     967.6
    1348   1234.8 |    3216.8 |     967.8
    1349   1235.0 |    3216.9 |     967.9
    1350   1235.7 |    3216.9 |     967.9
    1351   1236.4 |    3216.9 |     967.9
    1352   1237.6 |    3217.0 |     968.0
    1353   1237.8 |    3217.4 |     968.0
    1354   1237.9 |    3217.5 |     968.1
    1355   1237.9 |    3218.2 |     968.1
    1356   1238.8 |    3218.3 |     968.1
    1357   1238.9 |    3218.3 |     968.2
    1358   1239.4 |    3218.5 |     968.2
    1359   1239.9 |    3218.6 |     968.3
    1360   1242.2 |    3220.2 |     968.5
    1361   1242.2 |    3220.2 |     968.6
    1362   1242.2 |    3220.4 |     968.6
    1363   1242.4 |    3221.0 |     968.7
    1364   1243.1 |    3221.2 |     968.7
    1365   1245.1 |    3221.2 |     968.8
    1366   1246.3 |    3221.6 |     968.8
    1367   1249.3 |    3221.7 |     968.8
    1368   1250.2 |    3221.9 |     968.9
    1369   1251.3 |    3222.1 |     969.0
    1370   1252.5 |    3222.1 |     969.3
    1371   1253.5 |    3222.2 |     969.5
    1372   1253.6 |    3222.7 |     969.6
    1373   1255.3 |    3222.8 |     971.5
    1374   1258.3 |    3223.0 |     972.9
    1375   1260.9 |    3223.0 |     973.1
    1376   1261.6 |    3223.4 |     973.5
    1377   1266.8 |    3223.6 |     973.6
    1378   1267.4 |    3223.8 |     973.7
    1379   1271.1 |    3223.8 |     974.9
    1380   1279.5 |    3224.2 |     975.4
    1381   1281.6 |    3224.5 |     976.5
    1382   1281.6 |    3224.6 |     976.6
    1383   1282.1 |    3224.7 |     976.9
    1384   1283.1 |    3224.8 |     977.0
    1385   1297.4 |    3224.9 |     977.0
    1386   1301.6 |    3225.5 |     977.6
    1387   1301.9 |    3225.7 |     977.6
    1388   1302.2 |    3225.8 |     977.7
    1389   1302.7 |    3226.0 |     978.9
    1390   1303.7 |    3226.1 |     979.5
    1391   1306.9 |    3226.2 |     979.6
    1392   1307.5 |    3227.0 |     979.8
    1393   1321.6 |    3227.2 |     980.1
    1394   1331.3 |    3227.3 |     980.1
    1395   1333.2 |    3227.6 |     982.4
    1396   1345.3 |    3227.9 |     982.7
    1397   1351.0 |    3228.8 |     984.2
    1398   1357.6 |    3229.1 |     984.4
    1399   1360.1 |    3229.1 |     984.7
    1400   1361.9 |    3229.4 |     984.7
    1401   1362.5 |    3230.4 |     984.8
    1402   1362.8 |    3231.0 |     984.8
    1403   1363.9 |    3231.6 |     984.8
    1404   1364.7 |    3237.2 |     984.9
    1405   1364.9 |    3239.0 |     985.0
    1406   1365.6 |    3244.2 |     985.2
    1407   1369.8 |    3244.4 |     996.2
    1408   1370.6 |    3245.5 |     996.7
    1409   1370.8 |    3246.3 |    1000.2
    1410   1371.0 |    3252.6 |    1001.3
    1411   1371.6 |    3255.1 |    1006.5
    1412   1373.7 |    3257.4 |    1007.7
    1413   1374.8 |    3260.5 |    1010.9
    1414   1375.3 |    3260.9 |    1013.0
    1415   1377.8 |    3262.4 |    1013.2
    1416   1378.4 |    3265.3 |    1013.3
    1417   1380.7 |    3283.8 |    1013.3
    1418   1382.7 |    3284.3 |    1013.4
    1419   1384.6 |    3436.1 |    1013.4
    1420   1389.0 |    3450.9 |    1013.4
    1421   1389.2 |    3451.5 |    1013.5
    1422   1390.7 |    3452.8 |    1013.6
    1423   1390.9 |    3455.8 |    1013.6
    1424   1391.8 |    3456.9 |    1013.7
    1425   1395.3 |    3460.2 |    1013.9
    1426   1397.5 |    3463.3 |    1013.9
    1427   1407.2 |    3463.8 |    1014.1
    1428   1409.1 |    3464.3 |    1014.1
    1429   1415.7 |    3464.5 |    1014.4
    1430   1421.6 |    3464.5 |    1014.5
    1431   1426.3 |    3464.6 |    1014.6
    1432   1426.8 |    3464.8 |    1014.6
    1433   1432.9 |    3464.8 |    1014.7
    1434   1435.1 |    3465.5 |    1014.8
    1435   1436.0 |    3467.1 |    1014.8
    1436   1436.5 |    3470.4 |    1014.9
    1437   1436.9 |    3473.9 |    1015.0
    1438   1437.7 |    3491.0 |    1015.1
    1439   1438.4 |    3493.9 |    1015.2
    1440   1439.9 |    3494.3 |    1015.5
    1441   1441.5 |    3495.7 |    1015.6
    1442   1442.4 |    3496.3 |    1015.7
    1443   1443.2 |    3497.5 |    1016.0
    1444   1445.3 |    3497.9 |    1016.6
    1445   1445.7 |    3498.4 |    1016.7
    1446   1449.1 |    3498.4 |    1017.2
    1447   1451.5 |    3498.6 |    1017.4
    1448   1452.1 |    3498.8 |    1017.6
    1449   1452.3 |    3499.6 |    1017.6
    1450   1452.5 |    3501.4 |    1017.6
    1451   1453.2 |    3522.8 |    1017.7
    1452   1453.4 |    3545.6 |    1017.7
    1453   1453.5 |    3553.4 |    1017.8
    1454   1455.9 |    3557.7 |    1017.9
    1455   1457.7 |    3558.3 |    1018.0
    1456   1458.1 |    3559.7 |    1018.0
    1457   1459.1 |    3561.9 |    1018.0
    1458   1459.7 |    3562.4 |    1018.2
    1459   1461.7 |    3564.5 |    1018.7
    1460   1462.0 |    3566.4 |    1018.8
    1461   1465.1 |    3567.3 |    1019.0
    1462   1467.4 |    3567.6 |    1019.1
    1463   1468.7 |    3567.7 |    1019.2
    1464   1470.3 |    3568.5 |    1019.3
    1465   1470.8 |    3570.2 |    1019.3
    1466   1473.4 |    3570.6 |    1019.3
    1467   1602.2 |    3571.0 |    1019.4
    1468   1603.5 |    3571.1 |    1019.5
    1469   1603.6 |    3571.1 |    1019.6
    1470   1603.6 |    3571.3 |    1019.7
    1471   1605.6 |    3571.8 |    1019.7
    1472   1606.4 |    3572.0 |    1019.9
    1473   1608.2 |    3572.0 |    1020.1
    1474   1610.0 |    3572.2 |    1020.2
    1475   1610.9 |    3572.5 |    1020.2
    1476   1611.0 |    3574.5 |    1020.3
    1477   1611.1 |    3576.5 |    1021.4
    1478   1612.4 |    3576.7 |    1021.7
    1479   1613.5 |    3577.7 |    1022.8
    1480   1614.3 |    3577.8 |    1022.8
    1481   1615.5 |    3577.9 |    1023.0
    1482   1618.3 |    3578.3 |    1023.4
    1483   1618.4 |    3578.4 |    1023.8
    1484   1618.8 |    3579.7 |    1024.0
    1485   1628.7 |    3580.0 |    1024.1
    1486   1629.0 |    3580.2 |    1024.1
    1487   1630.1 |    3580.3 |    1024.1
    1488   1630.6 |    3580.4 |    1024.2
    1489   1633.3 |    3581.3 |    1024.3
    1490   1633.8 |    3586.1 |    1024.4
    1491   1635.0 |    3588.8 |    1024.4
    1492   1637.9 |    3589.7 |    1024.5
    1493   1638.7 |    3591.0 |    1024.5
    1494   1639.6 |    3593.4 |    1024.6
    1495   1641.4 |    3595.7 |    1024.6
    1496   1642.4 |    3596.0 |    1024.6
    1497   1645.0 |    3596.1 |    1024.6
    1498   1645.3 |    3596.9 |    1024.7
    1499   1649.9 |    3596.9 |    1024.8
    1500   2428.5 |    3597.9 |    1024.9
    1501   2431.9 |    3598.0 |    1025.3
    1502   2434.5 |    3598.0 |    1025.4
    1503   2436.6 |    3598.3 |    1025.4
    1504   2437.5 |    3599.4 |    1033.8
    1505   2442.5 |    3600.6 |    1035.4
    1506   2445.3 |    3601.4 |    1035.5
    1507   2454.8 |    3601.5 |    1035.5
    1508   2463.4 |    3601.8 |    1035.9
    1509   2465.5 |    3602.8 |    1039.9
    1510   2467.6 |    3603.3 |    1040.9
    1511   2467.8 |    3605.0 |    1041.3
    1512   2470.4 |    3605.3 |    1041.5
    1513   2470.9 |    3605.4 |    1047.0
    1514   2473.6 |    3606.3 |    1049.1
    1515   2475.8 |    3606.3 |    1049.3
    1516   2481.9 |    3606.7 |    1049.5
    1517   2904.8 |    3607.1 |    1049.5
    1518   2941.3 |    3607.4 |    1049.6
    1519   2963.4 |    3634.8 |    1049.6
  ----------------------------------------------------
    RMSD          |    1068.7 |     263.9
     MAE          |     663.9 |     178.5
======================================================



=======================================
  TIMING [JAX (gpu) + MM3 + Optax Adam]
=======================================
  Optimization S               896.20 s
  Function Evaluations             2001
  Per Evaluation S             447.9 ms
=======================================


