
==================================================================
  SUMMARY [JAX (gpu) + MM3 + JaxOpt L-BFGS]
==================================================================
  RMSD (cm⁻¹):       1068.7 → 276.9
  Score:             1841.264466 → 564.892415  (+69.3%)
  Function evals:    200
  Wall time:         1585.5s
  Scipy converged:   False
  Scipy message:     Max iterations (200) reached (error=3.21e+10)
==================================================================



=========================================================
  FREQUENCY PROGRESSION [JAX (gpu) + MM3 + JaxOpt L-BFGS]
=========================================================
    Mode   QM ref |   QFUERZA | Optimized
  -------------------------------------------------------
       1     50.2 |      50.1 |      50.3
       2     51.2 |      50.1 |      50.4
       3     51.6 |      50.2 |      50.5
       4     51.8 |      50.2 |      50.9
       5     52.5 |      50.5 |      51.0
       6     53.3 |      50.6 |      51.0
       7     53.6 |      51.0 |      51.6
       8     53.7 |      51.1 |      51.9
       9     54.0 |      51.2 |      52.3
      10     54.0 |      51.4 |      52.5
      11     54.4 |      52.5 |      53.4
      12     55.3 |      52.7 |      53.4
      13     55.3 |      53.2 |      53.4
      14     55.7 |      53.2 |      53.9
      15     55.8 |      54.2 |      54.0
      16     56.0 |      55.0 |      54.2
      17     56.1 |      55.3 |      54.9
      18     56.8 |      55.5 |      55.9
      19     57.7 |      56.1 |      56.4
      20     57.9 |      56.5 |      56.6
      21     58.2 |      56.7 |      56.6
      22     58.4 |      56.9 |      56.8
      23     58.8 |      57.0 |      57.6
      24     59.7 |      57.5 |      57.7
      25     59.8 |      57.8 |      58.3
      26     59.9 |      58.6 |      60.0
      27     60.1 |      58.9 |      61.0
      28     60.2 |      59.0 |      61.5
      29     61.1 |      59.3 |      62.1
      30     61.3 |      60.5 |      64.2
      31     61.4 |      60.5 |      64.4
      32     61.5 |      60.6 |      64.9
      33     62.5 |      61.3 |      65.3
      34     62.9 |      61.4 |      65.8
      35     63.1 |      62.3 |      66.0
      36     63.5 |      62.8 |      67.6
      37     63.7 |      63.1 |      69.3
      38     63.8 |      64.2 |      69.4
      39     63.9 |      64.5 |      70.6
      40     64.1 |      64.8 |      74.2
      41     64.4 |      65.1 |      75.2
      42     64.8 |      65.2 |      76.6
      43     65.0 |      65.3 |      77.3
      44     65.2 |      66.5 |      78.1
      45     65.3 |      66.8 |      79.0
      46     66.0 |      67.0 |      80.3
      47     66.0 |      67.2 |      83.6
      48     66.1 |      67.5 |      84.8
      49     66.5 |      67.8 |      84.9
      50     66.5 |      68.2 |      85.7
      51     66.6 |      68.6 |      86.9
      52     66.7 |      69.4 |      87.1
      53     67.0 |      69.5 |      88.8
      54     67.4 |      69.7 |      89.6
      55     67.6 |      69.8 |      89.7
      56     68.5 |      70.8 |      90.1
      57     68.6 |      71.6 |      91.0
      58     68.6 |      71.9 |      91.5
      59     68.9 |      72.2 |      93.1
      60     68.9 |      72.2 |      93.2
      61     69.8 |      72.3 |      93.6
      62     69.9 |      73.2 |      94.9
      63     70.4 |      73.4 |      95.7
      64     70.7 |      73.7 |      96.8
      65     71.8 |      74.1 |      97.5
      66     72.3 |      74.3 |      97.5
      67     72.5 |      74.4 |      97.8
      68     72.5 |      74.4 |     100.4
      69     72.7 |      74.6 |     100.5
      70     73.3 |      74.8 |     103.9
      71     73.7 |      77.1 |     106.5
      72     74.1 |      77.4 |     107.1
      73     75.3 |      77.5 |     107.5
      74     76.4 |      77.7 |     107.6
      75     76.5 |      77.8 |     108.8
      76     76.6 |      78.5 |     108.8
      77     77.1 |      78.6 |     109.5
      78     78.4 |      79.1 |     110.5
      79     78.5 |      79.3 |     112.8
      80     79.4 |      79.9 |     113.8
      81     79.6 |      80.6 |     114.1
      82     79.6 |      80.7 |     114.2
      83     79.7 |      80.8 |     115.8
      84     79.9 |      81.0 |     116.2
      85     80.1 |      81.2 |     116.7
      86     80.1 |      82.5 |     118.1
      87     80.8 |      83.4 |     119.0
      88     81.1 |      83.4 |     120.7
      89     83.9 |      83.8 |     120.7
      90     84.8 |      83.9 |     120.8
      91     85.5 |      83.9 |     122.5
      92     85.6 |      84.2 |     124.4
      93     85.8 |      84.6 |     126.1
      94     85.9 |      86.5 |     126.4
      95     86.2 |      86.8 |     128.6
      96     86.2 |      87.0 |     128.9
      97     86.4 |      87.3 |     129.2
      98     86.8 |      88.7 |     129.4
      99     87.1 |      89.1 |     129.9
     100     87.2 |      89.3 |     130.0
     101     87.4 |      89.3 |     130.3
     102     87.5 |      90.5 |     132.7
     103     87.6 |      90.9 |     132.8
     104     87.7 |      91.0 |     133.7
     105     88.1 |      91.5 |     134.1
     106     88.4 |      92.3 |     134.4
     107     88.4 |      92.4 |     134.5
     108     89.5 |      92.4 |     135.2
     109     90.0 |      92.8 |     135.3
     110     90.6 |      93.0 |     135.4
     111     90.9 |      93.9 |     137.5
     112     91.4 |      93.9 |     137.7
     113     91.4 |      95.3 |     137.7
     114     91.7 |      95.6 |     137.8
     115     91.9 |      96.1 |     137.9
     116     91.9 |      96.3 |     138.6
     117     93.5 |      96.4 |     138.6
     118     93.6 |      96.5 |     139.8
     119     94.1 |      97.2 |     140.1
     120     94.1 |      98.1 |     141.5
     121     94.2 |      98.2 |     142.1
     122     94.4 |      98.3 |     142.4
     123     94.8 |      98.3 |     144.7
     124     94.8 |      98.9 |     145.4
     125     96.0 |      99.0 |     146.0
     126     96.1 |      99.5 |     149.8
     127     96.2 |      99.5 |     150.7
     128     96.3 |     100.0 |     151.3
     129     96.7 |     100.1 |     155.8
     130     96.8 |     100.4 |     160.4
     131     97.3 |     100.5 |     161.4
     132     97.5 |     101.1 |     161.4
     133     97.8 |     101.3 |     162.3
     134     97.8 |     101.5 |     163.6
     135     98.2 |     101.5 |     166.1
     136     98.3 |     101.9 |     166.4
     137     99.1 |     101.9 |     167.1
     138     99.5 |     102.2 |     167.7
     139     99.5 |     102.9 |     168.2
     140     99.6 |     103.8 |     168.3
     141     99.8 |     104.8 |     168.4
     142    100.2 |     104.8 |     169.7
     143    100.3 |     106.9 |     170.8
     144    100.4 |     107.5 |     171.5
     145    100.5 |     107.6 |     172.1
     146    101.5 |     107.8 |     172.1
     147    101.5 |     109.3 |     173.6
     148    101.7 |     109.4 |     174.3
     149    102.0 |     110.0 |     174.8
     150    102.0 |     110.0 |     175.0
     151    103.5 |     110.6 |     176.4
     152    103.7 |     110.8 |     177.2
     153    105.2 |     111.9 |     179.9
     154    105.3 |     113.4 |     180.4
     155    105.4 |     113.7 |     180.5
     156    105.8 |     113.7 |     180.5
     157    107.5 |     113.9 |     180.7
     158    107.9 |     114.0 |     181.1
     159    108.3 |     114.9 |     181.2
     160    109.1 |     115.4 |     181.3
     161    109.5 |     116.5 |     182.0
     162    109.8 |     116.6 |     183.3
     163    110.1 |     117.6 |     183.8
     164    110.3 |     118.4 |     184.2
     165    110.5 |     118.5 |     184.2
     166    110.6 |     119.0 |     185.5
     167    110.6 |     119.2 |     188.1
     168    111.5 |     119.3 |     189.0
     169    111.5 |     119.9 |     189.7
     170    111.6 |     120.2 |     191.4
     171    112.8 |     120.3 |     193.7
     172    114.4 |     120.8 |     194.3
     173    114.8 |     120.9 |     195.3
     174    114.8 |     121.2 |     199.0
     175    116.2 |     121.8 |     199.5
     176    116.2 |     122.1 |     200.4
     177    116.4 |     122.1 |     201.4
     178    116.9 |     122.5 |     202.1
     179    117.9 |     123.5 |     204.6
     180    118.1 |     123.6 |     206.9
     181    118.9 |     124.6 |     206.9
     182    119.7 |     124.7 |     207.1
     183    120.4 |     125.0 |     207.8
     184    120.5 |     125.1 |     209.2
     185    120.5 |     125.1 |     209.2
     186    121.9 |     126.7 |     209.2
     187    122.0 |     127.4 |     209.3
     188    123.5 |     127.5 |     209.3
     189    123.8 |     127.7 |     209.3
     190    123.9 |     128.4 |     209.3
     191    124.1 |     128.5 |     209.3
     192    124.2 |     128.5 |     209.4
     193    124.6 |     129.0 |     209.4
     194    124.7 |     130.3 |     209.4
     195    125.3 |     132.1 |     209.5
     196    125.3 |     132.8 |     209.8
     197    126.2 |     133.1 |     209.8
     198    126.7 |     134.4 |     210.0
     199    127.1 |     134.8 |     210.0
     200    127.1 |     136.3 |     210.1
     201    127.5 |     136.3 |     210.5
     202    128.1 |     136.8 |     213.3
     203    128.2 |     138.5 |     213.4
     204    128.2 |     139.3 |     213.4
     205    128.3 |     139.4 |     213.5
     206    128.6 |     139.5 |     213.6
     207    129.1 |     140.1 |     213.7
     208    129.6 |     140.5 |     215.1
     209    129.9 |     140.5 |     215.2
     210    130.7 |     140.9 |     215.3
     211    130.7 |     141.0 |     215.5
     212    130.7 |     141.2 |     216.6
     213    131.0 |     141.9 |     217.8
     214    131.1 |     142.7 |     218.0
     215    131.1 |     143.0 |     218.1
     216    131.2 |     143.1 |     218.2
     217    132.0 |     143.4 |     218.5
     218    132.1 |     146.0 |     218.5
     219    132.2 |     146.1 |     218.7
     220    132.8 |     146.6 |     218.9
     221    133.1 |     148.5 |     219.1
     222    133.2 |     149.0 |     219.2
     223    133.4 |     149.6 |     219.5
     224    133.6 |     150.3 |     220.9
     225    133.6 |     151.1 |     221.1
     226    133.7 |     151.1 |     221.2
     227    133.9 |     151.5 |     221.3
     228    134.4 |     152.5 |     221.3
     229    134.7 |     154.1 |     221.4
     230    134.8 |     155.6 |     221.5
     231    135.5 |     156.1 |     222.2
     232    135.7 |     156.7 |     222.3
     233    135.9 |     157.3 |     223.1
     234    136.3 |     158.8 |     223.6
     235    136.4 |     158.9 |     224.1
     236    137.0 |     159.6 |     224.2
     237    137.1 |     160.3 |     224.2
     238    137.5 |     161.7 |     224.7
     239    138.1 |     163.0 |     225.4
     240    138.6 |     163.1 |     225.7
     241    139.9 |     163.6 |     227.6
     242    140.2 |     163.9 |     227.9
     243    141.6 |     164.1 |     228.0
     244    142.0 |     164.2 |     228.3
     245    142.3 |     164.2 |     228.7
     246    142.7 |     165.9 |     229.4
     247    142.8 |     166.2 |     229.8
     248    143.3 |     166.6 |     230.3
     249    143.5 |     167.0 |     230.4
     250    143.5 |     167.7 |     230.8
     251    143.7 |     167.8 |     231.6
     252    143.9 |     168.6 |     231.8
     253    145.0 |     169.1 |     231.9
     254    145.2 |     169.6 |     232.6
     255    145.5 |     170.2 |     234.4
     256    146.3 |     170.9 |     234.9
     257    146.4 |     171.8 |     235.2
     258    146.8 |     171.9 |     235.2
     259    147.6 |     172.2 |     235.3
     260    147.9 |     172.9 |     235.5
     261    148.2 |     173.1 |     236.6
     262    149.3 |     173.3 |     236.6
     263    149.4 |     175.6 |     236.8
     264    151.0 |     175.7 |     237.4
     265    151.0 |     176.4 |     238.6
     266    151.6 |     177.0 |     238.9
     267    151.7 |     177.3 |     239.1
     268    152.0 |     178.0 |     239.3
     269    152.0 |     178.2 |     239.8
     270    152.1 |     179.4 |     240.2
     271    152.5 |     180.1 |     240.4
     272    152.7 |     180.8 |     240.4
     273    153.0 |     180.8 |     240.9
     274    153.4 |     181.2 |     240.9
     275    153.4 |     182.3 |     241.2
     276    153.6 |     182.5 |     241.5
     277    154.8 |     182.7 |     241.7
     278    155.8 |     182.9 |     241.8
     279    155.9 |     182.9 |     241.9
     280    156.0 |     183.1 |     242.3
     281    156.0 |     186.8 |     242.5
     282    156.9 |     187.6 |     242.9
     283    156.9 |     187.7 |     246.8
     284    157.3 |     188.5 |     248.2
     285    157.7 |     188.7 |     248.7
     286    157.8 |     189.6 |     248.8
     287    159.0 |     190.8 |     248.8
     288    159.2 |     192.3 |     248.9
     289    159.6 |     192.6 |     253.9
     290    160.2 |     192.7 |     254.5
     291    160.5 |     192.9 |     254.9
     292    160.5 |     194.7 |     254.9
     293    160.6 |     195.8 |     255.6
     294    160.8 |     195.9 |     256.7
     295    161.0 |     196.8 |     256.8
     296    161.0 |     196.9 |     258.8
     297    161.5 |     198.4 |     258.8
     298    161.9 |     199.1 |     259.1
     299    162.1 |     199.2 |     259.2
     300    162.1 |     199.2 |     259.4
     301    162.6 |     199.4 |     261.3
     302    162.8 |     199.6 |     261.4
     303    163.2 |     199.9 |     262.6
     304    165.2 |     200.3 |     264.6
     305    165.2 |     200.8 |     267.4
     306    166.0 |     200.9 |     269.5
     307    166.5 |     201.0 |     274.3
     308    167.6 |     201.0 |     275.1
     309    167.8 |     201.2 |     275.1
     310    167.9 |     201.3 |     275.3
     311    168.0 |     201.7 |     275.3
     312    168.5 |     201.8 |     276.1
     313    168.7 |     202.8 |     276.3
     314    169.4 |     203.8 |     276.5
     315    170.1 |     203.9 |     276.6
     316    170.3 |     204.6 |     276.8
     317    170.5 |     204.7 |     276.8
     318    170.7 |     204.8 |     276.9
     319    170.9 |     205.6 |     277.0
     320    171.0 |     205.8 |     277.0
     321    171.5 |     206.0 |     277.2
     322    171.9 |     206.2 |     277.4
     323    172.2 |     206.4 |     278.2
     324    172.6 |     207.3 |     278.6
     325    172.6 |     208.1 |     280.2
     326    172.6 |     209.2 |     280.2
     327    173.0 |     209.3 |     280.2
     328    173.3 |     209.7 |     280.6
     329    173.8 |     210.3 |     280.9
     330    174.0 |     210.4 |     281.5
     331    174.5 |     210.4 |     282.0
     332    174.5 |     210.5 |     284.0
     333    175.0 |     211.0 |     284.4
     334    175.2 |     211.1 |     284.6
     335    175.5 |     212.6 |     284.7
     336    176.0 |     212.6 |     284.7
     337    176.1 |     213.1 |     284.8
     338    177.1 |     213.4 |     285.3
     339    177.7 |     213.8 |     285.8
     340    177.9 |     213.8 |     286.1
     341    178.1 |     214.1 |     287.0
     342    179.1 |     215.2 |     287.2
     343    179.1 |     215.7 |     290.2
     344    180.3 |     215.8 |     290.4
     345    183.5 |     216.8 |     292.6
     346    183.5 |     218.1 |     295.4
     347    183.8 |     219.1 |     296.0
     348    183.8 |     219.5 |     297.1
     349    184.1 |     221.2 |     297.7
     350    184.4 |     221.3 |     299.4
     351    184.5 |     221.6 |     300.7
     352    184.5 |     222.1 |     304.1
     353    184.6 |     222.9 |     304.8
     354    184.6 |     223.5 |     307.9
     355    184.8 |     223.5 |     311.1
     356    185.0 |     223.6 |     312.3
     357    185.2 |     224.1 |     313.5
     358    185.7 |     224.1 |     320.5
     359    185.8 |     224.6 |     321.1
     360    186.0 |     225.5 |     321.8
     361    186.2 |     225.7 |     322.6
     362    186.5 |     225.8 |     322.9
     363    187.0 |     226.5 |     322.9
     364    187.0 |     226.8 |     323.2
     365    187.0 |     227.1 |     323.3
     366    187.6 |     227.4 |     323.5
     367    187.8 |     228.9 |     323.5
     368    188.1 |     228.9 |     324.4
     369    188.4 |     229.3 |     325.3
     370    189.0 |     229.9 |     329.4
     371    189.9 |     230.0 |     329.5
     372    190.2 |     230.7 |     329.6
     373    190.6 |     232.0 |     329.8
     374    190.6 |     232.7 |     329.8
     375    191.5 |     235.2 |     329.9
     376    191.5 |     237.5 |     330.3
     377    192.1 |     237.7 |     330.4
     378    192.2 |     237.7 |     330.4
     379    193.5 |     240.0 |     331.9
     380    193.5 |     240.9 |     332.3
     381    194.3 |     241.5 |     332.3
     382    194.6 |     241.9 |     336.7
     383    194.8 |     242.8 |     337.0
     384    195.1 |     243.4 |     339.9
     385    195.5 |     243.5 |     341.7
     386    196.0 |     243.9 |     342.4
     387    196.3 |     244.6 |     342.4
     388    196.9 |     245.2 |     342.5
     389    198.9 |     246.2 |     342.7
     390    199.6 |     246.3 |     343.0
     391    199.7 |     246.7 |     344.7
     392    200.9 |     246.7 |     345.8
     393    201.9 |     247.6 |     345.8
     394    202.7 |     248.8 |     347.6
     395    202.8 |     248.9 |     350.1
     396    202.8 |     249.3 |     351.6
     397    203.3 |     250.0 |     352.6
     398    203.8 |     250.7 |     353.3
     399    204.0 |     251.2 |     353.4
     400    204.0 |     251.8 |     355.2
     401    204.7 |     251.9 |     355.2
     402    204.8 |     252.3 |     355.8
     403    204.8 |     253.1 |     357.4
     404    206.4 |     254.1 |     358.9
     405    207.4 |     255.1 |     359.1
     406    207.8 |     255.3 |     359.8
     407    207.8 |     255.7 |     360.3
     408    207.9 |     255.8 |     360.5
     409    208.1 |     256.1 |     360.7
     410    208.4 |     256.6 |     363.6
     411    211.4 |     256.7 |     364.1
     412    212.6 |     257.3 |     364.2
     413    212.9 |     257.3 |     364.3
     414    214.2 |     258.2 |     364.3
     415    214.9 |     258.3 |     364.3
     416    214.9 |     258.5 |     364.3
     417    215.3 |     259.1 |     364.3
     418    215.9 |     259.1 |     364.3
     419    216.0 |     261.9 |     364.3
     420    216.2 |     262.2 |     364.4
     421    216.2 |     262.5 |     364.4
     422    217.0 |     264.9 |     364.4
     423    217.1 |     265.0 |     364.5
     424    217.2 |     265.3 |     364.6
     425    217.8 |     265.6 |     364.6
     426    218.0 |     266.5 |     364.9
     427    218.1 |     268.9 |     366.1
     428    218.6 |     270.4 |     366.4
     429    218.7 |     271.7 |     366.5
     430    218.7 |     272.7 |     366.8
     431    218.8 |     273.1 |     368.7
     432    219.1 |     273.3 |     370.0
     433    219.3 |     273.5 |     370.1
     434    219.8 |     274.0 |     371.3
     435    220.8 |     274.9 |     371.7
     436    221.5 |     275.9 |     371.8
     437    222.2 |     276.5 |     373.3
     438    222.3 |     277.0 |     376.3
     439    222.3 |     277.3 |     376.3
     440    222.4 |     277.3 |     376.4
     441    223.2 |     277.5 |     376.5
     442    223.5 |     277.9 |     376.6
     443    223.7 |     278.7 |     377.9
     444    225.3 |     279.5 |     378.3
     445    226.1 |     279.5 |     378.7
     446    226.6 |     280.5 |     378.8
     447    226.7 |     280.6 |     379.0
     448    227.1 |     282.2 |     379.1
     449    228.2 |     282.5 |     379.3
     450    228.4 |     282.8 |     379.3
     451    228.6 |     282.9 |     379.3
     452    230.3 |     283.7 |     379.3
     453    237.8 |     284.5 |     379.4
     454    238.6 |     285.5 |     379.4
     455    239.4 |     289.8 |     379.6
     456    242.1 |     291.9 |     379.6
     457    242.5 |     292.0 |     379.7
     458    242.6 |     292.1 |     379.9
     459    244.2 |     292.2 |     379.9
     460    247.8 |     293.7 |     380.8
     461    249.1 |     293.7 |     381.0
     462    249.2 |     294.5 |     382.2
     463    249.5 |     294.9 |     382.4
     464    250.1 |     295.1 |     382.4
     465    250.2 |     295.6 |     382.4
     466    250.6 |     295.8 |     383.2
     467    251.9 |     295.9 |     383.3
     468    252.0 |     296.3 |     383.3
     469    252.3 |     298.8 |     384.3
     470    254.8 |     299.0 |     386.6
     471    255.9 |     300.6 |     387.9
     472    256.5 |     301.0 |     388.1
     473    256.6 |     302.1 |     388.9
     474    257.4 |     302.2 |     389.6
     475    258.1 |     302.5 |     390.9
     476    259.2 |     302.7 |     390.9
     477    259.7 |     302.8 |     392.0
     478    261.9 |     303.4 |     392.9
     479    265.6 |     303.5 |     392.9
     480    265.9 |     304.2 |     393.3
     481    267.5 |     305.2 |     393.8
     482    268.5 |     305.2 |     395.6
     483    271.3 |     305.5 |     395.7
     484    276.3 |     305.7 |     396.8
     485    280.9 |     306.1 |     397.9
     486    281.4 |     306.8 |     398.0
     487    282.2 |     306.9 |     398.0
     488    282.7 |     307.4 |     398.3
     489    284.2 |     307.5 |     399.1
     490    286.3 |     307.9 |     399.4
     491    286.6 |     308.1 |     399.5
     492    289.4 |     308.3 |     399.6
     493    291.3 |     308.7 |     401.4
     494    293.5 |     308.9 |     404.7
     495    295.1 |     308.9 |     406.6
     496    296.9 |     310.3 |     416.8
     497    297.0 |     310.3 |     419.6
     498    297.5 |     312.1 |     420.9
     499    297.5 |     312.8 |     421.1
     500    297.5 |     314.2 |     421.4
     501    297.7 |     314.7 |     422.1
     502    298.2 |     315.4 |     422.3
     503    299.0 |     316.0 |     423.2
     504    299.3 |     316.2 |     423.2
     505    299.8 |     316.2 |     426.7
     506    300.0 |     316.4 |     428.8
     507    300.2 |     316.6 |     429.7
     508    300.2 |     317.2 |     430.3
     509    300.3 |     317.6 |     430.3
     510    300.6 |     318.3 |     430.4
     511    300.8 |     318.6 |     430.7
     512    301.1 |     319.1 |     431.5
     513    301.6 |     319.2 |     431.5
     514    301.8 |     320.0 |     432.7
     515    301.8 |     320.4 |     433.0
     516    301.8 |     320.8 |     433.9
     517    302.3 |     321.9 |     433.9
     518    302.6 |     322.1 |     434.0
     519    303.4 |     322.2 |     434.2
     520    303.8 |     322.3 |     434.3
     521    306.7 |     322.5 |     434.4
     522    307.6 |     323.0 |     434.4
     523    309.7 |     323.5 |     435.3
     524    309.8 |     323.6 |     435.4
     525    310.9 |     323.9 |     435.6
     526    311.1 |     325.1 |     435.6
     527    312.9 |     325.1 |     436.0
     528    313.4 |     325.6 |     439.3
     529    314.0 |     325.6 |     439.5
     530    314.7 |     325.8 |     440.2
     531    314.8 |     327.2 |     440.5
     532    314.9 |     328.1 |     441.4
     533    315.5 |     328.6 |     441.7
     534    315.7 |     329.1 |     442.3
     535    315.8 |     329.3 |     442.5
     536    316.4 |     329.4 |     442.5
     537    317.3 |     330.1 |     442.9
     538    317.3 |     330.5 |     444.0
     539    317.4 |     330.8 |     444.9
     540    318.4 |     331.2 |     447.1
     541    318.5 |     332.4 |     447.2
     542    318.5 |     332.4 |     452.8
     543    319.5 |     332.7 |     454.2
     544    320.1 |     332.8 |     457.8
     545    320.8 |     335.1 |     458.7
     546    321.0 |     335.1 |     459.4
     547    321.7 |     335.5 |     459.9
     548    321.7 |     335.9 |     460.0
     549    323.2 |     335.9 |     460.8
     550    323.3 |     336.3 |     465.7
     551    323.9 |     336.7 |     467.9
     552    327.6 |     338.4 |     468.1
     553    328.2 |     338.6 |     468.9
     554    329.6 |     339.2 |     469.1
     555    330.1 |     342.1 |     469.3
     556    330.1 |     342.9 |     470.7
     557    330.5 |     343.1 |     475.0
     558    331.3 |     343.2 |     475.4
     559    332.0 |     343.3 |     475.7
     560    332.5 |     343.3 |     475.8
     561    333.3 |     344.0 |     475.9
     562    333.9 |     344.2 |     476.1
     563    333.9 |     344.4 |     477.5
     564    333.9 |     344.4 |     479.7
     565    334.0 |     345.3 |     480.1
     566    334.0 |     345.7 |     480.1
     567    336.0 |     346.4 |     481.2
     568    336.0 |     346.7 |     481.5
     569    336.8 |     348.2 |     484.2
     570    337.8 |     348.3 |     485.2
     571    338.0 |     348.3 |     487.7
     572    338.1 |     349.7 |     490.1
     573    338.7 |     350.2 |     492.8
     574    339.4 |     350.6 |     496.1
     575    339.6 |     350.8 |     496.6
     576    339.9 |     351.5 |     496.7
     577    340.7 |     351.7 |     496.8
     578    341.1 |     351.8 |     497.0
     579    341.7 |     351.8 |     498.3
     580    342.8 |     352.3 |     503.6
     581    344.4 |     352.7 |     505.7
     582    346.0 |     353.9 |     506.6
     583    346.6 |     355.2 |     512.9
     584    347.6 |     355.4 |     514.6
     585    349.7 |     355.5 |     515.4
     586    350.3 |     356.0 |     520.4
     587    350.7 |     356.2 |     523.7
     588    350.9 |     356.4 |     524.3
     589    350.9 |     356.6 |     524.5
     590    350.9 |     357.5 |     524.8
     591    351.6 |     357.7 |     525.5
     592    352.1 |     357.8 |     527.2
     593    352.1 |     357.9 |     528.3
     594    354.1 |     358.1 |     530.2
     595    356.1 |     358.3 |     531.0
     596    358.5 |     359.1 |     531.1
     597    359.2 |     359.9 |     535.6
     598    360.8 |     362.1 |     536.8
     599    361.2 |     363.3 |     539.0
     600    361.9 |     363.4 |     540.8
     601    362.3 |     364.3 |     541.1
     602    363.1 |     364.6 |     542.0
     603    363.6 |     365.1 |     542.5
     604    364.2 |     365.4 |     543.6
     605    366.2 |     365.5 |     546.1
     606    367.2 |     365.7 |     547.3
     607    367.8 |     366.3 |     548.1
     608    369.0 |     367.0 |     550.5
     609    369.4 |     369.6 |     551.4
     610    369.5 |     370.2 |     554.9
     611    369.7 |     371.5 |     555.2
     612    370.7 |     371.7 |     555.7
     613    370.8 |     371.8 |     555.7
     614    371.0 |     373.4 |     556.8
     615    371.1 |     375.7 |     557.5
     616    371.4 |     375.8 |     560.4
     617    371.6 |     376.8 |     560.4
     618    371.9 |     377.7 |     560.5
     619    372.3 |     377.9 |     560.6
     620    372.4 |     378.3 |     561.6
     621    373.0 |     378.7 |     561.9
     622    373.1 |     379.3 |     562.5
     623    373.4 |     380.2 |     562.5
     624    375.0 |     380.4 |     564.1
     625    375.0 |     380.6 |     565.1
     626    375.0 |     381.4 |     565.1
     627    375.1 |     381.4 |     565.6
     628    375.1 |     381.9 |     565.6
     629    375.7 |     382.3 |     565.7
     630    375.8 |     383.1 |     569.5
     631    375.8 |     385.6 |     575.6
     632    376.1 |     386.0 |     575.7
     633    376.9 |     386.3 |     584.5
     634    377.9 |     386.4 |     585.9
     635    377.9 |     387.0 |     588.3
     636    378.1 |     387.2 |     592.8
     637    378.6 |     387.3 |     593.4
     638    378.7 |     387.8 |     593.8
     639    378.8 |     388.2 |     594.2
     640    379.0 |     388.4 |     603.5
     641    379.6 |     391.2 |     604.2
     642    380.0 |     391.3 |     606.2
     643    380.8 |     391.7 |     606.6
     644    381.4 |     393.1 |     608.3
     645    381.4 |     393.6 |     610.0
     646    382.9 |     393.7 |     611.4
     647    383.4 |     395.4 |     611.8
     648    383.6 |     396.2 |     612.6
     649    383.8 |     396.4 |     612.7
     650    384.2 |     397.4 |     613.8
     651    384.4 |     398.0 |     614.0
     652    384.8 |     398.1 |     614.0
     653    385.0 |     398.3 |     614.4
     654    385.1 |     398.7 |     614.4
     655    385.3 |     399.9 |     614.6
     656    385.8 |     402.5 |     614.8
     657    385.8 |     402.6 |     614.9
     658    385.8 |     402.6 |     615.0
     659    385.9 |     402.8 |     615.1
     660    386.3 |     404.4 |     615.2
     661    386.3 |     405.0 |     615.2
     662    387.5 |     406.8 |     615.2
     663    387.9 |     407.2 |     615.2
     664    388.0 |     407.3 |     615.3
     665    388.4 |     409.0 |     615.5
     666    388.4 |     411.8 |     615.5
     667    388.5 |     412.0 |     615.6
     668    388.5 |     417.6 |     615.8
     669    389.0 |     417.9 |     615.9
     670    389.0 |     422.7 |     616.0
     671    389.1 |     423.0 |     616.0
     672    389.1 |     425.5 |     616.1
     673    389.2 |     426.2 |     616.1
     674    389.6 |     426.3 |     616.3
     675    390.5 |     426.8 |     616.3
     676    390.5 |     428.3 |     616.4
     677    390.8 |     428.5 |     616.5
     678    390.8 |     428.6 |     616.5
     679    391.1 |     430.2 |     616.5
     680    391.1 |     430.2 |     616.6
     681    391.4 |     431.1 |     616.7
     682    392.1 |     432.4 |     616.7
     683    392.2 |     435.6 |     616.8
     684    392.7 |     435.7 |     616.8
     685    393.3 |     436.0 |     616.9
     686    393.3 |     437.5 |     617.0
     687    393.5 |     439.2 |     617.1
     688    393.9 |     440.7 |     617.4
     689    394.2 |     440.9 |     617.7
     690    394.2 |     442.0 |     618.0
     691    394.5 |     443.4 |     618.6
     692    395.4 |     443.8 |     620.0
     693    395.9 |     444.3 |     620.2
     694    398.2 |     445.1 |     622.6
     695    398.2 |     445.1 |     624.8
     696    398.5 |     447.4 |     624.9
     697    398.9 |     447.6 |     625.0
     698    399.6 |     447.8 |     625.3
     699    400.8 |     448.0 |     625.4
     700    401.4 |     449.3 |     628.3
     701    401.5 |     450.1 |     630.1
     702    403.2 |     450.3 |     631.3
     703    404.4 |     451.2 |     631.7
     704    404.6 |     454.9 |     631.8
     705    406.5 |     455.4 |     631.9
     706    406.6 |     456.4 |     632.0
     707    407.3 |     456.9 |     632.4
     708    408.6 |     457.8 |     632.7
     709    409.5 |     459.5 |     632.8
     710    409.5 |     459.6 |     632.8
     711    409.6 |     461.2 |     633.0
     712    409.6 |     462.3 |     633.0
     713    410.1 |     462.6 |     633.0
     714    411.2 |     462.6 |     633.3
     715    411.6 |     462.8 |     633.3
     716    412.7 |     463.0 |     633.3
     717    414.1 |     464.6 |     633.3
     718    414.5 |     466.8 |     633.7
     719    415.0 |     468.4 |     633.8
     720    415.4 |     468.9 |     633.9
     721    416.3 |     469.1 |     634.0
     722    417.3 |     470.2 |     634.1
     723    417.3 |     471.6 |     634.3
     724    418.1 |     474.6 |     634.3
     725    420.1 |     476.6 |     634.5
     726    420.4 |     477.1 |     634.7
     727    420.6 |     499.7 |     634.7
     728    421.0 |     499.7 |     634.7
     729    421.1 |     499.9 |     634.8
     730    422.2 |     505.6 |     635.0
     731    422.3 |     508.7 |     635.1
     732    423.3 |     510.8 |     635.4
     733    426.3 |     511.5 |     636.1
     734    430.5 |     515.1 |     636.3
     735    444.4 |     518.1 |     636.6
     736    453.0 |     518.3 |     636.9
     737    453.4 |     519.1 |     636.9
     738    453.6 |     521.8 |     637.2
     739    454.2 |     522.5 |     637.6
     740    455.4 |     525.0 |     637.7
     741    455.7 |     525.2 |     637.7
     742    456.1 |     526.3 |     637.8
     743    456.3 |     527.4 |     638.0
     744    456.9 |     530.4 |     638.2
     745    457.1 |     532.4 |     638.2
     746    457.4 |     534.3 |     638.2
     747    457.6 |     535.8 |     638.5
     748    457.9 |     536.3 |     639.0
     749    458.0 |     537.6 |     639.4
     750    459.0 |     538.0 |     640.3
     751    459.0 |     538.3 |     640.6
     752    459.3 |     554.2 |     641.7
     753    459.6 |     559.7 |     642.9
     754    459.9 |     560.7 |     643.1
     755    460.3 |     561.2 |     643.2
     756    460.5 |     562.6 |     644.3
     757    460.6 |     563.9 |     645.3
     758    460.8 |     567.0 |     648.0
     759    461.0 |     576.6 |     659.1
     760    461.6 |     577.6 |     660.9
     761    461.6 |     578.9 |     663.2
     762    461.6 |     583.0 |     667.0
     763    461.6 |     583.4 |     669.0
     764    461.9 |     586.0 |     672.7
     765    462.3 |     587.3 |     672.9
     766    462.4 |     592.9 |     673.1
     767    462.9 |     596.4 |     673.1
     768    463.2 |     599.6 |     673.3
     769    463.3 |     600.9 |     673.3
     770    463.6 |     602.2 |     673.4
     771    463.7 |     604.5 |     673.4
     772    463.8 |     604.9 |     673.5
     773    464.0 |     607.7 |     673.6
     774    464.6 |     609.0 |     675.9
     775    464.9 |     612.4 |     676.0
     776    465.2 |     613.2 |     676.1
     777    465.4 |     618.0 |     676.7
     778    465.8 |     628.1 |     676.9
     779    466.4 |     632.1 |     677.0
     780    466.9 |     636.9 |     677.2
     781    467.1 |     641.9 |     683.3
     782    468.2 |     647.1 |     684.2
     783    468.4 |     648.7 |     685.5
     784    469.1 |     651.7 |     687.4
     785    469.1 |     656.4 |     687.5
     786    469.8 |     665.8 |     687.5
     787    471.4 |     669.5 |     687.8
     788    472.5 |     670.0 |     694.5
     789    472.7 |     677.0 |     694.8
     790    472.9 |     678.5 |     695.2
     791    473.7 |     689.0 |     695.7
     792    474.4 |     691.4 |     695.8
     793    474.7 |     695.9 |     696.0
     794    475.0 |     700.8 |     696.6
     795    475.5 |     702.7 |     697.6
     796    476.5 |     705.2 |     697.9
     797    476.9 |     708.5 |     698.1
     798    478.8 |     710.1 |     698.1
     799    479.9 |     710.2 |     698.2
     800    483.5 |     710.4 |     698.4
     801    483.7 |     711.6 |     702.8
     802    484.9 |     722.1 |     705.9
     803    486.6 |     725.4 |     707.7
     804    487.1 |     727.9 |     708.1
     805    487.5 |     744.7 |     712.2
     806    487.8 |     749.8 |     712.8
     807    488.7 |     750.6 |     713.2
     808    492.7 |     750.9 |     713.8
     809    495.0 |     751.1 |     715.3
     810    495.5 |     753.7 |     718.8
     811    496.2 |     754.1 |     722.1
     812    496.8 |     754.3 |     722.3
     813    498.3 |     765.2 |     725.1
     814    500.7 |     767.8 |     726.2
     815    501.9 |     773.0 |     726.4
     816    503.7 |     773.4 |     727.6
     817    509.3 |     774.2 |     729.5
     818    509.4 |     775.3 |     729.9
     819    512.2 |     778.4 |     730.6
     820    513.2 |     781.0 |     731.4
     821    514.3 |     785.7 |     731.5
     822    514.8 |     789.3 |     731.6
     823    518.4 |     805.4 |     731.7
     824    518.9 |     829.8 |     731.8
     825    525.4 |     830.5 |     733.8
     826    530.8 |     831.6 |     736.1
     827    536.2 |     834.4 |     736.9
     828    544.1 |     842.1 |     740.9
     829    547.8 |     845.4 |     744.3
     830    547.9 |     850.7 |     747.8
     831    557.1 |     858.0 |     747.8
     832    559.8 |     870.6 |     748.4
     833    559.9 |     871.4 |     748.8
     834    560.2 |     873.8 |     749.5
     835    562.9 |     880.1 |     749.5
     836    563.9 |     886.5 |     753.1
     837    567.1 |     887.3 |     753.2
     838    567.9 |     887.8 |     753.3
     839    568.5 |     893.4 |     753.8
     840    573.4 |     904.5 |     753.9
     841    573.5 |     911.7 |     753.9
     842    574.2 |     912.3 |     758.0
     843    574.3 |     914.6 |     758.4
     844    575.8 |     925.8 |     758.6
     845    579.4 |     931.1 |     758.7
     846    579.5 |     933.3 |     758.7
     847    581.1 |     933.7 |     758.7
     848    581.9 |     942.6 |     758.7
     849    586.9 |     944.5 |     758.8
     850    592.0 |     949.4 |     758.8
     851    592.8 |     950.3 |     758.8
     852    592.9 |     950.4 |     758.8
     853    597.1 |     952.3 |     758.8
     854    597.1 |     954.5 |     758.9
     855    599.4 |     954.7 |     758.9
     856    606.6 |     954.7 |     758.9
     857    615.8 |     954.9 |     758.9
     858    617.2 |     959.4 |     758.9
     859    621.5 |     962.7 |     758.9
     860    647.1 |     962.7 |     758.9
     861    648.0 |     965.2 |     759.0
     862    672.9 |     966.6 |     759.9
     863    674.3 |     967.1 |     760.7
     864    676.0 |     967.7 |     761.7
     865    676.7 |     968.4 |     761.7
     866    677.0 |     968.7 |     761.7
     867    677.7 |     969.2 |     762.0
     868    678.7 |     970.2 |     763.9
     869    678.9 |     972.9 |     763.9
     870    679.0 |     973.6 |     764.1
     871    681.5 |     975.0 |     764.1
     872    681.6 |     975.8 |     764.2
     873    681.7 |     976.0 |     764.3
     874    681.9 |     978.0 |     764.8
     875    682.5 |     979.3 |     765.0
     876    683.1 |     983.6 |     765.1
     877    684.6 |     985.5 |     765.2
     878    685.3 |     988.9 |     765.4
     879    686.6 |     989.7 |     766.0
     880    686.7 |     996.3 |     768.3
     881    686.9 |     997.4 |     769.6
     882    689.1 |    1001.6 |     771.0
     883    689.4 |    1003.9 |     771.2
     884    690.2 |    1005.4 |     773.6
     885    690.9 |    1005.7 |     775.9
     886    691.6 |    1005.9 |     776.2
     887    692.6 |    1008.5 |     779.2
     888    693.0 |    1011.5 |     780.1
     889    693.9 |    1018.7 |     780.2
     890    694.2 |    1036.3 |     785.9
     891    694.6 |    1036.9 |     787.1
     892    694.9 |    1041.1 |     788.3
     893    694.9 |    1042.7 |     791.5
     894    697.2 |    1048.3 |     791.5
     895    697.7 |    1057.5 |     792.1
     896    698.4 |    1058.9 |     798.0
     897    698.6 |    1067.9 |     798.8
     898    698.8 |    1089.3 |     798.9
     899    700.1 |    1094.1 |     799.4
     900    700.4 |    1104.6 |     800.7
     901    700.5 |    1109.7 |     804.0
     902    703.6 |    1109.7 |     804.2
     903    705.3 |    1111.4 |     805.1
     904    710.9 |    1111.6 |     806.3
     905    714.3 |    1112.2 |     806.5
     906    717.5 |    1112.4 |     806.6
     907    721.4 |    1112.5 |     806.7
     908    721.6 |    1112.8 |     806.7
     909    723.2 |    1113.4 |     806.8
     910    724.2 |    1113.7 |     806.8
     911    725.1 |    1114.0 |     807.1
     912    730.2 |    1114.3 |     807.3
     913    731.7 |    1114.5 |     807.4
     914    733.7 |    1115.3 |     807.4
     915    749.2 |    1115.8 |     809.4
     916    752.9 |    1117.7 |     814.1
     917    754.1 |    1117.9 |     814.1
     918    755.0 |    1122.9 |     814.3
     919    755.5 |    1123.7 |     815.5
     920    757.6 |    1123.8 |     816.8
     921    759.7 |    1134.5 |     817.9
     922    760.7 |    1134.7 |     820.0
     923    761.0 |    1135.6 |     827.6
     924    761.1 |    1145.5 |     829.5
     925    761.7 |    1145.9 |     829.8
     926    761.8 |    1146.4 |     831.1
     927    762.2 |    1147.3 |     831.1
     928    762.7 |    1157.0 |     831.6
     929    762.9 |    1157.3 |     833.5
     930    764.2 |    1157.5 |     834.2
     931    764.5 |    1159.5 |     834.5
     932    764.6 |    1169.5 |     835.3
     933    764.9 |    1170.0 |     835.8
     934    765.5 |    1174.2 |     836.6
     935    766.3 |    1174.5 |     836.6
     936    767.9 |    1176.4 |     836.7
     937    768.5 |    1177.9 |     836.9
     938    768.6 |    1180.1 |     837.0
     939    769.6 |    1180.7 |     837.1
     940    770.6 |    1180.8 |     837.3
     941    770.9 |    1183.9 |     837.7
     942    771.0 |    1184.7 |     837.8
     943    771.1 |    1188.0 |     838.3
     944    771.7 |    1188.1 |     838.6
     945    772.2 |    1189.1 |     838.8
     946    772.4 |    1189.3 |     838.9
     947    772.5 |    1193.2 |     839.0
     948    772.6 |    1194.6 |     839.0
     949    772.9 |    1199.5 |     839.0
     950    777.5 |    1202.7 |     839.5
     951    777.8 |    1204.1 |     839.7
     952    778.2 |    1204.4 |     840.3
     953    779.0 |    1213.3 |     840.5
     954    780.3 |    1218.0 |     840.7
     955    781.5 |    1218.0 |     840.8
     956    785.9 |    1226.2 |     840.9
     957    790.1 |    1244.8 |     840.9
     958    791.1 |    1245.0 |     841.0
     959    793.8 |    1249.1 |     841.0
     960    795.2 |    1274.1 |     841.1
     961    797.6 |    1275.0 |     841.2
     962    798.0 |    1275.7 |     841.4
     963    798.0 |    1290.3 |     841.6
     964    801.7 |    1317.8 |     841.9
     965    801.7 |    1318.6 |     842.0
     966    803.3 |    1319.4 |     842.0
     967    804.4 |    1325.3 |     842.1
     968    804.6 |    1335.4 |     842.3
     969    804.9 |    1336.3 |     842.5
     970    805.4 |    1337.3 |     842.7
     971    806.2 |    1344.4 |     842.8
     972    807.2 |    1354.1 |     843.0
     973    807.3 |    1354.6 |     843.2
     974    808.5 |    1355.3 |     844.1
     975    808.6 |    1356.2 |     844.8
     976    810.2 |    1362.7 |     845.4
     977    812.3 |    1364.0 |     846.2
     978    818.8 |    1365.7 |     846.2
     979    818.9 |    1374.7 |     846.7
     980    819.2 |    1384.5 |     846.8
     981    819.5 |    1399.6 |     846.9
     982    819.6 |    1400.4 |     847.0
     983    821.7 |    1402.7 |     847.1
     984    823.2 |    1404.1 |     847.4
     985    823.6 |    1407.5 |     847.5
     986    825.4 |    1419.8 |     847.5
     987    825.6 |    1420.3 |     847.5
     988    826.5 |    1426.1 |     847.6
     989    826.9 |    1435.4 |     847.6
     990    828.6 |    1435.8 |     847.8
     991    828.7 |    1436.1 |     847.9
     992    829.4 |    1438.2 |     848.5
     993    831.5 |    1439.7 |     848.5
     994    832.7 |    1446.0 |     848.6
     995    833.0 |    1446.3 |     848.7
     996    833.5 |    1446.9 |     848.7
     997    834.6 |    1447.5 |     848.7
     998    834.7 |    1448.0 |     848.8
     999    834.8 |    1448.1 |     849.0
    1000    834.9 |    1448.5 |     849.0
    1001    836.6 |    1448.7 |     849.2
    1002    838.5 |    1449.0 |     849.5
    1003    841.5 |    1450.0 |     849.5
    1004    842.6 |    1450.3 |     849.7
    1005    842.9 |    1450.4 |     849.8
    1006    843.5 |    1450.6 |     850.0
    1007    844.3 |    1450.6 |     850.1
    1008    845.8 |    1451.1 |     850.3
    1009    846.0 |    1451.3 |     850.5
    1010    848.2 |    1453.9 |     850.5
    1011    849.9 |    1454.5 |     850.8
    1012    852.8 |    1455.4 |     850.9
    1013    853.4 |    1455.5 |     850.9
    1014    854.3 |    1460.3 |     851.0
    1015    854.6 |    1475.8 |     851.1
    1016    855.4 |    1478.0 |     851.2
    1017    857.6 |    1479.1 |     851.2
    1018    859.3 |    1479.3 |     851.4
    1019    859.7 |    1480.2 |     851.5
    1020    860.1 |    1480.4 |     851.5
    1021    861.7 |    1480.6 |     851.6
    1022    862.0 |    1480.8 |     851.6
    1023    862.6 |    1480.8 |     851.6
    1024    863.1 |    1481.0 |     851.7
    1025    863.4 |    1481.4 |     851.8
    1026    863.8 |    1481.5 |     851.9
    1027    864.8 |    1482.0 |     852.2
    1028    867.0 |    1482.4 |     852.3
    1029    867.5 |    1484.4 |     852.5
    1030    868.0 |    1485.6 |     852.6
    1031    868.0 |    1486.7 |     852.8
    1032    869.0 |    1487.6 |     852.9
    1033    870.0 |    1488.6 |     853.3
    1034    870.1 |    1490.1 |     853.5
    1035    870.8 |    1490.6 |     853.6
    1036    871.3 |    1490.6 |     853.6
    1037    877.2 |    1491.9 |     854.1
    1038    879.2 |    1512.7 |     854.3
    1039    883.6 |    1513.0 |     854.3
    1040    884.2 |    1514.9 |     854.8
    1041    884.4 |    1526.6 |     855.8
    1042    885.2 |    1545.9 |     856.2
    1043    887.7 |    1600.5 |     856.5
    1044    888.6 |    1607.6 |     856.7
    1045    890.3 |    1607.9 |     857.6
    1046    892.2 |    1608.4 |     857.6
    1047    892.3 |    1608.8 |     857.7
    1048    892.9 |    1608.9 |     857.8
    1049    892.9 |    1609.2 |     857.9
    1050    893.5 |    1609.5 |     858.1
    1051    894.3 |    1609.6 |     858.7
    1052    895.2 |    1609.8 |     859.5
    1053    895.8 |    1609.9 |     859.5
    1054    898.1 |    1610.2 |     859.6
    1055    900.0 |    1610.4 |     859.7
    1056    901.1 |    1611.1 |     859.9
    1057    903.2 |    1611.4 |     859.9
    1058    903.4 |    1611.5 |     860.0
    1059    903.5 |    1611.7 |     860.3
    1060    905.1 |    1611.7 |     860.3
    1061    910.5 |    1612.8 |     860.6
    1062    911.2 |    1613.8 |     861.0
    1063    911.7 |    1614.2 |     861.0
    1064    912.0 |    1620.1 |     861.6
    1065    913.4 |    1620.3 |     861.7
    1066    914.8 |    1620.7 |     862.0
    1067    915.7 |    1621.7 |     862.0
    1068    916.0 |    1622.4 |     862.0
    1069    916.3 |    1625.2 |     862.0
    1070    919.4 |    1625.5 |     862.0
    1071    920.5 |    1651.9 |     862.1
    1072    921.8 |    1661.2 |     862.1
    1073    922.3 |    1670.8 |     862.1
    1074    924.5 |    1705.1 |     862.1
    1075    924.9 |    2551.9 |     862.3
    1076    925.5 |    2554.3 |     862.3
    1077    926.1 |    2555.0 |     862.3
    1078    927.9 |    2558.1 |     862.4
    1079    929.5 |    2558.8 |     862.4
    1080    930.3 |    2559.3 |     862.4
    1081    930.5 |    2559.7 |     862.4
    1082    930.7 |    2561.2 |     862.4
    1083    932.7 |    2565.4 |     862.4
    1084    933.4 |    2565.6 |     862.4
    1085    934.8 |    2569.1 |     862.5
    1086    935.3 |    2570.0 |     862.6
    1087    935.7 |    2572.0 |     862.6
    1088    936.5 |    2573.2 |     862.6
    1089    936.9 |    2579.0 |     862.6
    1090    938.1 |    2579.6 |     862.6
    1091    938.6 |    2579.6 |     862.6
    1092    938.8 |    2585.8 |     862.7
    1093    939.7 |    2586.3 |     862.7
    1094    939.8 |    2586.8 |     862.8
    1095    940.3 |    2587.4 |     862.8
    1096    940.4 |    2589.4 |     862.8
    1097    941.1 |    2590.6 |     862.9
    1098    942.5 |    2592.5 |     863.0
    1099    944.4 |    2592.5 |     863.1
    1100    945.7 |    2594.6 |     863.2
    1101    945.8 |    2595.8 |     863.2
    1102    949.9 |    2595.8 |     863.4
    1103    950.0 |    2598.5 |     863.4
    1104    950.2 |    2598.6 |     863.5
    1105    951.2 |    2598.8 |     863.5
    1106    952.5 |    2599.1 |     863.6
    1107    954.5 |    2600.5 |     863.6
    1108    954.9 |    2601.0 |     863.6
    1109    957.1 |    2601.7 |     863.6
    1110    957.7 |    2604.9 |     863.7
    1111    958.6 |    2607.8 |     863.8
    1112    960.3 |    2608.8 |     863.8
    1113    961.7 |    2610.4 |     863.8
    1114    962.1 |    2968.9 |     864.0
    1115    962.4 |    2978.7 |     864.0
    1116    965.4 |    2980.5 |     864.1
    1117    968.8 |    2983.0 |     864.2
    1118    969.3 |    2983.7 |     864.2
    1119    970.2 |    2993.0 |     864.3
    1120    973.0 |    3005.6 |     864.3
    1121    975.5 |    3005.7 |     864.4
    1122    978.0 |    3009.2 |     864.5
    1123    981.0 |    3009.9 |     864.6
    1124    981.2 |    3013.3 |     864.6
    1125    983.1 |    3015.0 |     864.9
    1126    987.5 |    3015.2 |     866.3
    1127    987.7 |    3017.3 |     866.4
    1128    988.0 |    3021.9 |     866.4
    1129    993.7 |    3022.5 |     866.5
    1130    994.1 |    3030.4 |     866.6
    1131    994.3 |    3033.4 |     866.7
    1132    997.6 |    3038.3 |     866.7
    1133   1000.4 |    3039.1 |     866.7
    1134   1003.3 |    3040.8 |     866.8
    1135   1004.3 |    3044.3 |     866.8
    1136   1004.5 |    3046.9 |     866.9
    1137   1004.7 |    3050.3 |     866.9
    1138   1005.1 |    3050.6 |     866.9
    1139   1005.4 |    3052.4 |     866.9
    1140   1005.8 |    3059.6 |     867.0
    1141   1006.7 |    3065.2 |     867.0
    1142   1010.3 |    3067.0 |     867.1
    1143   1012.6 |    3074.8 |     867.2
    1144   1018.6 |    3077.4 |     867.2
    1145   1039.4 |    3082.8 |     867.3
    1146   1040.7 |    3087.6 |     867.3
    1147   1040.9 |    3089.5 |     867.7
    1148   1057.0 |    3092.3 |     867.7
    1149   1060.9 |    3092.6 |     868.1
    1150   1063.6 |    3093.9 |     868.2
    1151   1065.1 |    3096.5 |     868.3
    1152   1065.7 |    3096.7 |     868.3
    1153   1066.3 |    3099.8 |     868.5
    1154   1068.2 |    3100.1 |     868.7
    1155   1069.5 |    3100.9 |     868.8
    1156   1070.2 |    3101.4 |     869.4
    1157   1072.1 |    3101.6 |     869.6
    1158   1072.7 |    3102.9 |     869.7
    1159   1073.3 |    3103.2 |     869.7
    1160   1075.8 |    3103.9 |     869.7
    1161   1078.6 |    3105.4 |     869.7
    1162   1079.1 |    3106.1 |     869.8
    1163   1082.7 |    3106.3 |     870.0
    1164   1084.2 |    3106.8 |     870.2
    1165   1084.6 |    3107.4 |     870.3
    1166   1087.3 |    3108.2 |     870.3
    1167   1088.0 |    3109.1 |     870.3
    1168   1089.2 |    3109.2 |     870.3
    1169   1090.8 |    3109.9 |     870.3
    1170   1090.9 |    3110.7 |     870.3
    1171   1091.5 |    3110.8 |     870.4
    1172   1093.0 |    3112.2 |     870.4
    1173   1094.5 |    3112.5 |     870.6
    1174   1094.6 |    3113.0 |     870.7
    1175   1096.8 |    3113.2 |     870.7
    1176   1100.1 |    3114.4 |     871.0
    1177   1104.3 |    3114.7 |     871.7
    1178   1105.6 |    3115.1 |     872.0
    1179   1105.8 |    3116.0 |     872.2
    1180   1106.2 |    3116.0 |     872.3
    1181   1108.2 |    3116.2 |     872.3
    1182   1109.8 |    3116.5 |     872.4
    1183   1111.8 |    3117.0 |     872.6
    1184   1113.9 |    3118.7 |     872.7
    1185   1117.1 |    3119.5 |     872.7
    1186   1117.5 |    3121.7 |     872.7
    1187   1120.2 |    3122.0 |     872.8
    1188   1124.0 |    3123.1 |     872.8
    1189   1124.4 |    3124.7 |     872.8
    1190   1126.7 |    3126.0 |     872.9
    1191   1128.7 |    3126.1 |     873.1
    1192   1128.8 |    3127.8 |     873.2
    1193   1129.5 |    3132.4 |     873.2
    1194   1130.5 |    3132.7 |     873.2
    1195   1131.8 |    3134.3 |     873.2
    1196   1132.5 |    3135.0 |     873.3
    1197   1133.2 |    3137.4 |     873.3
    1198   1133.9 |    3138.6 |     873.4
    1199   1134.1 |    3139.6 |     873.4
    1200   1134.6 |    3139.8 |     873.5
    1201   1135.6 |    3140.3 |     873.8
    1202   1136.5 |    3140.9 |     873.8
    1203   1136.6 |    3142.1 |     874.0
    1204   1136.7 |    3142.6 |     874.0
    1205   1136.8 |    3143.1 |     874.1
    1206   1137.4 |    3145.3 |     874.3
    1207   1138.0 |    3146.1 |     874.5
    1208   1138.0 |    3146.2 |     874.6
    1209   1138.0 |    3146.3 |     874.7
    1210   1139.0 |    3146.3 |     875.0
    1211   1139.1 |    3146.5 |     875.1
    1212   1139.5 |    3146.9 |     875.5
    1213   1140.0 |    3147.1 |     875.9
    1214   1140.3 |    3151.4 |     876.0
    1215   1140.4 |    3152.3 |     876.5
    1216   1140.6 |    3153.1 |     876.6
    1217   1140.8 |    3153.8 |     878.0
    1218   1141.4 |    3154.0 |     878.4
    1219   1142.9 |    3154.1 |     878.5
    1220   1143.0 |    3154.2 |     880.1
    1221   1143.4 |    3154.3 |     880.5
    1222   1143.4 |    3154.8 |     880.5
    1223   1143.4 |    3155.8 |     881.6
    1224   1144.4 |    3156.4 |     881.6
    1225   1145.3 |    3157.2 |     881.8
    1226   1145.6 |    3157.2 |     881.8
    1227   1145.7 |    3159.5 |     881.9
    1228   1148.8 |    3159.6 |     882.0
    1229   1149.7 |    3159.8 |     882.1
    1230   1149.9 |    3160.0 |     882.2
    1231   1150.1 |    3160.1 |     882.2
    1232   1151.9 |    3162.7 |     882.2
    1233   1152.1 |    3163.0 |     882.2
    1234   1152.8 |    3163.1 |     882.2
    1235   1154.3 |    3164.1 |     882.2
    1236   1155.6 |    3164.2 |     882.2
    1237   1156.9 |    3164.5 |     882.3
    1238   1157.3 |    3165.7 |     882.3
    1239   1159.1 |    3166.5 |     882.3
    1240   1163.1 |    3166.8 |     882.3
    1241   1163.6 |    3167.1 |     882.4
    1242   1165.4 |    3168.3 |     882.4
    1243   1166.5 |    3170.5 |     882.4
    1244   1167.8 |    3170.8 |     882.4
    1245   1169.8 |    3171.2 |     882.6
    1246   1170.1 |    3172.0 |     882.7
    1247   1170.3 |    3172.1 |     882.7
    1248   1170.5 |    3172.5 |     883.0
    1249   1170.7 |    3172.7 |     883.1
    1250   1170.8 |    3173.1 |     883.4
    1251   1172.3 |    3173.3 |     883.5
    1252   1174.0 |    3173.5 |     883.8
    1253   1174.2 |    3173.6 |     883.9
    1254   1174.9 |    3173.9 |     884.0
    1255   1175.6 |    3174.6 |     884.0
    1256   1175.7 |    3176.2 |     884.0
    1257   1176.7 |    3176.4 |     884.1
    1258   1177.9 |    3176.5 |     884.1
    1259   1179.8 |    3176.9 |     884.2
    1260   1179.8 |    3177.9 |     884.5
    1261   1180.0 |    3178.0 |     884.5
    1262   1180.6 |    3178.5 |     884.7
    1263   1180.9 |    3178.8 |     884.7
    1264   1180.9 |    3178.8 |     884.7
    1265   1182.0 |    3178.9 |     885.2
    1266   1182.7 |    3180.0 |     885.3
    1267   1183.4 |    3180.1 |     885.4
    1268   1183.5 |    3180.5 |     885.8
    1269   1183.5 |    3181.7 |     886.0
    1270   1183.9 |    3181.7 |     886.0
    1271   1184.7 |    3181.9 |     886.0
    1272   1185.4 |    3182.4 |     886.2
    1273   1186.4 |    3182.5 |     886.3
    1274   1188.3 |    3182.6 |     886.3
    1275   1188.7 |    3182.9 |     886.5
    1276   1188.9 |    3185.3 |     886.5
    1277   1189.0 |    3185.7 |     886.5
    1278   1190.2 |    3186.5 |     887.2
    1279   1191.1 |    3186.9 |     887.3
    1280   1191.7 |    3187.2 |     887.4
    1281   1192.4 |    3187.4 |     887.7
    1282   1193.1 |    3187.6 |     888.0
    1283   1193.9 |    3188.5 |     888.5
    1284   1193.9 |    3190.2 |     889.1
    1285   1195.2 |    3190.4 |     889.2
    1286   1197.0 |    3191.4 |     889.2
    1287   1199.9 |    3192.0 |     889.5
    1288   1200.9 |    3192.4 |     890.6
    1289   1201.0 |    3192.8 |     890.7
    1290   1201.2 |    3193.1 |     892.7
    1291   1201.6 |    3194.0 |     892.8
    1292   1202.4 |    3194.2 |     893.3
    1293   1202.7 |    3195.0 |     894.1
    1294   1202.8 |    3195.1 |     895.4
    1295   1203.5 |    3195.7 |     896.5
    1296   1204.8 |    3195.9 |     896.9
    1297   1204.8 |    3197.2 |     897.1
    1298   1206.7 |    3199.0 |     897.8
    1299   1207.7 |    3199.1 |     898.0
    1300   1209.5 |    3199.2 |     898.7
    1301   1212.0 |    3199.6 |     898.8
    1302   1212.1 |    3199.7 |     899.0
    1303   1213.3 |    3199.9 |     899.0
    1304   1213.4 |    3200.0 |     899.6
    1305   1213.5 |    3200.4 |     899.6
    1306   1213.6 |    3203.7 |     899.7
    1307   1213.9 |    3204.2 |     899.7
    1308   1215.6 |    3205.5 |     900.1
    1309   1216.0 |    3205.6 |     900.3
    1310   1217.0 |    3206.3 |     900.5
    1311   1217.8 |    3207.1 |     900.5
    1312   1217.8 |    3207.4 |     900.8
    1313   1218.0 |    3207.7 |     900.8
    1314   1218.1 |    3208.0 |     900.9
    1315   1218.7 |    3208.2 |     900.9
    1316   1221.0 |    3208.5 |     900.9
    1317   1221.5 |    3208.5 |     900.9
    1318   1221.9 |    3209.2 |     901.0
    1319   1223.5 |    3209.3 |     901.0
    1320   1224.2 |    3209.4 |     901.0
    1321   1224.2 |    3209.4 |     901.0
    1322   1225.0 |    3209.8 |     901.1
    1323   1225.1 |    3210.1 |     901.2
    1324   1225.1 |    3210.1 |     901.3
    1325   1225.6 |    3210.3 |     901.7
    1326   1225.7 |    3210.6 |     901.9
    1327   1225.9 |    3210.6 |     902.0
    1328   1226.0 |    3211.2 |     902.2
    1329   1226.4 |    3211.3 |     902.9
    1330   1226.7 |    3212.1 |     903.1
    1331   1226.9 |    3212.5 |     903.2
    1332   1227.0 |    3213.0 |     903.7
    1333   1227.1 |    3213.2 |     904.1
    1334   1227.3 |    3213.3 |     904.2
    1335   1227.4 |    3213.7 |     904.3
    1336   1228.2 |    3214.2 |     904.3
    1337   1228.8 |    3214.3 |     904.6
    1338   1229.3 |    3214.5 |     904.7
    1339   1230.0 |    3214.7 |     904.9
    1340   1230.3 |    3215.1 |     905.1
    1341   1231.1 |    3215.3 |     905.3
    1342   1231.1 |    3215.4 |     905.4
    1343   1232.4 |    3215.5 |     905.4
    1344   1233.1 |    3215.7 |     905.5
    1345   1234.4 |    3215.9 |     905.6
    1346   1234.5 |    3216.0 |     905.7
    1347   1234.8 |    3216.3 |     905.9
    1348   1234.8 |    3216.8 |     906.7
    1349   1235.0 |    3216.9 |     907.1
    1350   1235.7 |    3216.9 |     907.1
    1351   1236.4 |    3216.9 |     907.2
    1352   1237.6 |    3217.0 |     907.5
    1353   1237.8 |    3217.4 |     907.6
    1354   1237.9 |    3217.5 |     908.0
    1355   1237.9 |    3218.2 |     908.3
    1356   1238.8 |    3218.3 |     908.7
    1357   1238.9 |    3218.3 |     908.7
    1358   1239.4 |    3218.5 |     909.7
    1359   1239.9 |    3218.6 |     909.7
    1360   1242.2 |    3220.2 |     909.8
    1361   1242.2 |    3220.2 |     910.0
    1362   1242.2 |    3220.4 |     910.1
    1363   1242.4 |    3221.0 |     910.5
    1364   1243.1 |    3221.2 |     911.2
    1365   1245.1 |    3221.2 |     911.9
    1366   1246.3 |    3221.6 |     912.2
    1367   1249.3 |    3221.7 |     912.3
    1368   1250.2 |    3221.9 |     912.8
    1369   1251.3 |    3222.1 |     913.4
    1370   1252.5 |    3222.1 |     913.7
    1371   1253.5 |    3222.2 |     914.4
    1372   1253.6 |    3222.7 |     914.8
    1373   1255.3 |    3222.8 |     914.8
    1374   1258.3 |    3223.0 |     914.9
    1375   1260.9 |    3223.0 |     915.2
    1376   1261.6 |    3223.4 |     915.3
    1377   1266.8 |    3223.6 |     915.5
    1378   1267.4 |    3223.8 |     915.6
    1379   1271.1 |    3223.8 |     915.9
    1380   1279.5 |    3224.2 |     918.9
    1381   1281.6 |    3224.5 |     920.6
    1382   1281.6 |    3224.6 |     921.0
    1383   1282.1 |    3224.7 |     922.7
    1384   1283.1 |    3224.8 |     923.6
    1385   1297.4 |    3224.9 |     923.7
    1386   1301.6 |    3225.5 |     923.7
    1387   1301.9 |    3225.7 |     925.8
    1388   1302.2 |    3225.8 |     927.7
    1389   1302.7 |    3226.0 |     927.7
    1390   1303.7 |    3226.1 |     929.1
    1391   1306.9 |    3226.2 |     930.6
    1392   1307.5 |    3227.0 |     931.0
    1393   1321.6 |    3227.2 |     931.7
    1394   1331.3 |    3227.3 |     932.0
    1395   1333.2 |    3227.6 |     932.6
    1396   1345.3 |    3227.9 |     933.1
    1397   1351.0 |    3228.8 |     933.3
    1398   1357.6 |    3229.1 |     934.7
    1399   1360.1 |    3229.1 |     936.5
    1400   1361.9 |    3229.4 |     936.5
    1401   1362.5 |    3230.4 |     936.5
    1402   1362.8 |    3231.0 |     936.8
    1403   1363.9 |    3231.6 |     937.5
    1404   1364.7 |    3237.2 |     939.4
    1405   1364.9 |    3239.0 |     939.6
    1406   1365.6 |    3244.2 |     939.6
    1407   1369.8 |    3244.4 |     939.8
    1408   1370.6 |    3245.5 |     940.3
    1409   1370.8 |    3246.3 |     940.8
    1410   1371.0 |    3252.6 |     940.8
    1411   1371.6 |    3255.1 |     942.0
    1412   1373.7 |    3257.4 |     942.1
    1413   1374.8 |    3260.5 |     943.8
    1414   1375.3 |    3260.9 |     945.6
    1415   1377.8 |    3262.4 |     945.8
    1416   1378.4 |    3265.3 |     945.9
    1417   1380.7 |    3283.8 |     945.9
    1418   1382.7 |    3284.3 |     945.9
    1419   1384.6 |    3436.1 |     947.3
    1420   1389.0 |    3450.9 |     947.4
    1421   1389.2 |    3451.5 |     947.6
    1422   1390.7 |    3452.8 |     948.1
    1423   1390.9 |    3455.8 |     948.8
    1424   1391.8 |    3456.9 |     949.1
    1425   1395.3 |    3460.2 |     949.2
    1426   1397.5 |    3463.3 |     949.6
    1427   1407.2 |    3463.8 |     949.7
    1428   1409.1 |    3464.3 |     951.4
    1429   1415.7 |    3464.5 |     952.1
    1430   1421.6 |    3464.5 |     953.7
    1431   1426.3 |    3464.6 |     953.8
    1432   1426.8 |    3464.8 |     955.6
    1433   1432.9 |    3464.8 |     956.0
    1434   1435.1 |    3465.5 |     956.3
    1435   1436.0 |    3467.1 |     957.6
    1436   1436.5 |    3470.4 |     957.9
    1437   1436.9 |    3473.9 |     957.9
    1438   1437.7 |    3491.0 |     958.0
    1439   1438.4 |    3493.9 |     958.1
    1440   1439.9 |    3494.3 |     958.2
    1441   1441.5 |    3495.7 |     958.2
    1442   1442.4 |    3496.3 |     958.3
    1443   1443.2 |    3497.5 |     958.3
    1444   1445.3 |    3497.9 |     958.4
    1445   1445.7 |    3498.4 |     958.5
    1446   1449.1 |    3498.4 |     959.5
    1447   1451.5 |    3498.6 |     959.6
    1448   1452.1 |    3498.8 |     960.2
    1449   1452.3 |    3499.6 |     960.3
    1450   1452.5 |    3501.4 |     960.7
    1451   1453.2 |    3522.8 |     960.9
    1452   1453.4 |    3545.6 |     961.7
    1453   1453.5 |    3553.4 |     961.9
    1454   1455.9 |    3557.7 |     962.4
    1455   1457.7 |    3558.3 |     963.2
    1456   1458.1 |    3559.7 |     964.4
    1457   1459.1 |    3561.9 |     964.7
    1458   1459.7 |    3562.4 |     965.4
    1459   1461.7 |    3564.5 |     966.1
    1460   1462.0 |    3566.4 |     966.5
    1461   1465.1 |    3567.3 |     967.1
    1462   1467.4 |    3567.6 |     969.0
    1463   1468.7 |    3567.7 |     969.9
    1464   1470.3 |    3568.5 |     970.3
    1465   1470.8 |    3570.2 |     970.4
    1466   1473.4 |    3570.6 |     972.7
    1467   1602.2 |    3571.0 |     975.7
    1468   1603.5 |    3571.1 |     976.1
    1469   1603.6 |    3571.1 |     978.5
    1470   1603.6 |    3571.3 |     979.4
    1471   1605.6 |    3571.8 |     979.5
    1472   1606.4 |    3572.0 |     979.5
    1473   1608.2 |    3572.0 |     982.6
    1474   1610.0 |    3572.2 |     983.5
    1475   1610.9 |    3572.5 |     983.6
    1476   1611.0 |    3574.5 |     983.6
    1477   1611.1 |    3576.5 |     983.9
    1478   1612.4 |    3576.7 |     983.9
    1479   1613.5 |    3577.7 |     983.9
    1480   1614.3 |    3577.8 |     984.0
    1481   1615.5 |    3577.9 |     984.0
    1482   1618.3 |    3578.3 |     984.1
    1483   1618.4 |    3578.4 |     984.2
    1484   1618.8 |    3579.7 |     984.2
    1485   1628.7 |    3580.0 |     984.3
    1486   1629.0 |    3580.2 |     984.5
    1487   1630.1 |    3580.3 |     986.5
    1488   1630.6 |    3580.4 |     987.3
    1489   1633.3 |    3581.3 |     987.7
    1490   1633.8 |    3586.1 |     988.0
    1491   1635.0 |    3588.8 |     988.1
    1492   1637.9 |    3589.7 |     989.0
    1493   1638.7 |    3591.0 |     989.2
    1494   1639.6 |    3593.4 |     989.9
    1495   1641.4 |    3595.7 |     990.0
    1496   1642.4 |    3596.0 |    1000.8
    1497   1645.0 |    3596.1 |    1003.2
    1498   1645.3 |    3596.9 |    1006.1
    1499   1649.9 |    3596.9 |    1008.2
    1500   2428.5 |    3597.9 |    1011.3
    1501   2431.9 |    3598.0 |    1011.4
    1502   2434.5 |    3598.0 |    1011.4
    1503   2436.6 |    3598.3 |    1011.9
    1504   2437.5 |    3599.4 |    1012.0
    1505   2442.5 |    3600.6 |    1012.0
    1506   2445.3 |    3601.4 |    1012.0
    1507   2454.8 |    3601.5 |    1012.0
    1508   2463.4 |    3601.8 |    1012.1
    1509   2465.5 |    3602.8 |    1012.1
    1510   2467.6 |    3603.3 |    1012.2
    1511   2467.8 |    3605.0 |    1012.2
    1512   2470.4 |    3605.3 |    1012.2
    1513   2470.9 |    3605.4 |    1012.3
    1514   2473.6 |    3606.3 |    1012.3
    1515   2475.8 |    3606.3 |    1012.3
    1516   2481.9 |    3606.7 |    1012.4
    1517   2904.8 |    3607.1 |    1012.4
    1518   2941.3 |    3607.4 |    1012.4
    1519   2963.4 |    3634.8 |    1012.5
  -------------------------------------------------------
    RMSD          |    1068.7 |     276.9
     MAE          |     663.9 |     188.7
=========================================================



==========================================
  TIMING [JAX (gpu) + MM3 + JaxOpt L-BFGS]
==========================================
  Optimization S              1585.52 s
  Function Evaluations              200
  Per Evaluation S               7.93 s
==========================================


